* Measurement data measured by REW V5.31.3
* Source: USB-C to 3.5mm Headphone Jack Adapter, USB-C to 3.5mm Headphone Jack Adapter, 0, volume: 0.295
* Format: 256k Log Swept Sine, 4 sweeps at -12.0 dBFS with no timing reference
* Dated: Apr 12, 2025 3:46:51 PM
* REW Settings:
*  C-weighting compensation: Off
*  Target level: 75.0 dB
* Note: ; 
* Measurement: Acoustune HS1750 AEX07 R
* Smoothing: 1/24 octave
* Frequency Step: 1/48 octave
* Start Frequency: 20.300 Hz
*
* Freq(Hz)	SPL(dB)	Phase(degrees)
20.299999	95.473	-150.3181
20.600000	95.495	-150.7999
20.900000	95.519	-151.3018
21.200001	95.543	-151.7868
21.400000	95.558	-152.0967
21.799999	95.589	-152.6688
22.000000	95.605	-152.9245
22.400000	95.642	-153.3761
22.700001	95.675	-153.6822
23.000000	95.712	-153.9898
23.299999	95.749	-154.3242
23.600000	95.782	-154.6978
24.000000	95.814	-155.2464
24.299999	95.827	-155.6711
24.700001	95.836	-156.2178
25.000000	95.841	-156.6022
25.400000	95.853	-157.0912
25.799999	95.872	-157.5769
26.200001	95.892	-158.0641
26.500000	95.905	-158.4125
26.900000	95.917	-158.8180
27.200001	95.925	-159.0657
27.600000	95.942	-159.3445
28.000000	95.969	-159.6348
28.500000	96.011	-160.1266
29.000000	96.042	-160.7699
29.500000	96.051	-161.4168
30.000000	96.051	-161.9120
30.400000	96.059	-162.1935
30.700001	96.073	-162.3804
31.100000	96.096	-162.6531
31.500000	96.113	-162.9748
32.000000	96.118	-163.3990
32.500000	96.113	-163.7726
33.000000	96.115	-164.0933
33.500000	96.133	-164.4289
34.000000	96.159	-164.8214
34.500000	96.185	-165.2578
35.000000	96.206	-165.7193
35.500000	96.216	-166.1960
36.000000	96.209	-166.6366
36.500000	96.185	-166.9419
37.000000	96.163	-167.0632
37.500000	96.163	-167.0898
38.200001	96.198	-167.2760
38.700001	96.225	-167.6029
39.500000	96.252	-168.2656
40.000000	96.269	-168.6507
40.599998	96.291	-169.0485
41.200001	96.314	-169.3958
41.799999	96.339	-169.7871
42.500000	96.361	-170.4387
43.099998	96.359	-171.0552
43.700001	96.347	-171.4750
44.400002	96.350	-171.6464
45.000000	96.357	-171.6998
45.500000	96.349	-171.7505
46.200001	96.335	-171.8685
46.799999	96.347	-172.1272
47.500000	96.368	-172.5449
48.200001	96.375	-172.5748
48.700001	96.399	-172.3021
49.400002	96.469	-172.1538
50.000000	96.494	-172.7034
50.799999	96.405	-173.8722
51.500000	96.319	-174.4877
52.200001	96.321	-174.7446
53.000000	96.360	-175.0565
53.799999	96.353	-175.3830
54.500000	96.335	-175.6766
55.200001	96.331	-176.0551
56.000000	96.330	-176.4331
57.000000	96.318	-176.5851
58.000000	96.293	-176.7140
59.000000	96.272	-177.0953
60.000000	96.278	-177.5280
60.799999	96.286	-177.8014
61.500000	96.278	-177.9721
62.200001	96.265	-178.1216
63.000000	96.256	-178.3578
64.000000	96.255	-178.7450
65.000000	96.256	-179.0647
66.000000	96.254	-179.3427
67.000000	96.238	-179.7279
68.000000	96.207	179.8454
69.000000	96.184	179.5599
70.000000	96.180	179.3986
71.000000	96.181	179.2311
72.000000	96.179	178.9929
73.000000	96.171	178.6725
74.000000	96.156	178.3608
75.000000	96.147	178.0884
76.199997	96.135	177.7723
77.500000	96.109	177.4978
78.800003	96.073	177.2280
80.000000	96.050	176.9752
81.199997	96.033	176.6866
82.500000	96.017	176.3792
83.800003	96.013	176.0649
85.000000	96.006	175.8287
86.199997	95.985	175.6215
87.500000	95.954	175.3362
88.500000	95.928	175.1021
90.000000	95.885	174.8455
91.199997	95.861	174.6674
92.500000	95.842	174.3860
93.800003	95.824	174.0929
95.000000	95.807	173.8563
96.199997	95.785	173.6475
97.500000	95.754	173.4367
98.800003	95.723	173.2291
100.000000	95.701	173.0639
101.500000	95.677	172.8256
103.000000	95.646	172.5433
104.400002	95.613	172.3251
106.000000	95.579	172.0859
107.500000	95.550	171.8312
109.000000	95.528	171.6197
110.599998	95.502	171.4151
112.000000	95.472	171.2599
113.800003	95.429	171.0325
115.000000	95.400	170.8629
117.199997	95.340	170.6072
118.000000	95.317	170.5312
120.599998	95.256	170.3204
122.000000	95.227	170.2183
124.099998	95.168	170.0743
125.000000	95.141	170.0322
126.500000	95.094	170.0763
128.000000	95.062	170.1930
131.500000	95.035	169.6356
132.000000	95.029	169.5566
134.000000	95.004	169.4642
136.000000	94.973	169.4100
138.000000	94.935	169.2689
140.000000	94.888	169.0885
143.000000	94.824	168.8384
145.000000	94.788	168.7274
147.500000	94.729	168.6283
150.000000	94.675	168.5893
152.500000	94.637	168.3708
155.000000	94.592	168.2092
157.500000	94.537	168.1421
160.000000	94.483	168.1009
162.500000	94.424	168.0333
165.000000	94.362	167.9591
167.500000	94.298	167.8981
170.000000	94.238	167.8584
172.500000	94.175	167.8352
175.000000	94.111	167.8402
177.500000	94.047	167.8724
180.000000	93.986	167.9091
182.500000	93.927	167.9217
185.000000	93.868	167.9634
187.500000	93.809	168.0173
190.000000	93.752	168.0632
192.500000	93.695	168.1147
195.000000	93.636	168.1889
197.500000	93.578	168.3008
200.000000	93.524	168.4346
203.000000	93.460	168.5440
206.000000	93.396	168.6523
209.000000	93.338	168.7757
212.000000	93.279	168.9342
214.000000	93.237	169.0720
218.000000	93.157	169.3138
220.000000	93.119	169.4306
224.000000	93.043	169.7148
227.000000	92.988	169.9682
230.000000	92.937	170.2374
233.000000	92.890	170.5014
236.000000	92.848	170.7814
240.000000	92.787	171.0880
243.000000	92.739	171.3300
247.000000	92.681	171.7112
250.000000	92.643	172.0283
254.000000	92.599	172.4822
258.000000	92.557	172.8465
262.000000	92.510	173.2131
265.000000	92.472	173.4872
269.000000	92.424	173.8697
272.000000	92.390	174.1697
276.000000	92.346	174.6180
280.000000	92.305	175.0983
285.000000	92.266	175.6926
290.000000	92.240	176.2645
295.000000	92.217	176.7921
300.000000	92.196	177.2778
304.000000	92.181	177.6760
307.000000	92.170	177.9703
311.000000	92.152	178.3534
315.000000	92.133	178.7393
320.000000	92.113	179.2338
325.000000	92.100	179.7245
330.000000	92.091	-179.7830
335.000000	92.082	-179.3010
340.000000	92.078	-178.8287
345.000000	92.075	-178.3667
350.000000	92.075	-177.9202
355.000000	92.077	-177.4490
360.000000	92.084	-176.9990
365.000000	92.091	-176.5719
370.000000	92.100	-176.1610
375.000000	92.110	-175.7580
382.000000	92.130	-175.2126
387.000000	92.145	-174.8442
395.000000	92.169	-174.2949
400.000000	92.185	-173.9694
406.000000	92.205	-173.5867
412.000000	92.225	-173.2287
418.000000	92.246	-172.8847
425.000000	92.271	-172.4977
431.000000	92.293	-172.1801
437.000000	92.313	-171.8764
444.000000	92.335	-171.5573
450.000000	92.352	-171.3077
455.000000	92.369	-171.0953
462.000000	92.393	-170.8051
468.000000	92.411	-170.5776
475.000000	92.431	-170.3180
482.000000	92.450	-170.0677
487.000000	92.463	-169.8968
494.000000	92.483	-169.6702
500.000000	92.497	-169.4909
508.000000	92.510	-169.2394
515.000000	92.521	-169.0161
522.000000	92.533	-168.8101
530.000000	92.544	-168.5828
538.000000	92.554	-168.3488
545.000000	92.561	-168.1513
552.000000	92.566	-167.9551
560.000000	92.571	-167.7345
570.000000	92.574	-167.4637
580.000000	92.575	-167.1792
590.000000	92.575	-166.8914
600.000000	92.572	-166.6028
608.000000	92.568	-166.3580
615.000000	92.564	-166.1398
622.000000	92.560	-165.9185
630.000000	92.554	-165.6612
640.000000	92.544	-165.3290
650.000000	92.534	-164.9854
660.000000	92.525	-164.6295
670.000000	92.514	-164.2624
680.000000	92.503	-163.8762
690.000000	92.489	-163.4746
700.000000	92.476	-163.0641
710.000000	92.463	-162.6391
720.000000	92.451	-162.1935
730.000000	92.438	-161.7322
740.000000	92.426	-161.2547
750.000000	92.414	-160.7556
762.000000	92.401	-160.1429
775.000000	92.389	-159.4494
788.000000	92.382	-158.7164
800.000000	92.375	-158.0092
812.000000	92.368	-157.2942
825.000000	92.365	-156.4889
838.000000	92.367	-155.6562
850.000000	92.375	-154.8797
862.000000	92.388	-154.0977
875.000000	92.408	-153.2526
885.000000	92.427	-152.6046
900.000000	92.464	-151.6293
912.000000	92.499	-150.8516
925.000000	92.543	-150.0273
938.000000	92.592	-149.2191
950.000000	92.642	-148.4894
962.000000	92.695	-147.7702
975.000000	92.757	-147.0106
988.000000	92.823	-146.2757
1000.000000	92.888	-145.6184
1015.000000	92.973	-144.8340
1030.000000	93.061	-144.0853
1044.000000	93.146	-143.4222
1060.000000	93.246	-142.7030
1075.000000	93.342	-142.0687
1090.000000	93.439	-141.4788
1106.000000	93.544	-140.8934
1120.000000	93.636	-140.4077
1138.000000	93.754	-139.8296
1150.000000	93.831	-139.4708
1172.000000	93.971	-138.8618
1180.000000	94.021	-138.6537
1206.000000	94.182	-138.0190
1220.000000	94.267	-137.7004
1241.000000	94.392	-137.2536
1250.000000	94.446	-137.0717
1265.000000	94.538	-136.7791
1280.000000	94.631	-136.4955
1315.000000	94.843	-135.8579
1320.000000	94.872	-135.7685
1340.000000	94.989	-135.4173
1360.000000	95.104	-135.0748
1380.000000	95.217	-134.7350
1400.000000	95.330	-134.3941
1430.000000	95.496	-133.8967
1450.000000	95.607	-133.5630
1475.000000	95.745	-133.1490
1500.000000	95.886	-132.7407
1525.000000	96.028	-132.3374
1550.000000	96.171	-131.9402
1575.000000	96.316	-131.5496
1600.000000	96.461	-131.1692
1625.000000	96.605	-130.8106
1650.000000	96.751	-130.4669
1675.000000	96.899	-130.1400
1700.000000	97.051	-129.8378
1725.000000	97.206	-129.5637
1750.000000	97.365	-129.3159
1775.000000	97.526	-129.0978
1800.000000	97.690	-128.9169
1825.000000	97.857	-128.7737
1850.000000	98.027	-128.6719
1875.000000	98.199	-128.6141
1900.000000	98.374	-128.6012
1925.000000	98.550	-128.6404
1950.000000	98.728	-128.7319
1975.000000	98.908	-128.8766
2000.000000	99.089	-129.0807
2030.000000	99.307	-129.4041
2060.000000	99.526	-129.8164
2090.000000	99.742	-130.3220
2120.000000	99.955	-130.9218
2140.000000	100.094	-131.3757
2180.000000	100.364	-132.4124
2200.000000	100.494	-132.9969
2240.000000	100.741	-134.2967
2270.000000	100.914	-135.3784
2300.000000	101.073	-136.5455
2330.000000	101.218	-137.7914
2360.000000	101.347	-139.1092
2400.000000	101.491	-140.9565
2430.000000	101.578	-142.3951
2470.000000	101.663	-144.3596
2500.000000	101.703	-145.8500
2540.000000	101.728	-147.8309
2580.000000	101.719	-149.7712
2620.000000	101.676	-151.6423
2650.000000	101.624	-152.9843
2690.000000	101.530	-154.6713
2720.000000	101.442	-155.8482
2760.000000	101.307	-157.2881
2800.000000	101.153	-158.5741
2850.000000	100.942	-159.9552
2900.000000	100.715	-161.0838
2950.000000	100.478	-161.9661
3000.000000	100.236	-162.6172
3040.000000	100.043	-162.9791
3070.000000	99.899	-163.1631
3110.000000	99.710	-163.2994
3150.000000	99.526	-163.3183
3200.000000	99.305	-163.1933
3250.000000	99.093	-162.9170
3300.000000	98.894	-162.5029
3350.000000	98.706	-161.9664
3400.000000	98.532	-161.3239
3450.000000	98.371	-160.5857
3500.000000	98.225	-159.7610
3550.000000	98.092	-158.8626
3600.000000	97.974	-157.8980
3650.000000	97.870	-156.8775
3700.000000	97.781	-155.8099
3750.000000	97.706	-154.7005
3820.000000	97.627	-153.0868
3870.000000	97.587	-151.8991
3950.000000	97.555	-149.9603
4000.000000	97.552	-148.7351
4060.000000	97.564	-147.2563
4120.000000	97.596	-145.7793
4180.000000	97.650	-144.3142
4250.000000	97.742	-142.6298
4310.000000	97.846	-141.2209
4370.000000	97.974	-139.8556
4440.000000	98.156	-138.3336
4500.000000	98.340	-137.1122
4550.000000	98.514	-136.1697
4620.000000	98.790	-134.9996
4680.000000	99.055	-134.1634
4750.000000	99.395	-133.4171
4820.000000	99.766	-132.9554
4870.000000	100.049	-132.8237
4940.000000	100.469	-132.9588
5000.000000	100.846	-133.4137
5080.000000	101.366	-134.5835
5150.000000	101.823	-136.2029
5220.000000	102.262	-138.4248
5300.000000	102.719	-141.7163
5380.000000	103.096	-145.7928
5450.000000	103.334	-149.9529
5520.000000	103.456	-154.5499
5600.000000	103.427	-160.0717
5700.000000	103.127	-166.7879
5800.000000	102.576	-172.6410
5900.000000	101.856	-177.2293
6000.000000	101.050	179.5444
6080.000000	100.389	177.8754
6150.000000	99.819	176.9987
6220.000000	99.271	176.5924
6300.000000	98.686	176.6151
6400.000000	98.036	177.2424
6500.000000	97.470	178.3928
6600.000000	96.977	179.9388
6700.000000	96.554	-178.2230
6800.000000	96.198	-176.1655
6900.000000	95.907	-173.9412
7000.000000	95.682	-171.5907
7100.000000	95.523	-169.1574
7200.000000	95.433	-166.7087
7300.000000	95.406	-164.3025
7400.000000	95.442	-161.9586
7500.000000	95.540	-159.6865
7620.000000	95.748	-157.0959
7750.000000	96.095	-154.5543
7880.000000	96.578	-152.4372
8000.000000	97.136	-151.0568
8120.000000	97.799	-150.5071
8250.000000	98.674	-151.3359
8380.000000	99.707	-154.4179
8500.000000	100.710	-160.1108
8620.000000	101.560	-169.1075
8750.000000	101.986	177.8231
8850.000000	101.786	166.6447
9000.000000	100.590	151.2339
9120.000000	99.080	142.0103
9250.000000	97.215	135.7397
9380.000000	95.359	132.7865
9500.000000	93.763	132.2755
9620.000000	92.320	133.3346
9750.000000	90.942	135.8497
9880.000000	89.772	139.4990
10000.000000	88.899	143.6206
10150.000000	88.136	149.2403
10300.000000	87.741	154.4080
10440.000000	87.622	157.9370
10600.000000	87.599	160.0873
10750.000000	87.542	160.7133
10900.000000	87.396	160.7300
11060.000000	87.161	160.6887
11200.000000	86.931	160.8489
11380.000000	86.655	161.3886
11500.000000	86.508	161.9034
11720.000000	86.348	162.9924
11800.000000	86.331	163.3890
12060.000000	86.448	164.4536
12200.000000	86.629	164.7656
12410.000000	87.077	164.6747
12500.000000	87.343	164.3654
12650.000000	87.896	163.3783
12800.000000	88.585	161.6428
13150.000000	90.716	153.1035
13200.000000	91.072	151.1583
13400.000000	92.543	140.9206
13600.000000	93.860	126.2155
13800.000000	94.636	107.5230
14000.000000	94.592	87.1099
14300.000000	93.177	59.3833
14500.000000	91.832	44.6864
14750.000000	90.235	29.8502
15000.000000	88.990	17.0754
15250.000000	88.150	4.6869
15500.000000	87.676	-8.5844
15750.000000	87.545	-23.7000
16000.000000	87.744	-41.4307
16250.000000	88.211	-62.5069
16500.000000	88.692	-87.4155
16750.000000	88.883	-115.9767
17000.000000	88.575	-147.0997
17250.000000	87.746	-179.3372
17500.000000	86.550	148.1814
17750.000000	85.202	115.3314
18000.000000	83.857	81.2750
18250.000000	82.579	44.7693
18500.000000	81.358	4.4622
18750.000000	80.098	-40.8969
19000.000000	78.624	-92.3753
19250.000000	76.688	-150.6428
19500.000000	74.027	144.2897
19750.000000	70.553	70.9841
20000.000000	67.288	-6.1696
