* Measurement data measured by REW V5.31.3
* Source: USB-C to 3.5mm Headphone Jack Adapter, USB-C to 3.5mm Headphone Jack Adapter, 0, volume: 0.295
* Format: 256k Log Swept Sine, 4 sweeps at -12.0 dBFS with no timing reference
* Dated: Feb 8, 2026 8:29:39 PM
* REW Settings:
*  C-weighting compensation: Off
*  Target level: 75.0 dB
* Note: ; 
* Measurement: Acoustune HS1300 Velvet R
* Smoothing: 1/24 octave
* Frequency Step: 1/48 octave
* Start Frequency: 20.300 Hz
*
* Freq(Hz)	SPL(dB)	Phase(degrees)
20.299999	95.818	-150.0214
20.600000	95.839	-150.4618
20.900000	95.859	-150.9192
21.200001	95.878	-151.3646
21.400000	95.891	-151.6586
21.799999	95.918	-152.2455
22.000000	95.932	-152.5371
22.400000	95.961	-153.1053
22.700001	95.985	-153.5126
23.000000	96.014	-153.9083
23.299999	96.048	-154.3064
23.600000	96.086	-154.7247
24.000000	96.137	-155.3309
24.299999	96.170	-155.8134
24.700001	96.202	-156.4497
25.000000	96.215	-156.8853
25.400000	96.225	-157.3790
25.799999	96.235	-157.7905
26.200001	96.252	-158.1863
26.500000	96.267	-158.5169
26.900000	96.286	-159.0272
27.200001	96.295	-159.4475
27.600000	96.299	-160.0052
28.000000	96.301	-160.5036
28.500000	96.316	-161.0200
29.000000	96.349	-161.4802
29.500000	96.388	-161.9520
30.000000	96.415	-162.4200
30.400000	96.428	-162.7564
30.700001	96.437	-162.9853
31.100000	96.451	-163.2879
31.500000	96.468	-163.6289
32.000000	96.488	-164.1302
32.500000	96.498	-164.6512
33.000000	96.501	-165.0915
33.500000	96.508	-165.4198
34.000000	96.524	-165.6992
34.500000	96.543	-166.0266
35.000000	96.558	-166.4592
35.500000	96.562	-166.9736
36.000000	96.561	-167.4747
36.500000	96.567	-167.8650
37.000000	96.588	-168.1420
37.500000	96.615	-168.4100
38.200001	96.601	-168.9218
38.700001	96.532	-169.3021
39.500000	96.407	-169.6722
40.000000	96.404	-169.8490
40.599998	96.492	-170.2547
41.200001	96.599	-170.8544
41.799999	96.643	-171.3625
42.500000	96.614	-171.6485
43.099998	96.585	-171.9187
43.700001	96.583	-172.4828
44.400002	96.599	-173.1809
45.000000	96.622	-173.3790
45.500000	96.643	-173.3859
46.200001	96.618	-173.6928
46.799999	96.542	-174.2239
47.500000	96.555	-174.8243
48.200001	96.717	-175.4260
48.700001	96.757	-175.3311
49.400002	96.612	-172.8429
50.000000	96.547	-168.8072
50.799999	96.775	-166.5114
51.500000	96.845	-169.8541
52.200001	96.624	-174.6209
53.000000	96.471	-177.3137
53.799999	96.596	-177.7132
54.500000	96.638	-177.8297
55.200001	96.565	-177.9653
56.000000	96.505	-178.4211
57.000000	96.504	-179.1542
58.000000	96.523	-179.2720
59.000000	96.516	-179.5096
60.000000	96.499	179.9583
60.799999	96.502	179.5811
61.500000	96.494	179.3842
62.200001	96.477	179.2533
63.000000	96.462	179.0026
64.000000	96.456	178.5089
65.000000	96.452	178.0955
66.000000	96.437	177.7763
67.000000	96.402	177.4583
68.000000	96.368	177.0881
69.000000	96.338	176.6802
70.000000	96.313	176.4283
71.000000	96.303	176.3002
72.000000	96.299	176.0721
73.000000	96.294	175.7451
74.000000	96.283	175.3688
75.000000	96.254	174.9390
76.199997	96.208	174.6063
77.500000	96.149	174.6630
78.800003	95.983	174.1505
80.000000	95.817	173.7392
81.199997	95.934	173.5921
82.500000	96.057	173.2232
83.800003	96.051	173.0348
85.000000	96.030	172.6965
86.199997	96.012	172.4669
87.500000	95.978	172.2401
88.500000	95.951	172.0384
90.000000	95.918	171.7856
91.199997	95.887	171.5339
92.500000	95.859	171.2325
93.800003	95.837	171.0077
95.000000	95.808	170.7821
96.199997	95.779	170.5539
97.500000	95.746	170.3632
98.800003	95.733	170.0651
100.000000	95.787	169.7772
101.500000	95.851	169.4382
103.000000	95.705	169.3159
104.400002	95.578	169.3193
106.000000	95.528	169.2302
107.500000	95.484	169.1038
109.000000	95.448	168.8881
110.599998	95.408	168.6769
112.000000	95.357	168.4346
113.800003	95.315	168.2868
115.000000	95.289	168.1815
117.199997	95.203	167.9866
118.000000	95.159	167.9217
120.599998	95.081	167.4952
122.000000	95.116	167.3298
124.099998	95.113	167.1250
125.000000	95.099	167.0259
126.500000	95.068	166.9180
128.000000	95.031	166.9301
131.500000	94.955	166.8026
132.000000	94.944	166.7329
134.000000	94.901	166.4530
136.000000	94.866	166.2936
138.000000	94.825	166.1812
140.000000	94.755	166.1791
143.000000	94.653	165.9410
145.000000	94.636	165.7811
147.500000	94.597	165.6868
150.000000	94.485	165.7440
152.500000	94.329	166.1074
155.000000	94.381	165.7217
157.500000	94.382	165.1136
160.000000	94.299	164.8772
162.500000	94.300	165.1625
165.000000	94.278	165.1563
167.500000	94.220	165.1447
170.000000	94.160	165.0861
172.500000	94.099	165.0814
175.000000	94.040	165.0795
177.500000	93.982	165.0702
180.000000	93.927	165.0697
182.500000	93.878	165.0411
185.000000	93.824	165.0522
187.500000	93.757	165.1052
190.000000	93.694	165.0924
192.500000	93.648	165.0742
195.000000	93.596	165.1106
197.500000	93.517	165.2269
200.000000	93.400	165.5450
203.000000	93.307	165.9832
206.000000	93.339	165.7955
209.000000	93.339	165.6052
212.000000	93.306	165.5947
214.000000	93.273	165.6549
218.000000	93.197	165.8061
220.000000	93.163	165.8690
224.000000	93.100	165.9942
227.000000	93.053	166.1293
230.000000	93.008	166.2120
233.000000	92.959	166.2943
236.000000	92.913	166.3625
240.000000	92.859	166.4368
243.000000	92.820	166.6445
247.000000	92.767	166.9012
250.000000	92.731	167.0308
254.000000	92.680	167.1699
258.000000	92.619	167.4039
262.000000	92.563	167.6058
265.000000	92.522	167.7334
269.000000	92.469	167.9193
272.000000	92.431	168.0514
276.000000	92.380	168.2126
280.000000	92.327	168.3996
285.000000	92.265	168.7181
290.000000	92.205	169.0004
295.000000	92.146	169.2901
300.000000	92.089	169.5892
304.000000	92.044	169.8356
307.000000	92.011	170.0182
311.000000	91.969	170.2509
315.000000	91.927	170.4901
320.000000	91.875	170.8026
325.000000	91.827	171.1059
330.000000	91.781	171.4238
335.000000	91.733	171.7387
340.000000	91.686	172.0542
345.000000	91.640	172.3628
350.000000	91.595	172.6784
355.000000	91.551	173.0107
360.000000	91.509	173.3553
365.000000	91.469	173.6947
370.000000	91.430	174.0385
375.000000	91.392	174.3860
382.000000	91.339	174.8765
387.000000	91.303	175.2230
395.000000	91.247	175.7767
400.000000	91.213	176.1228
406.000000	91.174	176.5452
412.000000	91.137	176.9708
418.000000	91.100	177.3998
425.000000	91.059	177.8986
431.000000	91.025	178.3212
437.000000	90.992	178.7509
444.000000	90.954	179.2612
450.000000	90.922	179.6954
455.000000	90.898	-179.9434
462.000000	90.868	-179.4396
468.000000	90.842	-179.0027
475.000000	90.811	-178.4922
482.000000	90.782	-177.9822
487.000000	90.762	-177.6154
494.000000	90.736	-177.0990
500.000000	90.716	-176.6597
508.000000	90.689	-176.0869
515.000000	90.665	-175.5756
522.000000	90.643	-175.0505
530.000000	90.621	-174.4532
538.000000	90.601	-173.8682
545.000000	90.584	-173.3464
552.000000	90.567	-172.8273
560.000000	90.550	-172.2397
570.000000	90.529	-171.5060
580.000000	90.512	-170.7731
590.000000	90.497	-170.0270
600.000000	90.484	-169.2764
608.000000	90.473	-168.6870
615.000000	90.466	-168.1642
622.000000	90.459	-167.6392
630.000000	90.453	-167.0375
640.000000	90.448	-166.2811
650.000000	90.444	-165.5308
660.000000	90.442	-164.7815
670.000000	90.443	-164.0293
680.000000	90.445	-163.2743
690.000000	90.450	-162.5179
700.000000	90.457	-161.7552
710.000000	90.466	-160.9891
720.000000	90.476	-160.2244
730.000000	90.489	-159.4579
740.000000	90.505	-158.6881
750.000000	90.522	-157.9224
762.000000	90.546	-156.9938
775.000000	90.576	-155.9809
788.000000	90.611	-154.9802
800.000000	90.645	-154.0609
812.000000	90.680	-153.1396
825.000000	90.719	-152.1432
838.000000	90.764	-151.1455
850.000000	90.811	-150.2324
862.000000	90.862	-149.3318
875.000000	90.922	-148.3690
885.000000	90.971	-147.6361
900.000000	91.051	-146.5560
912.000000	91.119	-145.7113
925.000000	91.199	-144.8108
938.000000	91.283	-143.9376
950.000000	91.365	-143.1534
962.000000	91.451	-142.3913
975.000000	91.547	-141.6027
988.000000	91.646	-140.8482
1000.000000	91.741	-140.1791
1015.000000	91.862	-139.3863
1030.000000	91.986	-138.6505
1044.000000	92.103	-138.0109
1060.000000	92.238	-137.3289
1075.000000	92.365	-136.7381
1090.000000	92.492	-136.2012
1106.000000	92.626	-135.6815
1120.000000	92.742	-135.2653
1138.000000	92.888	-134.7809
1150.000000	92.983	-134.4885
1172.000000	93.152	-134.0029
1180.000000	93.212	-133.8420
1206.000000	93.400	-133.3607
1220.000000	93.498	-133.1284
1241.000000	93.640	-132.8066
1250.000000	93.701	-132.6767
1265.000000	93.803	-132.4675
1280.000000	93.904	-132.2639
1315.000000	94.132	-131.8154
1320.000000	94.164	-131.7522
1340.000000	94.288	-131.5004
1360.000000	94.408	-131.2513
1380.000000	94.526	-130.9999
1400.000000	94.641	-130.7474
1430.000000	94.810	-130.3638
1450.000000	94.921	-130.1045
1475.000000	95.059	-129.7776
1500.000000	95.196	-129.4446
1525.000000	95.332	-129.1107
1550.000000	95.470	-128.7789
1575.000000	95.608	-128.4463
1600.000000	95.745	-128.1141
1625.000000	95.879	-127.7892
1650.000000	96.014	-127.4736
1675.000000	96.151	-127.1679
1700.000000	96.290	-126.8729
1725.000000	96.431	-126.5916
1750.000000	96.574	-126.3266
1775.000000	96.720	-126.0811
1800.000000	96.868	-125.8567
1825.000000	97.019	-125.6559
1850.000000	97.172	-125.4813
1875.000000	97.328	-125.3329
1900.000000	97.485	-125.2177
1925.000000	97.645	-125.1340
1950.000000	97.807	-125.0843
1975.000000	97.971	-125.0737
2000.000000	98.137	-125.1021
2030.000000	98.340	-125.1923
2060.000000	98.546	-125.3458
2090.000000	98.752	-125.5660
2120.000000	98.958	-125.8578
2140.000000	99.095	-126.0949
2180.000000	99.367	-126.6737
2200.000000	99.501	-127.0135
2240.000000	99.765	-127.8026
2270.000000	99.957	-128.4914
2300.000000	100.143	-129.2630
2330.000000	100.321	-130.1183
2360.000000	100.491	-131.0511
2400.000000	100.701	-132.4167
2430.000000	100.845	-133.5235
2470.000000	101.016	-135.1007
2500.000000	101.128	-136.3474
2540.000000	101.254	-138.0773
2580.000000	101.351	-139.8637
2620.000000	101.417	-141.6779
2650.000000	101.446	-143.0432
2690.000000	101.458	-144.8407
2720.000000	101.446	-146.1598
2760.000000	101.406	-147.8591
2800.000000	101.339	-149.4683
2850.000000	101.221	-151.3279
2900.000000	101.071	-152.9881
2950.000000	100.895	-154.4301
3000.000000	100.699	-155.6416
3040.000000	100.531	-156.4428
3070.000000	100.401	-156.9442
3110.000000	100.224	-157.4828
3150.000000	100.044	-157.8717
3200.000000	99.822	-158.1518
3250.000000	99.607	-158.2131
3300.000000	99.405	-158.0738
3350.000000	99.220	-157.7785
3400.000000	99.054	-157.3735
3450.000000	98.904	-156.9040
3500.000000	98.767	-156.3874
3550.000000	98.638	-155.8256
3600.000000	98.515	-155.2030
3650.000000	98.401	-154.5112
3700.000000	98.295	-153.7462
3750.000000	98.199	-152.9056
3820.000000	98.086	-151.6236
3870.000000	98.021	-150.6385
3950.000000	97.944	-148.9673
4000.000000	97.914	-147.8739
4060.000000	97.892	-146.5276
4120.000000	97.890	-145.1505
4180.000000	97.910	-143.7610
4250.000000	97.963	-142.1348
4310.000000	98.035	-140.7508
4370.000000	98.131	-139.3887
4440.000000	98.273	-137.8403
4500.000000	98.423	-136.5683
4550.000000	98.568	-135.5567
4620.000000	98.802	-134.2362
4680.000000	99.032	-133.2124
4750.000000	99.336	-132.1743
4820.000000	99.677	-131.3411
4870.000000	99.945	-130.8945
4940.000000	100.352	-130.5170
5000.000000	100.732	-130.4610
5080.000000	101.281	-130.8571
5150.000000	101.795	-131.7418
5220.000000	102.332	-133.2397
5300.000000	102.951	-135.8483
5380.000000	103.539	-139.5468
5450.000000	103.986	-143.7278
5520.000000	104.322	-148.7243
5600.000000	104.521	-155.1865
5700.000000	104.436	-163.7011
5800.000000	103.985	-171.7319
5900.000000	103.246	-178.4755
6000.000000	102.329	176.4540
6080.000000	101.538	173.6189
6150.000000	100.840	171.9488
6220.000000	100.157	170.9374
6300.000000	99.420	170.4627
6400.000000	98.587	170.6934
6500.000000	97.849	171.6326
6600.000000	97.194	173.1072
6700.000000	96.619	174.9910
6800.000000	96.120	177.1911
6900.000000	95.695	179.6363
7000.000000	95.342	-177.7257
7100.000000	95.063	-174.9699
7200.000000	94.854	-172.1701
7300.000000	94.706	-169.3618
7400.000000	94.618	-166.5409
7500.000000	94.591	-163.7131
7620.000000	94.645	-160.3410
7750.000000	94.817	-156.7737
7880.000000	95.112	-153.3785
8000.000000	95.484	-150.4837
8120.000000	95.951	-147.9437
8250.000000	96.617	-145.8038
8380.000000	97.511	-144.6923
8500.000000	98.574	-145.2098
8620.000000	99.861	-148.2157
8750.000000	101.352	-155.8137
8850.000000	102.311	-165.4718
9000.000000	102.792	175.0743
9120.000000	102.031	158.8818
9250.000000	100.228	145.2095
9380.000000	97.936	137.4662
9500.000000	95.817	135.1378
9620.000000	93.928	136.2752
9750.000000	92.251	140.2198
9880.000000	91.015	145.9405
10000.000000	90.298	151.8810
10150.000000	89.960	158.7036
10300.000000	90.092	163.3028
10440.000000	90.405	164.8580
10600.000000	90.708	163.7373
10750.000000	90.774	160.9864
10900.000000	90.598	157.8008
11060.000000	90.207	154.8596
11200.000000	89.779	153.0190
11380.000000	89.216	151.6832
11500.000000	88.875	151.3152
11720.000000	88.381	151.3610
11800.000000	88.250	151.5199
12060.000000	88.027	152.2139
12200.000000	88.042	152.5463
12410.000000	88.259	152.7818
12500.000000	88.433	152.7311
12650.000000	88.842	152.3572
12800.000000	89.407	151.5180
13150.000000	91.425	146.6560
13200.000000	91.808	145.4451
13400.000000	93.603	138.4995
13600.000000	95.718	126.6219
13800.000000	97.714	107.9495
14000.000000	98.856	82.8945
14300.000000	98.014	42.8391
14500.000000	96.204	21.2505
14750.000000	93.736	1.4519
15000.000000	91.770	-13.7185
15250.000000	90.446	-27.6737
15500.000000	89.659	-42.5336
15750.000000	89.279	-59.6724
16000.000000	89.182	-80.0605
16250.000000	89.179	-104.1022
16500.000000	88.950	-131.3851
16750.000000	88.294	-160.7408
17000.000000	87.211	169.0705
17250.000000	85.842	138.7415
17500.000000	84.376	108.1738
17750.000000	82.981	76.4979
18000.000000	81.754	42.3757
18250.000000	80.697	4.1633
18500.000000	79.666	-39.7368
18750.000000	78.300	-90.2650
19000.000000	76.108	-146.8435
19250.000000	72.773	152.4220
19500.000000	68.309	88.9624
19750.000000	62.978	21.6632
20000.000000	58.003	-48.3582
