* Measurement data measured by REW V5.31.3
* Source: USB-C to 3.5mm Headphone Jack Adapter, USB-C to 3.5mm Headphone Jack Adapter, 0, volume: 0.295
* Format: 256k Log Swept Sine, 4 sweeps at -12.0 dBFS with no timing reference
* Dated: Dec 30, 2024 11:07:18 PM
* REW Settings:
*  C-weighting compensation: Off
*  Target level: 75.0 dB
* Note: ; 
* Measurement: AFUL Explorer Coreir L
* Smoothing: 1/24 octave
* Frequency Step: 1/48 octave
* Start Frequency: 20.300 Hz
*
* Freq(Hz)	SPL(dB)	Phase(degrees)
20.299999	103.506	-168.0039
20.600000	103.504	-168.6378
20.900000	103.492	-169.2593
21.200001	103.477	-169.8147
21.400000	103.469	-170.1610
21.799999	103.468	-170.8613
22.000000	103.474	-171.2448
22.400000	103.493	-172.1230
22.700001	103.507	-172.8753
23.000000	103.515	-173.6741
23.299999	103.515	-174.4745
23.600000	103.511	-175.2366
24.000000	103.504	-176.1566
24.299999	103.502	-176.7771
24.700001	103.505	-177.5447
25.000000	103.508	-178.0997
25.400000	103.508	-178.8318
25.799999	103.502	-179.5565
26.200001	103.490	179.7301
26.500000	103.480	179.2006
26.900000	103.467	178.4946
27.200001	103.458	177.9620
27.600000	103.446	177.2532
28.000000	103.434	176.5602
28.500000	103.419	175.7347
29.000000	103.403	174.9511
29.500000	103.385	174.1874
30.000000	103.362	173.4314
30.400000	103.341	172.8343
30.700001	103.325	172.3917
31.100000	103.307	171.8048
31.500000	103.291	171.2162
32.000000	103.272	170.4774
32.500000	103.250	169.7527
33.000000	103.225	169.0629
33.500000	103.197	168.4082
34.000000	103.170	167.7687
34.500000	103.143	167.1263
35.000000	103.115	166.4812
35.500000	103.087	165.8455
36.000000	103.058	165.2283
36.500000	103.029	164.6311
37.000000	102.999	164.0523
37.500000	102.968	163.4913
38.200001	102.925	162.7338
38.700001	102.895	162.2076
39.500000	102.850	161.3747
40.000000	102.821	160.8485
40.599998	102.784	160.2033
41.200001	102.742	159.5471
41.799999	102.697	158.8961
42.500000	102.644	158.1682
43.099998	102.601	157.5822
43.700001	102.563	157.0252
44.400002	102.519	156.3909
45.000000	102.477	155.8482
45.500000	102.440	155.3972
46.200001	102.388	154.7732
46.799999	102.345	154.2482
47.500000	102.299	153.6523
48.200001	102.253	153.0829
48.700001	102.219	152.6927
49.400002	102.169	152.1572
50.000000	102.126	151.6926
50.799999	102.067	151.0624
51.500000	102.014	150.5309
52.200001	101.962	150.0276
53.000000	101.905	149.4448
53.799999	101.846	148.8699
54.500000	101.800	148.4247
55.200001	101.766	147.9897
56.000000	101.722	147.4280
57.000000	101.634	146.7327
58.000000	101.543	146.1234
59.000000	101.475	145.4801
60.000000	101.418	144.8502
60.799999	101.378	144.3763
61.500000	101.343	143.9318
62.200001	101.297	143.4603
63.000000	101.227	142.9785
64.000000	101.137	142.5264
65.000000	101.061	142.0572
66.000000	100.986	141.5231
67.000000	100.913	141.0341
68.000000	100.844	140.5867
69.000000	100.775	140.1380
70.000000	100.706	139.6631
71.000000	100.641	139.1910
72.000000	100.579	138.7307
73.000000	100.510	138.2667
74.000000	100.434	137.8075
75.000000	100.361	137.3694
76.199997	100.282	136.8962
77.500000	100.196	136.4043
78.800003	100.110	135.8965
80.000000	100.034	135.4169
81.199997	99.958	134.9848
82.500000	99.874	134.5385
83.800003	99.791	134.1218
85.000000	99.724	133.7583
86.199997	99.655	133.3527
87.500000	99.576	132.8951
88.500000	99.516	132.5714
90.000000	99.428	132.1242
91.199997	99.362	131.7570
92.500000	99.294	131.3918
93.800003	99.219	131.0631
95.000000	99.143	130.7256
96.199997	99.073	130.3615
97.500000	99.003	129.9840
98.800003	98.936	129.5939
100.000000	98.875	129.2556
101.500000	98.802	128.9421
103.000000	98.722	128.6270
104.400002	98.647	128.3121
106.000000	98.565	127.9338
107.500000	98.487	127.5722
109.000000	98.413	127.2113
110.599998	98.339	126.8326
112.000000	98.274	126.5487
113.800003	98.194	126.2462
115.000000	98.142	126.0248
117.199997	98.045	125.5938
118.000000	98.011	125.4345
120.599998	97.900	124.9075
122.000000	97.841	124.6207
124.099998	97.753	124.2218
125.000000	97.716	124.0584
126.500000	97.654	123.7859
128.000000	97.593	123.5209
131.500000	97.456	122.9271
132.000000	97.437	122.8471
134.000000	97.361	122.5321
136.000000	97.284	122.2226
138.000000	97.210	121.9245
140.000000	97.137	121.6348
143.000000	97.033	121.2126
145.000000	96.965	120.9322
147.500000	96.879	120.6063
150.000000	96.793	120.3175
152.500000	96.718	119.9739
155.000000	96.642	119.6276
157.500000	96.565	119.3308
160.000000	96.496	119.0339
162.500000	96.423	118.7406
165.000000	96.347	118.4464
167.500000	96.272	118.1653
170.000000	96.193	117.8803
172.500000	96.114	117.5907
175.000000	96.039	117.3407
177.500000	95.968	117.0871
180.000000	95.901	116.8489
182.500000	95.837	116.6259
185.000000	95.775	116.3911
187.500000	95.714	116.1419
190.000000	95.655	115.9042
192.500000	95.597	115.6995
195.000000	95.539	115.4932
197.500000	95.480	115.2431
200.000000	95.427	114.9861
203.000000	95.369	114.6864
206.000000	95.313	114.3997
209.000000	95.255	114.1232
212.000000	95.197	113.8525
214.000000	95.160	113.6695
218.000000	95.090	113.3257
220.000000	95.056	113.1550
224.000000	94.988	112.8049
227.000000	94.936	112.5520
230.000000	94.888	112.3018
233.000000	94.841	112.0495
236.000000	94.794	111.8001
240.000000	94.733	111.4703
243.000000	94.689	111.2270
247.000000	94.628	110.9088
250.000000	94.584	110.6739
254.000000	94.532	110.4037
258.000000	94.483	110.1268
262.000000	94.433	109.8420
265.000000	94.396	109.6278
269.000000	94.350	109.3463
272.000000	94.316	109.1351
276.000000	94.273	108.8621
280.000000	94.230	108.5902
285.000000	94.178	108.2530
290.000000	94.131	107.9206
295.000000	94.087	107.5916
300.000000	94.046	107.2686
304.000000	94.015	107.0043
307.000000	93.992	106.8023
311.000000	93.962	106.5375
315.000000	93.932	106.2777
320.000000	93.897	105.9511
325.000000	93.866	105.6275
330.000000	93.836	105.3011
335.000000	93.806	104.9782
340.000000	93.777	104.6543
345.000000	93.751	104.3274
350.000000	93.728	104.0013
355.000000	93.703	103.6956
360.000000	93.679	103.3985
365.000000	93.657	103.1000
370.000000	93.636	102.7960
375.000000	93.617	102.4989
382.000000	93.592	102.0861
387.000000	93.574	101.7825
395.000000	93.550	101.3162
400.000000	93.537	101.0399
406.000000	93.521	100.6987
412.000000	93.506	100.3561
418.000000	93.492	100.0145
425.000000	93.476	99.6158
431.000000	93.463	99.2830
437.000000	93.450	98.9451
444.000000	93.432	98.5546
450.000000	93.413	98.2311
455.000000	93.397	97.9788
462.000000	93.371	97.6876
468.000000	93.347	97.5752
475.000000	93.348	97.6445
482.000000	93.402	97.6045
487.000000	93.450	97.3427
494.000000	93.500	96.8012
500.000000	93.525	96.3223
508.000000	93.548	95.6992
515.000000	93.569	95.1278
522.000000	93.588	94.4645
530.000000	93.589	93.5094
538.000000	93.522	92.4406
545.000000	93.400	91.8562
552.000000	93.286	91.9092
560.000000	93.237	92.2892
570.000000	93.260	92.4542
580.000000	93.298	92.2800
590.000000	93.327	91.9743
600.000000	93.346	91.6288
608.000000	93.357	91.3403
615.000000	93.365	91.0970
622.000000	93.371	90.8630
630.000000	93.376	90.6021
640.000000	93.382	90.2898
650.000000	93.387	89.9928
660.000000	93.393	89.7313
670.000000	93.399	89.4839
680.000000	93.405	89.2513
690.000000	93.412	89.0372
700.000000	93.419	88.8431
710.000000	93.426	88.6688
720.000000	93.435	88.5144
730.000000	93.445	88.3806
740.000000	93.455	88.2633
750.000000	93.466	88.1660
762.000000	93.484	88.0686
775.000000	93.505	87.9912
788.000000	93.529	87.9457
800.000000	93.552	87.9277
812.000000	93.575	87.9184
825.000000	93.603	87.9287
838.000000	93.634	87.9655
850.000000	93.666	88.0153
862.000000	93.703	88.0756
875.000000	93.748	88.1477
885.000000	93.785	88.2090
900.000000	93.847	88.3077
912.000000	93.901	88.3948
925.000000	93.964	88.4877
938.000000	94.032	88.5735
950.000000	94.099	88.6417
962.000000	94.170	88.6909
975.000000	94.251	88.7323
988.000000	94.335	88.7594
1000.000000	94.416	88.7635
1015.000000	94.519	88.7408
1030.000000	94.625	88.6849
1044.000000	94.726	88.5995
1060.000000	94.842	88.4615
1075.000000	94.952	88.2956
1090.000000	95.062	88.0940
1106.000000	95.177	87.8402
1120.000000	95.277	87.5903
1138.000000	95.402	87.2309
1150.000000	95.483	86.9690
1172.000000	95.627	86.4501
1180.000000	95.678	86.2517
1206.000000	95.836	85.5802
1220.000000	95.917	85.2064
1241.000000	96.034	84.6324
1250.000000	96.084	84.3837
1265.000000	96.168	83.9685
1280.000000	96.252	83.5530
1315.000000	96.438	82.5890
1320.000000	96.463	82.4528
1340.000000	96.563	81.9123
1360.000000	96.659	81.3816
1380.000000	96.753	80.8592
1400.000000	96.844	80.3456
1430.000000	96.978	79.6006
1450.000000	97.067	79.1140
1475.000000	97.178	78.5101
1500.000000	97.289	77.9095
1525.000000	97.402	77.3069
1550.000000	97.515	76.6952
1575.000000	97.629	76.0704
1600.000000	97.743	75.4223
1625.000000	97.853	74.7465
1650.000000	97.962	74.0415
1675.000000	98.072	73.3018
1700.000000	98.181	72.5217
1725.000000	98.290	71.6967
1750.000000	98.399	70.8253
1775.000000	98.506	69.9068
1800.000000	98.609	68.9332
1825.000000	98.710	67.9020
1850.000000	98.806	66.8143
1875.000000	98.896	65.6721
1900.000000	98.981	64.4759
1925.000000	99.058	63.2256
1950.000000	99.127	61.9235
1975.000000	99.188	60.5716
2000.000000	99.239	59.1750
2030.000000	99.288	57.4506
2060.000000	99.322	55.6822
2090.000000	99.338	53.8835
2120.000000	99.337	52.0674
2140.000000	99.326	50.8541
2180.000000	99.281	48.4434
2200.000000	99.247	47.2545
2240.000000	99.158	44.9266
2270.000000	99.075	43.2358
2300.000000	98.979	41.6038
2330.000000	98.872	40.0390
2360.000000	98.755	38.5468
2400.000000	98.587	36.6789
2430.000000	98.455	35.3745
2470.000000	98.276	33.7666
2500.000000	98.141	32.6556
2540.000000	97.964	31.2970
2580.000000	97.794	30.0677
2620.000000	97.632	28.9599
2650.000000	97.518	28.2025
2690.000000	97.378	27.2815
2720.000000	97.283	26.6515
2760.000000	97.171	25.8832
2800.000000	97.080	25.1853
2850.000000	96.998	24.3853
2900.000000	96.956	23.6356
2950.000000	96.958	22.8925
3000.000000	97.008	22.1038
3040.000000	97.082	21.3956
3070.000000	97.159	20.7939
3110.000000	97.286	19.8678
3150.000000	97.441	18.7678
3200.000000	97.664	17.1006
3250.000000	97.910	15.0651
3300.000000	98.166	12.6266
3350.000000	98.413	9.7752
3400.000000	98.636	6.5261
3450.000000	98.816	2.9305
3500.000000	98.936	-0.9268
3550.000000	98.984	-4.9251
3600.000000	98.954	-8.9220
3650.000000	98.845	-12.7655
3700.000000	98.664	-16.3136
3750.000000	98.426	-19.4476
3820.000000	98.029	-22.9901
3870.000000	97.726	-24.8740
3950.000000	97.253	-26.7963
4000.000000	96.985	-27.3816
4060.000000	96.706	-27.5594
4120.000000	96.485	-27.2705
4180.000000	96.330	-26.6284
4250.000000	96.236	-25.5812
4310.000000	96.227	-24.5386
4370.000000	96.281	-23.4535
4440.000000	96.415	-22.2329
4500.000000	96.581	-21.2960
4550.000000	96.749	-20.6307
4620.000000	97.019	-19.9189
4680.000000	97.271	-19.5354
4750.000000	97.576	-19.3630
4820.000000	97.878	-19.4778
4870.000000	98.084	-19.7173
4940.000000	98.351	-20.2314
5000.000000	98.553	-20.7932
5080.000000	98.781	-21.6278
5150.000000	98.939	-22.3563
5220.000000	99.063	-23.0078
5300.000000	99.170	-23.5880
5380.000000	99.251	-23.9480
5450.000000	99.312	-24.0695
5520.000000	99.372	-24.0160
5600.000000	99.450	-23.7679
5700.000000	99.574	-23.2484
5800.000000	99.737	-22.6049
5900.000000	99.944	-21.9650
6000.000000	100.194	-21.4642
6080.000000	100.423	-21.2551
6150.000000	100.639	-21.2711
6220.000000	100.865	-21.5154
6300.000000	101.135	-22.1199
6400.000000	101.473	-23.4080
6500.000000	101.769	-25.2922
6600.000000	101.978	-27.6984
6700.000000	102.069	-30.4614
6800.000000	102.025	-33.3389
6900.000000	101.843	-36.0530
7000.000000	101.539	-38.3433
7100.000000	101.145	-40.0370
7200.000000	100.696	-41.1096
7300.000000	100.212	-41.6140
7400.000000	99.704	-41.5750
7500.000000	99.188	-41.0094
7620.000000	98.573	-39.7223
7750.000000	97.925	-37.6859
7880.000000	97.302	-35.0825
8000.000000	96.736	-32.2765
8120.000000	96.155	-29.1533
8250.000000	95.532	-25.4675
8380.000000	94.938	-21.5154
8500.000000	94.422	-17.6714
8620.000000	93.937	-13.7006
8750.000000	93.434	-9.3710
8850.000000	93.030	-5.9580
9000.000000	92.434	0.3717
9120.000000	92.147	5.9600
9250.000000	91.951	11.2111
9380.000000	91.783	16.0841
9500.000000	91.660	20.4225
9620.000000	91.576	24.5610
9750.000000	91.524	28.7659
9880.000000	91.505	32.6714
10000.000000	91.517	36.0241
10150.000000	91.578	39.8741
10300.000000	91.696	43.2928
10440.000000	91.860	45.9954
10600.000000	92.112	48.3210
10750.000000	92.394	49.5516
10900.000000	92.685	49.7084
11060.000000	92.960	48.6283
11200.000000	93.122	46.6790
11380.000000	93.163	43.0632
11500.000000	93.058	40.2281
11720.000000	92.578	34.9247
11800.000000	92.320	33.1484
12060.000000	91.245	28.5871
12200.000000	90.565	27.2431
12410.000000	89.593	27.1251
12500.000000	89.265	27.4996
12650.000000	88.851	27.9398
12800.000000	88.523	27.8145
13150.000000	87.718	25.9818
13200.000000	87.587	25.6620
13400.000000	87.035	24.5494
13600.000000	86.531	23.7454
13800.000000	86.173	22.3560
14000.000000	85.867	19.1305
14300.000000	85.032	11.2214
14500.000000	84.106	5.5652
14750.000000	82.676	-0.5460
15000.000000	81.167	-5.6162
15250.000000	79.741	-10.3892
15500.000000	78.485	-15.7290
15750.000000	77.494	-22.5226
16000.000000	76.962	-32.0423
16250.000000	77.032	-46.3990
16500.000000	77.432	-67.5990
16750.000000	77.555	-95.7338
17000.000000	76.855	-127.6587
17250.000000	75.308	-158.7841
17500.000000	73.395	173.3424
17750.000000	71.547	148.3322
18000.000000	69.855	124.7601
18250.000000	68.300	101.2108
18500.000000	66.833	76.1254
18750.000000	65.314	48.1681
19000.000000	63.614	16.7050
19250.000000	61.873	-19.3291
19500.000000	60.310	-63.3250
19750.000000	58.479	-118.7145
20000.000000	56.734	-176.6189
