* Measurement data measured by REW V5.31.3
* Source: USB-C to 3.5mm Headphone Jack Adapter, USB-C to 3.5mm Headphone Jack Adapter, 0, volume: 0.295
* Format: 256k Log Swept Sine, 4 sweeps at -12.0 dBFS with no timing reference
* Dated: Nov 6, 2024 7:36:05 PM
* REW Settings:
*  C-weighting compensation: Off
*  Target level: 75.0 dB
* Note: ; 
* Measurement: AFUL Explorer Divinus R
* Smoothing: 1/24 octave
* Frequency Step: 1/48 octave
* Start Frequency: 20.300 Hz
*
* Freq(Hz)	SPL(dB)	Phase(degrees)
20.299999	103.472	-169.6951
20.600000	103.477	-170.3429
20.900000	103.478	-171.0397
21.200001	103.477	-171.7346
21.400000	103.477	-172.1956
21.799999	103.477	-173.1134
22.000000	103.478	-173.5700
22.400000	103.481	-174.4763
22.700001	103.484	-175.1456
23.000000	103.485	-175.8017
23.299999	103.484	-176.4410
23.600000	103.481	-177.0628
24.000000	103.474	-177.8696
24.299999	103.469	-178.4653
24.700001	103.463	-179.2582
25.000000	103.457	-179.8546
25.400000	103.447	179.3548
25.799999	103.436	178.5866
26.200001	103.424	177.8570
26.500000	103.416	177.3355
26.900000	103.408	176.6599
27.200001	103.402	176.1535
27.600000	103.391	175.4631
28.000000	103.374	174.7569
28.500000	103.341	173.8846
29.000000	103.302	173.0644
29.500000	103.270	172.2931
30.000000	103.248	171.5228
30.400000	103.233	170.8836
30.700001	103.221	170.3959
31.100000	103.200	169.7575
31.500000	103.175	169.1584
32.000000	103.145	168.4751
32.500000	103.120	167.8289
33.000000	103.098	167.1702
33.500000	103.072	166.4903
34.000000	103.040	165.8214
34.500000	103.005	165.1908
35.000000	102.973	164.5881
35.500000	102.943	163.9821
36.000000	102.912	163.3628
36.500000	102.874	162.7552
37.000000	102.835	162.1867
37.500000	102.800	161.6481
38.200001	102.760	160.8624
38.700001	102.729	160.2505
39.500000	102.663	159.2903
40.000000	102.619	158.7723
40.599998	102.574	158.2162
41.200001	102.538	157.6541
41.799999	102.501	157.0572
42.500000	102.450	156.3666
43.099998	102.404	155.8083
43.700001	102.359	155.2641
44.400002	102.307	154.6220
45.000000	102.260	154.0678
45.500000	102.220	153.6117
46.200001	102.164	152.9928
46.799999	102.119	152.4829
47.500000	102.070	151.9055
48.200001	102.022	151.3403
48.700001	101.985	150.9425
49.400002	101.931	150.3928
50.000000	101.882	149.9337
50.799999	101.816	149.3514
51.500000	101.763	148.8522
52.200001	101.713	148.3359
53.000000	101.653	147.7413
53.799999	101.595	147.1633
54.500000	101.545	146.6601
55.200001	101.491	146.1730
56.000000	101.424	145.6658
57.000000	101.342	145.0621
58.000000	101.266	144.4457
59.000000	101.198	143.8655
60.000000	101.133	143.3111
60.799999	101.074	142.8637
61.500000	101.017	142.4697
62.200001	100.959	142.0847
63.000000	100.897	141.6648
64.000000	100.824	141.1335
65.000000	100.753	140.5904
66.000000	100.696	140.0532
67.000000	100.641	139.4793
68.000000	100.560	139.0015
69.000000	100.474	138.6165
70.000000	100.398	138.1500
71.000000	100.328	137.6390
72.000000	100.257	137.1697
73.000000	100.184	136.7494
74.000000	100.113	136.3389
75.000000	100.042	135.9459
76.199997	99.957	135.5154
77.500000	99.865	135.0189
78.800003	99.780	134.4805
80.000000	99.704	134.0228
81.199997	99.626	133.6120
82.500000	99.539	133.1609
83.800003	99.455	132.7098
85.000000	99.381	132.2999
86.199997	99.305	131.9086
87.500000	99.222	131.5101
88.500000	99.161	131.2019
90.000000	99.072	130.7160
91.199997	99.000	130.3600
92.500000	98.922	130.0020
93.800003	98.842	129.6515
95.000000	98.770	129.3353
96.199997	98.703	129.0217
97.500000	98.628	128.6786
98.800003	98.552	128.3246
100.000000	98.483	127.9970
101.500000	98.399	127.6429
103.000000	98.316	127.3299
104.400002	98.241	127.0178
106.000000	98.154	126.6581
107.500000	98.074	126.3370
109.000000	97.992	126.0383
110.599998	97.905	125.7379
112.000000	97.834	125.4813
113.800003	97.743	125.1410
115.000000	97.679	124.9221
117.199997	97.572	124.5318
118.000000	97.535	124.3824
120.599998	97.411	123.8709
122.000000	97.346	123.7005
124.099998	97.256	123.4712
125.000000	97.219	123.3471
126.500000	97.157	123.1198
128.000000	97.091	122.9247
131.500000	96.943	122.5698
132.000000	96.924	122.5156
134.000000	96.854	122.3459
136.000000	96.790	122.2136
138.000000	96.735	122.0064
140.000000	96.678	121.7872
143.000000	96.601	121.3672
145.000000	96.558	121.1487
147.500000	96.500	120.7929
150.000000	96.436	120.3303
152.500000	96.377	119.8895
155.000000	96.305	119.5284
157.500000	96.223	119.1516
160.000000	96.150	118.8193
162.500000	96.075	118.5319
165.000000	95.996	118.1776
167.500000	95.917	117.7918
170.000000	95.844	117.4236
172.500000	95.775	117.0872
175.000000	95.695	116.7922
177.500000	95.617	116.5449
180.000000	95.547	116.3373
182.500000	95.476	115.9898
185.000000	95.406	115.6663
187.500000	95.339	115.4034
190.000000	95.272	115.1525
192.500000	95.205	114.9084
195.000000	95.141	114.6581
197.500000	95.079	114.4217
200.000000	95.021	114.1952
203.000000	94.952	113.9261
206.000000	94.884	113.6459
209.000000	94.822	113.3765
212.000000	94.764	113.1265
214.000000	94.724	112.9680
218.000000	94.646	112.6400
220.000000	94.608	112.4664
224.000000	94.534	112.1306
227.000000	94.481	111.9003
230.000000	94.431	111.6684
233.000000	94.383	111.4222
236.000000	94.335	111.1808
240.000000	94.272	110.8748
243.000000	94.226	110.6378
247.000000	94.166	110.3349
250.000000	94.122	110.1254
254.000000	94.063	109.8304
258.000000	94.005	109.5212
262.000000	93.956	109.2349
265.000000	93.919	109.0294
269.000000	93.865	108.7652
272.000000	93.826	108.5439
276.000000	93.780	108.2363
280.000000	93.735	107.9724
285.000000	93.679	107.6517
290.000000	93.628	107.3313
295.000000	93.579	107.0270
300.000000	93.534	106.7252
304.000000	93.496	106.4469
307.000000	93.468	106.2328
311.000000	93.435	105.9606
315.000000	93.403	105.7092
320.000000	93.364	105.4032
325.000000	93.325	105.0973
330.000000	93.289	104.7838
335.000000	93.254	104.4839
340.000000	93.222	104.1833
345.000000	93.192	103.8874
350.000000	93.163	103.6140
355.000000	93.136	103.3423
360.000000	93.111	103.0504
365.000000	93.087	102.7432
370.000000	93.064	102.4510
375.000000	93.041	102.1876
382.000000	93.011	101.8510
387.000000	92.994	101.6150
395.000000	92.976	101.2535
400.000000	92.972	101.0307
406.000000	92.971	100.7129
412.000000	92.971	100.3298
418.000000	92.969	99.9173
425.000000	92.964	99.4550
431.000000	92.962	99.0661
437.000000	92.959	98.6513
444.000000	92.951	98.1630
450.000000	92.944	97.7485
455.000000	92.936	97.3988
462.000000	92.923	96.8997
468.000000	92.909	96.4715
475.000000	92.887	95.9897
482.000000	92.863	95.5615
487.000000	92.850	95.3050
494.000000	92.844	94.9139
500.000000	92.837	94.4443
508.000000	92.799	93.7802
515.000000	92.740	93.2673
522.000000	92.655	92.8585
530.000000	92.521	92.7837
538.000000	92.422	93.6938
545.000000	92.514	94.9308
552.000000	92.729	95.1064
560.000000	92.901	94.0838
570.000000	92.952	92.7236
580.000000	92.941	91.7697
590.000000	92.918	91.0667
600.000000	92.897	90.4868
608.000000	92.881	90.0762
615.000000	92.868	89.7478
622.000000	92.857	89.4425
630.000000	92.845	89.1121
640.000000	92.834	88.7243
650.000000	92.824	88.3596
660.000000	92.816	88.0209
670.000000	92.805	87.7244
680.000000	92.797	87.4493
690.000000	92.791	87.1930
700.000000	92.785	86.9588
710.000000	92.781	86.7409
720.000000	92.779	86.5447
730.000000	92.779	86.3729
740.000000	92.780	86.2223
750.000000	92.783	86.0906
762.000000	92.789	85.9537
775.000000	92.800	85.8268
788.000000	92.812	85.7416
800.000000	92.824	85.6922
812.000000	92.836	85.6554
825.000000	92.853	85.6353
838.000000	92.873	85.6359
850.000000	92.897	85.6521
862.000000	92.924	85.6812
875.000000	92.958	85.7295
885.000000	92.988	85.7737
900.000000	93.038	85.8452
912.000000	93.083	85.8971
925.000000	93.136	85.9547
938.000000	93.195	86.0120
950.000000	93.254	86.0608
962.000000	93.317	86.1009
975.000000	93.388	86.1299
988.000000	93.464	86.1428
1000.000000	93.538	86.1388
1015.000000	93.632	86.1109
1030.000000	93.730	86.0454
1044.000000	93.823	85.9527
1060.000000	93.932	85.8138
1075.000000	94.036	85.6456
1090.000000	94.140	85.4432
1106.000000	94.252	85.1920
1120.000000	94.348	84.9407
1138.000000	94.470	84.5809
1150.000000	94.550	84.3174
1172.000000	94.693	83.7876
1180.000000	94.743	83.5845
1206.000000	94.902	82.8900
1220.000000	94.984	82.4980
1241.000000	95.104	81.8921
1250.000000	95.155	81.6261
1265.000000	95.241	81.1761
1280.000000	95.326	80.7220
1315.000000	95.517	79.6578
1320.000000	95.544	79.5052
1340.000000	95.647	78.8929
1360.000000	95.747	78.2794
1380.000000	95.844	77.6682
1400.000000	95.937	77.0609
1430.000000	96.074	76.1501
1450.000000	96.163	75.5448
1475.000000	96.273	74.7886
1500.000000	96.382	74.0269
1525.000000	96.489	73.2588
1550.000000	96.596	72.4799
1575.000000	96.702	71.6840
1600.000000	96.806	70.8664
1625.000000	96.905	70.0229
1650.000000	97.001	69.1490
1675.000000	97.096	68.2417
1700.000000	97.189	67.2988
1725.000000	97.280	66.3156
1750.000000	97.368	65.2948
1775.000000	97.454	64.2355
1800.000000	97.535	63.1317
1825.000000	97.611	61.9812
1850.000000	97.682	60.7878
1875.000000	97.747	59.5551
1900.000000	97.806	58.2834
1925.000000	97.857	56.9749
1950.000000	97.901	55.6339
1975.000000	97.937	54.2614
2000.000000	97.965	52.8569
2030.000000	97.988	51.1379
2060.000000	97.997	49.3966
2090.000000	97.993	47.6466
2120.000000	97.975	45.9003
2140.000000	97.955	44.7423
2180.000000	97.900	42.4537
2200.000000	97.865	41.3253
2240.000000	97.782	39.1058
2270.000000	97.708	37.4831
2300.000000	97.626	35.9030
2330.000000	97.536	34.3734
2360.000000	97.441	32.9001
2400.000000	97.307	31.0249
2430.000000	97.205	29.6877
2470.000000	97.069	27.9960
2500.000000	96.970	26.7905
2540.000000	96.845	25.2588
2580.000000	96.730	23.8075
2620.000000	96.626	22.4291
2650.000000	96.557	21.4308
2690.000000	96.477	20.1385
2720.000000	96.428	19.1899
2760.000000	96.379	17.9402
2800.000000	96.350	16.6978
2850.000000	96.342	15.1293
2900.000000	96.368	13.5059
2950.000000	96.427	11.7858
3000.000000	96.521	9.9227
3040.000000	96.619	8.3011
3070.000000	96.704	6.9896
3110.000000	96.830	5.0924
3150.000000	96.967	3.0044
3200.000000	97.143	0.0961
3250.000000	97.310	-3.1588
3300.000000	97.447	-6.7424
3350.000000	97.538	-10.5934
3400.000000	97.564	-14.6026
3450.000000	97.516	-18.6149
3500.000000	97.392	-22.4598
3550.000000	97.201	-25.9705
3600.000000	96.961	-29.0213
3650.000000	96.694	-31.5510
3700.000000	96.420	-33.5452
3750.000000	96.156	-35.0230
3820.000000	95.829	-36.3071
3870.000000	95.641	-36.7427
3950.000000	95.439	-36.8093
4000.000000	95.378	-36.5723
4060.000000	95.370	-36.1285
4120.000000	95.433	-35.6182
4180.000000	95.564	-35.1617
4250.000000	95.791	-34.8422
4310.000000	96.034	-34.8558
4370.000000	96.302	-35.2065
4440.000000	96.622	-36.0810
4500.000000	96.878	-37.2128
4550.000000	97.065	-38.3910
4620.000000	97.270	-40.3030
4680.000000	97.380	-42.0685
4750.000000	97.429	-44.1121
4820.000000	97.397	-45.9740
4870.000000	97.332	-47.1147
4940.000000	97.195	-48.3740
5000.000000	97.049	-49.1080
5080.000000	96.836	-49.5801
5150.000000	96.650	-49.5437
5220.000000	96.477	-49.1439
5300.000000	96.305	-48.3325
5380.000000	96.168	-47.2390
5450.000000	96.075	-46.1108
5520.000000	96.005	-44.8536
5600.000000	95.954	-43.2758
5700.000000	95.936	-41.1125
5800.000000	95.980	-38.8037
5900.000000	96.094	-36.4814
6000.000000	96.275	-34.3212
6080.000000	96.457	-32.8054
6150.000000	96.635	-31.6617
6220.000000	96.830	-30.6963
6300.000000	97.073	-29.8214
6400.000000	97.408	-29.1028
6500.000000	97.748	-28.8392
6600.000000	98.065	-29.0399
6700.000000	98.336	-29.6700
6800.000000	98.546	-30.6472
6900.000000	98.685	-31.8630
7000.000000	98.748	-33.2095
7100.000000	98.736	-34.6063
7200.000000	98.654	-35.9918
7300.000000	98.501	-37.3459
7400.000000	98.269	-38.6427
7500.000000	97.947	-39.7513
7620.000000	97.448	-40.5822
7750.000000	96.801	-40.6577
7880.000000	96.080	-39.7047
8000.000000	95.379	-37.8354
8120.000000	94.669	-35.1441
8250.000000	93.946	-31.6484
8380.000000	93.284	-27.9271
8500.000000	92.700	-24.4148
8620.000000	92.120	-20.7623
8750.000000	91.489	-16.5319
8850.000000	91.003	-12.9407
9000.000000	90.343	-6.7994
9120.000000	89.911	-1.7938
9250.000000	89.491	3.5387
9380.000000	89.114	8.9031
9500.000000	88.812	13.8453
9620.000000	88.550	18.7225
9750.000000	88.308	23.9077
9880.000000	88.107	28.9746
10000.000000	87.959	33.5406
10150.000000	87.829	39.0823
10300.000000	87.764	44.4027
10440.000000	87.764	49.1172
10600.000000	87.839	54.1092
10750.000000	87.981	58.2926
10900.000000	88.185	61.8978
11060.000000	88.461	65.0257
11200.000000	88.742	67.1016
11380.000000	89.140	68.7885
11500.000000	89.412	69.2763
11720.000000	89.886	68.9022
11800.000000	90.041	68.3982
12060.000000	90.454	65.6928
12200.000000	90.612	63.7159
12410.000000	90.779	60.3006
12500.000000	90.834	58.7129
12650.000000	90.916	55.8891
12800.000000	90.980	52.7879
13150.000000	90.955	44.2444
13200.000000	90.919	42.8946
13400.000000	90.670	37.4045
13600.000000	90.265	32.2982
13800.000000	89.831	28.0323
14000.000000	89.552	23.9222
14300.000000	89.387	14.4462
14500.000000	89.075	4.9703
14750.000000	88.075	-8.5979
15000.000000	86.412	-21.3568
15250.000000	84.381	-31.9242
15500.000000	82.296	-40.6415
15750.000000	80.366	-48.6266
16000.000000	78.739	-57.1585
16250.000000	77.554	-67.4318
16500.000000	76.813	-80.6173
16750.000000	76.456	-97.8130
17000.000000	76.359	-119.8123
17250.000000	76.257	-146.5117
17500.000000	75.811	-176.4361
17750.000000	74.842	152.7365
18000.000000	73.450	122.6910
18250.000000	71.782	93.6273
18500.000000	69.885	65.7725
18750.000000	68.459	38.6705
19000.000000	68.229	4.9886
19250.000000	67.601	-39.5328
19500.000000	65.797	-91.6007
19750.000000	63.210	-151.5574
20000.000000	60.998	147.0219
