* Measurement data measured by REW V5.31.3
* Source: USB-C to 3.5mm Headphone Jack Adapter, USB-C to 3.5mm Headphone Jack Adapter, 0, volume: 0.295
* Format: 256k Log Swept Sine, 4 sweeps at -12.0 dBFS with no timing reference
* Dated: Nov 9, 2024 5:06:59 PM
* REW Settings:
*  C-weighting compensation: Off
*  Target level: 75.0 dB
* Note: ; 
* Measurement: AFUL Explorer EP-EX11 R
* Smoothing: 1/24 octave
* Frequency Step: 1/48 octave
* Start Frequency: 20.300 Hz
*
* Freq(Hz)	SPL(dB)	Phase(degrees)
20.299999	104.002	-171.1163
20.600000	104.004	-171.7841
20.900000	104.004	-172.4924
21.200001	104.003	-173.1883
21.400000	104.004	-173.6455
21.799999	104.008	-174.5479
22.000000	104.011	-174.9933
22.400000	104.017	-175.8686
22.700001	104.019	-176.5073
23.000000	104.020	-177.1291
23.299999	104.018	-177.7354
23.600000	104.015	-178.3301
24.000000	104.007	-179.1134
24.299999	104.000	-179.6981
24.700001	103.990	179.5236
25.000000	103.981	178.9412
25.400000	103.969	178.1685
25.799999	103.956	177.4044
26.200001	103.941	176.6571
26.500000	103.928	176.1137
26.900000	103.909	175.4174
27.200001	103.894	174.9153
27.600000	103.874	174.2623
28.000000	103.856	173.6122
28.500000	103.833	172.7896
29.000000	103.808	171.9705
29.500000	103.780	171.1891
30.000000	103.755	170.4580
30.400000	103.737	169.8929
30.700001	103.724	169.4674
31.100000	103.706	168.8886
31.500000	103.682	168.2990
32.000000	103.646	167.5665
32.500000	103.607	166.8603
33.000000	103.570	166.1812
33.500000	103.538	165.5122
34.000000	103.509	164.8420
34.500000	103.478	164.1794
35.000000	103.445	163.5459
35.500000	103.411	162.9518
36.000000	103.381	162.3820
36.500000	103.352	161.8105
37.000000	103.320	161.2303
37.500000	103.283	160.6638
38.200001	103.228	159.9311
38.700001	103.193	159.4236
39.500000	103.140	158.5409
40.000000	103.101	157.9573
40.599998	103.046	157.2982
41.200001	102.991	156.7113
41.799999	102.943	156.1549
42.500000	102.888	155.4933
43.099998	102.842	154.9181
43.700001	102.799	154.3421
44.400002	102.750	153.6715
45.000000	102.705	153.1188
45.500000	102.665	152.6862
46.200001	102.606	152.1103
46.799999	102.555	151.6188
47.500000	102.499	151.0338
48.200001	102.446	150.4471
48.700001	102.408	150.0405
49.400002	102.355	149.4976
50.000000	102.311	149.0419
50.799999	102.249	148.4251
51.500000	102.191	147.9072
52.200001	102.132	147.4433
53.000000	102.066	146.9432
53.799999	102.002	146.3950
54.500000	101.947	145.8609
55.200001	101.893	145.3475
56.000000	101.834	144.8682
57.000000	101.753	144.3636
58.000000	101.673	143.7619
59.000000	101.631	142.8057
60.000000	101.569	141.8325
60.799999	101.487	141.5613
61.500000	101.422	141.5382
62.200001	101.363	141.3648
63.000000	101.293	140.9517
64.000000	101.219	140.4354
65.000000	101.146	139.9485
66.000000	101.061	139.4441
67.000000	100.994	138.9163
68.000000	100.918	138.5466
69.000000	100.798	138.0065
70.000000	100.589	136.9730
71.000000	100.426	136.4466
72.000000	100.471	136.4238
73.000000	100.530	136.2305
74.000000	100.484	135.9731
75.000000	100.405	135.5334
76.199997	100.321	134.9724
77.500000	100.240	134.5504
78.800003	100.151	134.1147
80.000000	100.077	133.6694
81.199997	99.991	133.2415
82.500000	99.894	132.7872
83.800003	99.807	132.3502
85.000000	99.731	131.9924
86.199997	99.654	131.6631
87.500000	99.568	131.2915
88.500000	99.496	130.9856
90.000000	99.403	130.5085
91.199997	99.339	130.1197
92.500000	99.264	129.8093
93.800003	99.188	129.5404
95.000000	99.117	129.1861
96.199997	99.035	128.8622
97.500000	98.942	128.6719
98.800003	98.850	128.5189
100.000000	98.775	128.2905
101.500000	98.692	128.0301
103.000000	98.621	127.7834
104.400002	98.557	127.4336
106.000000	98.470	127.0983
107.500000	98.387	126.9241
109.000000	98.311	126.7099
110.599998	98.242	126.4600
112.000000	98.181	126.2364
113.800003	98.100	126.0004
115.000000	98.046	125.8799
117.199997	97.968	125.6679
118.000000	97.949	125.5543
120.599998	97.877	125.2590
122.000000	97.848	124.9836
124.099998	97.792	124.3454
125.000000	97.762	124.0983
126.500000	97.709	123.6867
128.000000	97.649	123.2948
131.500000	97.494	122.6648
132.000000	97.470	122.6041
134.000000	97.377	122.2265
136.000000	97.299	121.7806
138.000000	97.241	121.4520
140.000000	97.153	120.8758
143.000000	97.004	120.4463
145.000000	96.938	120.4666
147.500000	96.866	120.2355
150.000000	96.792	119.9691
152.500000	96.710	119.6774
155.000000	96.614	119.3437
157.500000	96.521	119.0233
160.000000	96.449	118.8282
162.500000	96.378	118.5539
165.000000	96.313	118.1879
167.500000	96.242	117.9613
170.000000	96.147	117.6636
172.500000	96.057	117.3418
175.000000	95.979	117.2065
177.500000	95.886	117.2423
180.000000	95.799	117.3087
182.500000	95.751	116.7969
185.000000	95.705	116.3330
187.500000	95.644	116.0622
190.000000	95.580	115.8387
192.500000	95.518	115.6126
195.000000	95.458	115.3954
197.500000	95.399	115.1873
200.000000	95.342	114.9800
203.000000	95.275	114.7230
206.000000	95.207	114.4938
209.000000	95.137	114.2357
212.000000	95.068	113.9183
214.000000	95.033	113.7968
218.000000	94.970	113.5931
220.000000	94.935	113.4448
224.000000	94.866	113.1627
227.000000	94.814	112.9534
230.000000	94.763	112.7307
233.000000	94.714	112.5251
236.000000	94.670	112.3362
240.000000	94.616	112.0835
243.000000	94.570	111.8689
247.000000	94.511	111.5875
250.000000	94.469	111.3641
254.000000	94.414	111.0712
258.000000	94.363	110.8536
262.000000	94.313	110.6210
265.000000	94.274	110.4176
269.000000	94.226	110.1418
272.000000	94.193	109.9421
276.000000	94.150	109.6877
280.000000	94.108	109.4333
285.000000	94.057	109.1147
290.000000	94.010	108.8109
295.000000	93.958	108.5614
300.000000	93.906	108.4155
304.000000	93.882	108.0608
307.000000	93.865	107.8022
311.000000	93.836	107.5295
315.000000	93.806	107.2803
320.000000	93.769	106.9614
325.000000	93.737	106.6445
330.000000	93.707	106.3384
335.000000	93.679	106.0310
340.000000	93.651	105.7234
345.000000	93.624	105.4149
350.000000	93.597	105.1227
355.000000	93.573	104.8428
360.000000	93.551	104.5667
365.000000	93.531	104.2358
370.000000	93.511	103.9172
375.000000	93.493	103.6179
382.000000	93.469	103.1926
387.000000	93.453	102.8916
395.000000	93.427	102.4053
400.000000	93.413	102.1005
406.000000	93.397	101.7308
412.000000	93.390	101.3196
418.000000	93.395	100.8203
425.000000	93.372	100.4690
431.000000	93.344	100.2184
437.000000	93.327	99.8850
444.000000	93.311	99.4754
450.000000	93.300	99.1262
455.000000	93.290	98.8356
462.000000	93.276	98.4270
468.000000	93.263	98.0792
475.000000	93.248	97.6774
482.000000	93.231	97.2978
487.000000	93.218	97.0499
494.000000	93.210	96.7113
500.000000	93.205	96.3354
508.000000	93.180	95.7537
515.000000	93.136	95.2824
522.000000	93.068	94.8941
530.000000	92.949	94.7679
538.000000	92.845	95.5274
545.000000	92.910	96.7870
552.000000	93.125	97.1736
560.000000	93.322	96.2431
570.000000	93.395	94.8300
580.000000	93.392	93.8439
590.000000	93.376	93.1214
600.000000	93.361	92.5368
608.000000	93.350	92.1100
615.000000	93.342	91.7635
622.000000	93.334	91.4442
630.000000	93.327	91.1050
640.000000	93.321	90.7141
650.000000	93.318	90.3592
660.000000	93.318	90.0344
670.000000	93.315	89.7010
680.000000	93.314	89.3850
690.000000	93.315	89.0847
700.000000	93.317	88.7966
710.000000	93.319	88.5241
720.000000	93.321	88.2701
730.000000	93.324	88.0506
740.000000	93.329	87.8500
750.000000	93.333	87.6645
762.000000	93.340	87.4672
775.000000	93.350	87.2842
788.000000	93.363	87.1298
800.000000	93.375	87.0097
812.000000	93.388	86.9088
825.000000	93.403	86.8229
838.000000	93.420	86.7570
850.000000	93.442	86.7119
862.000000	93.467	86.6721
875.000000	93.498	86.6434
885.000000	93.525	86.6282
900.000000	93.573	86.6102
912.000000	93.610	86.6096
925.000000	93.654	86.6101
938.000000	93.705	86.6051
950.000000	93.755	86.6006
962.000000	93.809	86.5895
975.000000	93.871	86.5490
988.000000	93.936	86.4943
1000.000000	93.998	86.4351
1015.000000	94.076	86.3377
1030.000000	94.159	86.2109
1044.000000	94.238	86.0700
1060.000000	94.329	85.8799
1075.000000	94.414	85.6725
1090.000000	94.498	85.4268
1106.000000	94.586	85.1306
1120.000000	94.661	84.8509
1138.000000	94.753	84.4575
1150.000000	94.815	84.1844
1172.000000	94.922	83.6618
1180.000000	94.958	83.4642
1206.000000	95.067	82.8032
1220.000000	95.121	82.4295
1241.000000	95.197	81.8864
1250.000000	95.229	81.6661
1265.000000	95.281	81.2990
1280.000000	95.330	80.9261
1315.000000	95.431	80.1756
1320.000000	95.444	80.0799
1340.000000	95.494	79.7304
1360.000000	95.541	79.4678
1380.000000	95.588	79.3096
1400.000000	95.643	79.2799
1430.000000	95.764	79.4260
1450.000000	95.883	79.5524
1475.000000	96.076	79.5329
1500.000000	96.295	79.1326
1525.000000	96.500	78.3207
1550.000000	96.663	77.2642
1575.000000	96.781	76.1729
1600.000000	96.861	75.1645
1625.000000	96.917	74.2874
1650.000000	96.961	73.5735
1675.000000	97.007	73.0103
1700.000000	97.066	72.5621
1725.000000	97.146	72.1830
1750.000000	97.249	71.7924
1775.000000	97.372	71.3023
1800.000000	97.507	70.6549
1825.000000	97.639	69.8462
1850.000000	97.759	68.9233
1875.000000	97.866	67.9634
1900.000000	97.965	67.0239
1925.000000	98.068	66.1082
1950.000000	98.183	65.1601
1975.000000	98.311	64.1018
2000.000000	98.445	62.8653
2030.000000	98.596	61.1143
2060.000000	98.716	59.1399
2090.000000	98.796	57.0427
2120.000000	98.840	54.9083
2140.000000	98.849	53.5007
2180.000000	98.830	50.7833
2200.000000	98.806	49.4900
2240.000000	98.742	47.0503
2270.000000	98.687	45.3316
2300.000000	98.632	43.6794
2330.000000	98.577	42.0524
2360.000000	98.521	40.4170
2400.000000	98.434	38.2163
2430.000000	98.356	36.5706
2470.000000	98.232	34.4474
2500.000000	98.129	32.9474
2540.000000	97.986	31.1000
2580.000000	97.847	29.4243
2620.000000	97.719	27.8931
2650.000000	97.633	26.8135
2690.000000	97.533	25.4407
2720.000000	97.469	24.4480
2760.000000	97.398	23.1620
2800.000000	97.345	21.9101
2850.000000	97.307	20.3813
2900.000000	97.304	18.8623
2950.000000	97.341	17.3048
3000.000000	97.416	15.6561
3040.000000	97.504	14.2412
3070.000000	97.586	13.1011
3110.000000	97.716	11.4478
3150.000000	97.865	9.6126
3200.000000	98.071	7.0032
3250.000000	98.280	3.9968
3300.000000	98.472	0.5970
3350.000000	98.625	-3.1444
3400.000000	98.720	-7.1340
3450.000000	98.745	-11.2391
3500.000000	98.694	-15.3023
3550.000000	98.569	-19.1691
3600.000000	98.379	-22.7000
3650.000000	98.140	-25.7805
3700.000000	97.870	-28.3456
3750.000000	97.588	-30.3661
3820.000000	97.211	-32.2959
3870.000000	96.972	-33.0908
3950.000000	96.675	-33.5345
4000.000000	96.551	-33.4130
4060.000000	96.471	-32.9979
4120.000000	96.467	-32.4225
4180.000000	96.537	-31.8149
4250.000000	96.703	-31.2202
4310.000000	96.902	-30.9253
4370.000000	97.139	-30.9064
4440.000000	97.439	-31.2959
4500.000000	97.696	-31.9920
4550.000000	97.894	-32.8119
4620.000000	98.131	-34.2533
4680.000000	98.284	-35.6671
4750.000000	98.395	-37.3881
4820.000000	98.432	-39.0380
4870.000000	98.419	-40.0929
4940.000000	98.352	-41.3135
5000.000000	98.264	-42.0732
5080.000000	98.120	-42.6442
5150.000000	97.986	-42.7346
5220.000000	97.857	-42.4771
5300.000000	97.728	-41.8187
5380.000000	97.629	-40.8381
5450.000000	97.572	-39.7750
5520.000000	97.544	-38.5710
5600.000000	97.551	-37.0817
5700.000000	97.615	-35.1421
5800.000000	97.738	-33.2114
5900.000000	97.918	-31.3817
6000.000000	98.147	-29.7465
6080.000000	98.360	-28.6381
6150.000000	98.564	-27.8518
6220.000000	98.783	-27.2617
6300.000000	99.050	-26.8474
6400.000000	99.406	-26.7365
6500.000000	99.756	-27.0969
6600.000000	100.071	-27.9178
6700.000000	100.333	-29.1630
6800.000000	100.526	-30.7614
6900.000000	100.636	-32.6156
7000.000000	100.654	-34.6019
7100.000000	100.580	-36.5832
7200.000000	100.422	-38.4618
7300.000000	100.185	-40.2043
7400.000000	99.864	-41.7584
7500.000000	99.459	-43.0002
7620.000000	98.878	-43.9027
7750.000000	98.165	-44.0602
7880.000000	97.391	-43.3123
8000.000000	96.633	-41.8239
8120.000000	95.830	-39.6205
8250.000000	94.950	-36.5038
8380.000000	94.100	-32.7294
8500.000000	93.356	-28.7638
8620.000000	92.657	-24.4312
8750.000000	91.947	-19.4553
8850.000000	91.420	-15.4432
9000.000000	90.677	-8.6933
9120.000000	90.201	-2.9293
9250.000000	89.779	3.0745
9380.000000	89.413	8.9105
9500.000000	89.119	14.1848
9620.000000	88.866	19.3327
9750.000000	88.635	24.7446
9880.000000	88.445	29.9743
10000.000000	88.308	34.6366
10150.000000	88.190	40.2260
10300.000000	88.135	45.5351
10440.000000	88.145	50.1652
10600.000000	88.226	54.9408
10750.000000	88.362	58.8067
10900.000000	88.541	62.0117
11060.000000	88.769	64.6640
11200.000000	88.985	66.3123
11380.000000	89.261	67.5126
11500.000000	89.429	67.7816
11720.000000	89.677	67.3660
11800.000000	89.744	66.9941
12060.000000	89.875	65.3204
12200.000000	89.907	64.2707
12410.000000	89.940	62.5982
12500.000000	89.962	61.8302
12650.000000	90.016	60.4155
12800.000000	90.083	58.7496
13150.000000	90.159	53.6048
13200.000000	90.147	52.7524
13400.000000	90.025	49.3115
13600.000000	89.814	46.3661
13800.000000	89.675	44.2908
14000.000000	89.822	42.1600
14300.000000	90.576	34.3332
14500.000000	91.024	24.1051
14750.000000	90.909	6.6794
15000.000000	89.775	-12.2446
15250.000000	87.861	-29.3624
15500.000000	85.646	-44.0837
15750.000000	83.515	-57.8633
16000.000000	81.675	-72.6691
16250.000000	80.206	-90.1110
16500.000000	78.980	-110.9604
16750.000000	77.782	-134.7966
17000.000000	76.470	-160.1418
17250.000000	75.025	174.8409
17500.000000	73.533	151.3784
17750.000000	72.115	129.5283
18000.000000	70.836	108.1944
18250.000000	69.595	86.1470
18500.000000	68.250	63.0137
18750.000000	67.067	38.3760
19000.000000	66.583	7.9501
19250.000000	65.930	-32.2566
19500.000000	64.346	-80.8998
19750.000000	62.016	-138.2313
20000.000000	59.995	162.5225
