* Measurement data measured by REW V5.31.3
* Source: USB-C to 3.5mm Headphone Jack Adapter, USB-C to 3.5mm Headphone Jack Adapter, 0, volume: 0.295
* Format: 256k Log Swept Sine, 4 sweeps at -12.0 dBFS with no timing reference
* Dated: Nov 6, 2024 7:44:48 PM
* REW Settings:
*  C-weighting compensation: Off
*  Target level: 75.0 dB
* Note: ; 
* Measurement: AFUL Explorer L
* Smoothing: 1/24 octave
* Frequency Step: 1/48 octave
* Start Frequency: 20.300 Hz
*
* Freq(Hz)	SPL(dB)	Phase(degrees)
20.299999	102.487	-168.3063
20.600000	102.495	-168.9263
20.900000	102.501	-169.6015
21.200001	102.505	-170.2866
21.400000	102.508	-170.7475
21.799999	102.514	-171.6764
22.000000	102.517	-172.1413
22.400000	102.525	-173.0636
22.700001	102.530	-173.7425
23.000000	102.534	-174.4062
23.299999	102.536	-175.0528
23.600000	102.537	-175.6821
24.000000	102.535	-176.4967
24.299999	102.533	-177.0927
24.700001	102.529	-177.8739
25.000000	102.525	-178.4537
25.400000	102.519	-179.2213
25.799999	102.511	-179.9813
26.200001	102.501	179.2727
26.500000	102.491	178.7268
26.900000	102.476	178.0208
27.200001	102.464	177.5071
27.600000	102.449	176.8377
28.000000	102.434	176.1768
28.500000	102.417	175.3506
29.000000	102.400	174.5242
29.500000	102.382	173.7131
30.000000	102.361	172.9340
30.400000	102.344	172.3358
30.700001	102.331	171.8984
31.100000	102.313	171.3240
31.500000	102.295	170.7546
32.000000	102.269	170.0474
32.500000	102.241	169.3456
33.000000	102.212	168.6490
33.500000	102.182	167.9597
34.000000	102.150	167.2859
34.500000	102.119	166.6385
35.000000	102.089	166.0181
35.500000	102.063	165.4115
36.000000	102.037	164.8034
36.500000	102.010	164.1913
37.000000	101.978	163.5859
37.500000	101.945	162.9969
38.200001	101.901	162.1934
38.700001	101.874	161.6199
39.500000	101.832	160.6994
40.000000	101.802	160.1415
40.599998	101.761	159.5131
41.200001	101.715	158.9309
41.799999	101.668	158.3712
42.500000	101.616	157.7044
43.099998	101.573	157.1133
43.700001	101.528	156.5301
44.400002	101.475	155.8911
45.000000	101.431	155.3694
45.500000	101.395	154.9319
46.200001	101.347	154.2974
46.799999	101.305	153.7463
47.500000	101.256	153.1307
48.200001	101.206	152.5656
48.700001	101.170	152.1835
49.400002	101.119	151.6489
50.000000	101.074	151.1785
50.799999	101.014	150.5630
51.500000	100.965	150.0651
52.200001	100.919	149.5845
53.000000	100.866	148.9929
53.799999	100.803	148.3532
54.500000	100.744	147.8329
55.200001	100.691	147.4034
56.000000	100.642	146.9524
57.000000	100.572	146.3069
58.000000	100.486	145.6231
59.000000	100.417	144.8931
60.000000	100.347	144.2220
60.799999	100.284	143.8896
61.500000	100.236	143.6544
62.200001	100.191	143.3278
63.000000	100.134	142.8407
64.000000	100.061	142.2576
65.000000	99.993	141.7390
66.000000	99.911	141.1844
67.000000	99.826	140.6528
68.000000	99.768	140.1441
69.000000	99.717	139.6442
70.000000	99.653	139.1966
71.000000	99.581	138.7370
72.000000	99.508	138.2657
73.000000	99.439	137.8325
74.000000	99.373	137.4229
75.000000	99.306	137.0059
76.199997	99.226	136.5294
77.500000	99.145	136.0255
78.800003	99.064	135.4945
80.000000	98.990	135.0359
81.199997	98.920	134.5916
82.500000	98.842	134.0894
83.800003	98.762	133.6274
85.000000	98.689	133.2277
86.199997	98.612	132.8348
87.500000	98.528	132.4107
88.500000	98.466	132.0834
90.000000	98.377	131.6082
91.199997	98.311	131.2419
92.500000	98.237	130.8613
93.800003	98.156	130.5164
95.000000	98.082	130.2058
96.199997	98.012	129.8704
97.500000	97.936	129.5017
98.800003	97.861	129.1646
100.000000	97.797	128.8568
101.500000	97.715	128.4659
103.000000	97.629	128.1065
104.400002	97.546	127.8026
106.000000	97.449	127.5244
107.500000	97.367	127.2943
109.000000	97.293	127.0791
110.599998	97.221	126.9044
112.000000	97.166	126.7483
113.800003	97.111	126.5181
115.000000	97.078	126.3813
117.199997	97.024	126.0499
118.000000	97.012	125.8835
120.599998	96.934	125.2096
122.000000	96.868	124.7717
124.099998	96.781	124.2069
125.000000	96.747	124.0182
126.500000	96.689	123.7609
128.000000	96.630	123.4968
131.500000	96.490	122.7463
132.000000	96.469	122.6450
134.000000	96.390	122.2546
136.000000	96.318	121.8937
138.000000	96.249	121.5842
140.000000	96.178	121.2989
143.000000	96.064	120.8383
145.000000	95.994	120.5631
147.500000	95.911	120.2633
150.000000	95.837	119.9515
152.500000	95.772	119.5786
155.000000	95.696	119.2764
157.500000	95.618	119.0260
160.000000	95.551	118.7253
162.500000	95.484	118.4123
165.000000	95.414	118.0955
167.500000	95.344	117.7683
170.000000	95.274	117.4447
172.500000	95.202	117.0905
175.000000	95.134	116.7510
177.500000	95.065	116.3985
180.000000	94.997	116.0542
182.500000	94.936	115.8535
185.000000	94.876	115.6300
187.500000	94.813	115.3706
190.000000	94.749	115.1016
192.500000	94.688	114.8391
195.000000	94.629	114.5867
197.500000	94.570	114.3414
200.000000	94.515	114.0960
203.000000	94.453	113.8005
206.000000	94.396	113.5106
209.000000	94.340	113.2410
212.000000	94.286	112.9853
214.000000	94.251	112.8030
218.000000	94.183	112.4134
220.000000	94.150	112.2342
224.000000	94.087	111.8782
227.000000	94.042	111.5958
230.000000	93.996	111.3176
233.000000	93.949	111.0649
236.000000	93.905	110.8156
240.000000	93.851	110.4708
243.000000	93.811	110.2160
247.000000	93.758	109.8855
250.000000	93.719	109.6560
254.000000	93.668	109.3315
258.000000	93.618	109.0304
262.000000	93.569	108.7113
265.000000	93.535	108.4625
269.000000	93.490	108.1470
272.000000	93.459	107.9240
276.000000	93.420	107.6358
280.000000	93.381	107.3408
285.000000	93.333	106.9675
290.000000	93.286	106.6128
295.000000	93.241	106.2620
300.000000	93.198	105.9096
304.000000	93.168	105.6277
307.000000	93.147	105.4226
311.000000	93.118	105.1548
315.000000	93.089	104.8929
320.000000	93.056	104.5723
325.000000	93.025	104.2500
330.000000	92.995	103.9308
335.000000	92.967	103.6180
340.000000	92.941	103.3172
345.000000	92.917	103.0295
350.000000	92.894	102.7487
355.000000	92.874	102.4776
360.000000	92.858	102.2231
365.000000	92.845	101.9738
370.000000	92.835	101.7196
375.000000	92.829	101.4637
382.000000	92.827	101.1199
387.000000	92.831	100.8526
395.000000	92.844	100.3638
400.000000	92.853	100.0023
406.000000	92.860	99.5412
412.000000	92.864	99.0619
418.000000	92.865	98.5773
425.000000	92.865	98.0458
431.000000	92.861	97.5854
437.000000	92.854	97.1131
444.000000	92.841	96.5761
450.000000	92.824	96.1545
455.000000	92.807	95.8352
462.000000	92.781	95.5015
468.000000	92.772	95.3577
475.000000	92.804	95.2068
482.000000	92.857	94.7639
487.000000	92.882	94.3020
494.000000	92.895	93.6433
500.000000	92.898	93.1207
508.000000	92.899	92.4451
515.000000	92.902	91.8224
522.000000	92.898	91.1228
530.000000	92.864	90.1735
538.000000	92.766	89.2804
545.000000	92.646	88.9901
552.000000	92.560	89.1728
560.000000	92.536	89.4497
570.000000	92.560	89.4745
580.000000	92.587	89.2460
590.000000	92.605	88.9229
600.000000	92.617	88.5790
608.000000	92.623	88.3022
615.000000	92.627	88.0633
622.000000	92.630	87.8325
630.000000	92.634	87.5852
640.000000	92.637	87.2943
650.000000	92.639	87.0249
660.000000	92.641	86.7708
670.000000	92.646	86.5168
680.000000	92.651	86.2956
690.000000	92.655	86.1004
700.000000	92.661	85.9186
710.000000	92.668	85.7565
720.000000	92.675	85.6137
730.000000	92.683	85.4915
740.000000	92.692	85.3884
750.000000	92.703	85.3040
762.000000	92.720	85.2283
775.000000	92.740	85.1819
788.000000	92.762	85.1368
800.000000	92.784	85.1218
812.000000	92.806	85.1335
825.000000	92.832	85.1664
838.000000	92.862	85.2166
850.000000	92.893	85.2748
862.000000	92.928	85.3457
875.000000	92.971	85.4342
885.000000	93.007	85.5065
900.000000	93.067	85.6215
912.000000	93.119	85.7191
925.000000	93.180	85.8196
938.000000	93.246	85.9158
950.000000	93.310	85.9995
962.000000	93.379	86.0739
975.000000	93.457	86.1402
988.000000	93.539	86.1910
1000.000000	93.617	86.2208
1015.000000	93.718	86.2333
1030.000000	93.822	86.2161
1044.000000	93.921	86.1695
1060.000000	94.037	86.0789
1075.000000	94.147	85.9595
1090.000000	94.256	85.8064
1106.000000	94.374	85.6053
1120.000000	94.475	85.3976
1138.000000	94.603	85.0949
1150.000000	94.687	84.8704
1172.000000	94.837	84.4149
1180.000000	94.890	84.2375
1206.000000	95.056	83.6277
1220.000000	95.142	83.2828
1241.000000	95.267	82.7477
1250.000000	95.321	82.5134
1265.000000	95.412	82.1161
1280.000000	95.502	81.7119
1315.000000	95.703	80.7665
1320.000000	95.731	80.6315
1340.000000	95.839	80.0922
1360.000000	95.944	79.5552
1380.000000	96.046	79.0217
1400.000000	96.145	78.4914
1430.000000	96.290	77.7025
1450.000000	96.386	77.1823
1475.000000	96.504	76.5335
1500.000000	96.622	75.8825
1525.000000	96.739	75.2304
1550.000000	96.857	74.5660
1575.000000	96.974	73.8835
1600.000000	97.089	73.1801
1625.000000	97.202	72.4486
1650.000000	97.312	71.6876
1675.000000	97.422	70.8929
1700.000000	97.531	70.0593
1725.000000	97.639	69.1849
1750.000000	97.745	68.2681
1775.000000	97.849	67.3059
1800.000000	97.949	66.2952
1825.000000	98.046	65.2331
1850.000000	98.139	64.1180
1875.000000	98.226	62.9511
1900.000000	98.307	61.7348
1925.000000	98.380	60.4707
1950.000000	98.446	59.1615
1975.000000	98.504	57.8124
2000.000000	98.553	56.4276
2030.000000	98.601	54.7234
2060.000000	98.635	52.9819
2090.000000	98.653	51.2164
2120.000000	98.656	49.4388
2140.000000	98.649	48.2526
2180.000000	98.615	45.8906
2200.000000	98.588	44.7222
2240.000000	98.516	42.4315
2270.000000	98.448	40.7613
2300.000000	98.368	39.1400
2330.000000	98.280	37.5789
2360.000000	98.183	36.0820
2400.000000	98.045	34.1912
2430.000000	97.937	32.8539
2470.000000	97.791	31.1787
2500.000000	97.683	30.0031
2540.000000	97.543	28.5385
2580.000000	97.411	27.1827
2620.000000	97.289	25.9284
2650.000000	97.206	25.0469
2690.000000	97.109	23.9377
2720.000000	97.047	23.1488
2760.000000	96.982	22.1407
2800.000000	96.938	21.1673
2850.000000	96.918	19.9688
2900.000000	96.938	18.7496
2950.000000	97.001	17.4515
3000.000000	97.107	16.0081
3040.000000	97.221	14.7058
3070.000000	97.323	13.6206
3110.000000	97.477	12.0000
3150.000000	97.645	10.1501
3200.000000	97.867	7.4809
3250.000000	98.085	4.3950
3300.000000	98.280	0.9005
3350.000000	98.433	-2.9581
3400.000000	98.525	-7.1000
3450.000000	98.541	-11.3983
3500.000000	98.474	-15.7009
3550.000000	98.323	-19.8395
3600.000000	98.095	-23.6528
3650.000000	97.808	-27.0098
3700.000000	97.481	-29.8243
3750.000000	97.135	-32.0525
3820.000000	96.660	-34.1956
3870.000000	96.350	-35.0911
3950.000000	95.940	-35.6411
4000.000000	95.746	-35.5728
4060.000000	95.574	-35.2059
4120.000000	95.470	-34.6353
4180.000000	95.430	-33.9494
4250.000000	95.461	-33.0975
4310.000000	95.547	-32.4077
4370.000000	95.682	-31.8325
4440.000000	95.887	-31.3821
4500.000000	96.090	-31.2350
4550.000000	96.270	-31.2996
4620.000000	96.523	-31.6764
4680.000000	96.729	-32.2494
4750.000000	96.943	-33.1668
4820.000000	97.116	-34.2856
4870.000000	97.208	-35.1617
4940.000000	97.290	-36.4204
5000.000000	97.317	-37.4587
5080.000000	97.294	-38.6790
5150.000000	97.226	-39.5145
5220.000000	97.125	-40.0818
5300.000000	96.980	-40.3691
5380.000000	96.818	-40.2563
5450.000000	96.672	-39.8304
5520.000000	96.531	-39.1050
5600.000000	96.386	-37.9261
5700.000000	96.247	-35.9792
5800.000000	96.178	-33.6235
5900.000000	96.192	-31.0464
6000.000000	96.293	-28.4620
6080.000000	96.428	-26.5110
6150.000000	96.581	-24.9482
6220.000000	96.763	-23.5554
6300.000000	97.005	-22.2066
6400.000000	97.355	-20.9329
6500.000000	97.725	-20.1573
6600.000000	98.085	-19.9062
6700.000000	98.412	-20.1642
6800.000000	98.683	-20.8818
6900.000000	98.882	-21.9642
7000.000000	98.995	-23.2731
7100.000000	99.017	-24.6497
7200.000000	98.956	-25.9553
7300.000000	98.822	-27.1108
7400.000000	98.621	-28.0797
7500.000000	98.356	-28.8002
7620.000000	97.966	-29.2324
7750.000000	97.479	-29.0906
7880.000000	96.946	-28.3229
8000.000000	96.411	-27.0906
8120.000000	95.823	-25.3876
8250.000000	95.159	-23.0459
8380.000000	94.502	-20.2301
8500.000000	93.915	-17.2660
8620.000000	93.352	-14.0454
8750.000000	92.752	-10.3803
8850.000000	92.270	-7.2296
9000.000000	91.637	-1.1696
9120.000000	91.314	3.5992
9250.000000	91.014	8.1565
9380.000000	90.731	12.5649
9500.000000	90.501	16.5805
9620.000000	90.308	20.4873
9750.000000	90.138	24.5333
9880.000000	90.004	28.3578
10000.000000	89.912	31.6883
10150.000000	89.846	35.5613
10300.000000	89.833	39.0558
10440.000000	89.870	41.8918
10600.000000	89.970	44.4949
10750.000000	90.108	46.1556
10900.000000	90.265	46.9152
11060.000000	90.416	46.6644
11200.000000	90.501	45.5675
11380.000000	90.496	43.1027
11500.000000	90.395	40.9471
11720.000000	89.964	36.4350
11800.000000	89.719	34.7767
12060.000000	88.590	30.5475
12200.000000	87.866	29.9000
12410.000000	86.968	30.5575
12500.000000	86.666	30.8303
12650.000000	86.211	31.1010
12800.000000	85.781	31.3159
13150.000000	84.845	31.8403
13200.000000	84.716	31.9033
13400.000000	84.199	32.2267
13600.000000	83.707	32.9876
13800.000000	83.369	34.2346
14000.000000	83.317	34.8524
14300.000000	83.572	31.1562
14500.000000	83.601	25.1544
14750.000000	83.191	15.3478
15000.000000	82.317	5.0258
15250.000000	81.226	-4.8428
15500.000000	80.211	-14.8427
15750.000000	79.494	-26.7309
16000.000000	79.180	-42.7390
16250.000000	79.120	-64.7969
16500.000000	78.762	-93.0778
16750.000000	77.575	-124.7805
17000.000000	75.534	-155.5026
17250.000000	73.107	177.5076
17500.000000	70.823	154.2343
17750.000000	68.938	132.9839
18000.000000	67.386	111.8961
18250.000000	65.976	89.7910
18500.000000	64.551	65.7199
18750.000000	63.016	38.7167
19000.000000	61.393	8.3705
19250.000000	59.988	-27.6102
19500.000000	58.655	-73.0657
19750.000000	56.696	-129.6841
20000.000000	54.782	171.6389
