* Measurement data measured by REW V5.31.3
* Source: USB-C to 3.5mm Headphone Jack Adapter, USB-C to 3.5mm Headphone Jack Adapter, 0, volume: 0.295
* Format: 256k Log Swept Sine, 4 sweeps at -12.0 dBFS with no timing reference
* Dated: Nov 6, 2024 7:41:19 PM
* REW Settings:
*  C-weighting compensation: Off
*  Target level: 75.0 dB
* Note: ; 
* Measurement: AFUL Explorer Divinus L
* Smoothing: 1/24 octave
* Frequency Step: 1/48 octave
* Start Frequency: 20.300 Hz
*
* Freq(Hz)	SPL(dB)	Phase(degrees)
20.299999	102.652	-167.8452
20.600000	102.659	-168.4941
20.900000	102.662	-169.1845
21.200001	102.661	-169.8635
21.400000	102.660	-170.3091
21.799999	102.661	-171.1885
22.000000	102.663	-171.6245
22.400000	102.670	-172.4928
22.700001	102.678	-173.1436
23.000000	102.687	-173.7960
23.299999	102.695	-174.4510
23.600000	102.700	-175.1076
24.000000	102.703	-175.9786
24.299999	102.701	-176.6208
24.700001	102.695	-177.4513
25.000000	102.688	-178.0510
25.400000	102.679	-178.8213
25.799999	102.671	-179.5681
26.200001	102.665	179.6970
26.500000	102.659	179.1502
26.900000	102.649	178.4301
27.200001	102.639	177.9028
27.600000	102.622	177.2263
28.000000	102.605	176.5846
28.500000	102.588	175.8167
29.000000	102.576	175.0452
29.500000	102.567	174.2317
30.000000	102.548	173.3856
30.400000	102.524	172.7245
30.700001	102.502	172.2606
31.100000	102.472	171.6951
31.500000	102.447	171.1750
32.000000	102.427	170.5298
32.500000	102.414	169.8338
33.000000	102.398	169.0908
33.500000	102.374	168.3571
34.000000	102.346	167.6738
34.500000	102.318	167.0314
35.000000	102.290	166.3980
35.500000	102.258	165.7653
36.000000	102.223	165.1487
36.500000	102.189	164.5533
37.000000	102.161	163.9610
37.500000	102.134	163.3585
38.200001	102.091	162.5378
38.700001	102.056	162.0096
39.500000	102.007	161.2308
40.000000	101.980	160.7179
40.599998	101.944	160.0482
41.200001	101.900	159.3658
41.799999	101.852	158.7254
42.500000	101.801	158.0400
43.099998	101.762	157.4698
43.700001	101.724	156.8910
44.400002	101.678	156.2138
45.000000	101.637	155.6530
45.500000	101.603	155.2031
46.200001	101.553	154.5897
46.799999	101.508	154.0721
47.500000	101.454	153.4779
48.200001	101.402	152.8923
48.700001	101.366	152.4795
49.400002	101.316	151.9156
50.000000	101.273	151.4479
50.799999	101.216	150.8317
51.500000	101.164	150.2834
52.200001	101.110	149.7458
53.000000	101.050	149.1952
53.799999	101.003	148.6785
54.500000	100.962	148.1862
55.200001	100.910	147.6825
56.000000	100.843	147.1540
57.000000	100.768	146.4785
58.000000	100.700	145.7574
59.000000	100.642	145.0703
60.000000	100.575	144.4147
60.799999	100.511	143.9902
61.500000	100.458	143.6698
62.200001	100.408	143.3295
63.000000	100.352	142.9107
64.000000	100.287	142.3699
65.000000	100.226	141.8209
66.000000	100.163	141.3898
67.000000	100.107	140.9965
68.000000	100.038	140.4457
69.000000	99.954	139.8452
70.000000	99.877	139.3104
71.000000	99.805	138.8430
72.000000	99.734	138.4105
73.000000	99.665	137.9664
74.000000	99.598	137.5225
75.000000	99.533	137.0963
76.199997	99.454	136.6135
77.500000	99.373	136.1062
78.800003	99.293	135.5807
80.000000	99.217	135.1019
81.199997	99.141	134.6580
82.500000	99.062	134.2144
83.800003	98.988	133.7450
85.000000	98.915	133.2927
86.199997	98.839	132.9014
87.500000	98.758	132.4668
88.500000	98.695	132.1154
90.000000	98.606	131.6159
91.199997	98.537	131.2399
92.500000	98.462	130.8528
93.800003	98.389	130.5120
95.000000	98.324	130.1896
96.199997	98.257	129.8591
97.500000	98.184	129.5210
98.800003	98.113	129.1812
100.000000	98.045	128.8419
101.500000	97.959	128.4490
103.000000	97.883	128.1083
104.400002	97.811	127.8452
106.000000	97.729	127.4507
107.500000	97.657	126.9929
109.000000	97.586	126.5962
110.599998	97.502	126.2709
112.000000	97.426	125.9787
113.800003	97.335	125.5974
115.000000	97.279	125.3740
117.199997	97.172	124.9922
118.000000	97.130	124.8835
120.599998	96.994	124.5354
122.000000	96.938	124.2786
124.099998	96.872	124.0023
125.000000	96.846	123.9252
126.500000	96.795	123.7598
128.000000	96.734	123.4803
131.500000	96.606	122.7642
132.000000	96.585	122.7067
134.000000	96.507	122.4788
136.000000	96.444	122.1027
138.000000	96.376	121.6467
140.000000	96.336	121.3074
143.000000	96.251	120.9070
145.000000	96.184	120.6763
147.500000	96.113	120.3311
150.000000	96.038	119.9103
152.500000	95.969	119.4881
155.000000	95.893	119.1351
157.500000	95.814	118.8399
160.000000	95.741	118.5021
162.500000	95.668	118.1838
165.000000	95.596	117.8856
167.500000	95.530	117.5602
170.000000	95.462	117.2781
172.500000	95.384	117.0844
175.000000	95.314	116.8354
177.500000	95.252	116.5048
180.000000	95.190	116.1731
182.500000	95.131	115.9041
185.000000	95.074	115.6276
187.500000	95.018	115.3146
190.000000	94.960	114.9959
192.500000	94.899	114.6946
195.000000	94.840	114.4150
197.500000	94.783	114.1456
200.000000	94.728	113.8667
203.000000	94.666	113.5431
206.000000	94.609	113.2338
209.000000	94.553	112.9260
212.000000	94.497	112.6329
214.000000	94.460	112.4331
218.000000	94.386	112.0406
220.000000	94.350	111.8437
224.000000	94.280	111.4704
227.000000	94.230	111.2092
230.000000	94.182	110.9439
233.000000	94.136	110.6727
236.000000	94.091	110.3934
240.000000	94.034	110.0419
243.000000	93.995	109.7862
247.000000	93.943	109.4567
250.000000	93.903	109.2068
254.000000	93.847	108.8544
258.000000	93.795	108.5163
262.000000	93.744	108.1958
265.000000	93.707	107.9549
269.000000	93.658	107.6404
272.000000	93.623	107.4169
276.000000	93.579	107.1191
280.000000	93.538	106.8217
285.000000	93.489	106.4526
290.000000	93.443	106.0798
295.000000	93.400	105.7233
300.000000	93.361	105.3678
304.000000	93.328	105.0725
307.000000	93.304	104.8531
311.000000	93.273	104.5677
315.000000	93.243	104.2881
320.000000	93.209	103.9626
325.000000	93.177	103.6335
330.000000	93.146	103.2872
335.000000	93.117	102.9458
340.000000	93.090	102.6047
345.000000	93.066	102.2619
350.000000	93.042	101.9262
355.000000	93.016	101.6038
360.000000	92.991	101.2937
365.000000	92.968	100.9817
370.000000	92.947	100.6794
375.000000	92.929	100.3938
382.000000	92.904	99.9916
387.000000	92.888	99.7253
395.000000	92.866	99.3560
400.000000	92.857	99.1339
406.000000	92.853	98.8497
412.000000	92.857	98.5843
418.000000	92.867	98.3233
425.000000	92.880	97.8897
431.000000	92.894	97.4932
437.000000	92.908	97.0679
444.000000	92.917	96.5269
450.000000	92.916	96.0442
455.000000	92.909	95.6620
462.000000	92.891	95.2086
468.000000	92.879	94.9576
475.000000	92.895	94.7669
482.000000	92.942	94.3790
487.000000	92.971	93.9342
494.000000	92.992	93.2483
500.000000	92.998	92.6868
508.000000	92.999	91.9808
515.000000	92.998	91.3568
522.000000	92.994	90.6635
530.000000	92.969	89.7393
538.000000	92.889	88.8024
545.000000	92.777	88.3329
552.000000	92.677	88.3456
560.000000	92.629	88.5875
570.000000	92.638	88.6648
580.000000	92.662	88.4687
590.000000	92.679	88.1602
600.000000	92.690	87.8133
608.000000	92.696	87.5324
615.000000	92.699	87.2915
622.000000	92.701	87.0559
630.000000	92.703	86.7963
640.000000	92.705	86.4877
650.000000	92.706	86.1981
660.000000	92.707	85.9301
670.000000	92.710	85.6823
680.000000	92.713	85.4520
690.000000	92.716	85.2390
700.000000	92.720	85.0461
710.000000	92.725	84.8770
720.000000	92.731	84.7277
730.000000	92.739	84.5922
740.000000	92.748	84.4755
750.000000	92.758	84.3751
762.000000	92.772	84.2774
775.000000	92.789	84.1902
788.000000	92.811	84.1415
800.000000	92.833	84.1216
812.000000	92.855	84.1176
825.000000	92.879	84.1299
838.000000	92.907	84.1646
850.000000	92.938	84.2087
862.000000	92.973	84.2641
875.000000	93.015	84.3359
885.000000	93.051	84.3992
900.000000	93.109	84.4983
912.000000	93.160	84.5685
925.000000	93.220	84.6456
938.000000	93.285	84.7224
950.000000	93.349	84.7891
962.000000	93.416	84.8478
975.000000	93.493	84.8990
988.000000	93.575	84.9319
1000.000000	93.652	84.9406
1015.000000	93.751	84.9262
1030.000000	93.854	84.8843
1044.000000	93.952	84.8170
1060.000000	94.066	84.7046
1075.000000	94.174	84.5620
1090.000000	94.283	84.3864
1106.000000	94.399	84.1615
1120.000000	94.499	83.9339
1138.000000	94.626	83.6026
1150.000000	94.709	83.3524
1172.000000	94.857	82.8535
1180.000000	94.909	82.6629
1206.000000	95.073	82.0083
1220.000000	95.157	81.6396
1241.000000	95.280	81.0670
1250.000000	95.333	80.8170
1265.000000	95.421	80.3967
1280.000000	95.509	79.9725
1315.000000	95.706	78.9746
1320.000000	95.733	78.8325
1340.000000	95.839	78.2652
1360.000000	95.941	77.7001
1380.000000	96.040	77.1392
1400.000000	96.136	76.5850
1430.000000	96.277	75.7630
1450.000000	96.369	75.2206
1475.000000	96.483	74.5478
1500.000000	96.597	73.8741
1525.000000	96.711	73.1864
1550.000000	96.825	72.4927
1575.000000	96.939	71.7873
1600.000000	97.051	71.0605
1625.000000	97.159	70.3088
1650.000000	97.266	69.5263
1675.000000	97.372	68.7135
1700.000000	97.478	67.8633
1725.000000	97.582	66.9721
1750.000000	97.685	66.0381
1775.000000	97.786	65.0594
1800.000000	97.884	64.0334
1825.000000	97.979	62.9586
1850.000000	98.069	61.8327
1875.000000	98.155	60.6518
1900.000000	98.234	59.4197
1925.000000	98.307	58.1409
1950.000000	98.372	56.8179
1975.000000	98.428	55.4515
2000.000000	98.477	54.0462
2030.000000	98.524	52.3169
2060.000000	98.558	50.5500
2090.000000	98.577	48.7548
2120.000000	98.580	46.9429
2140.000000	98.573	45.7325
2180.000000	98.539	43.3212
2200.000000	98.512	42.1271
2240.000000	98.439	39.7751
2270.000000	98.369	38.0549
2300.000000	98.288	36.3831
2330.000000	98.197	34.7672
2360.000000	98.097	33.2124
2400.000000	97.954	31.2424
2430.000000	97.841	29.8466
2470.000000	97.686	28.0980
2500.000000	97.570	26.8688
2540.000000	97.420	25.3361
2580.000000	97.276	23.9207
2620.000000	97.141	22.6132
2650.000000	97.048	21.6963
2690.000000	96.937	20.5477
2720.000000	96.864	19.7342
2760.000000	96.784	18.6996
2800.000000	96.724	17.7064
2850.000000	96.683	16.4991
2900.000000	96.683	15.2850
2950.000000	96.726	14.0127
3000.000000	96.812	12.6218
3040.000000	96.912	11.3755
3070.000000	97.003	10.3400
3110.000000	97.144	8.7976
3150.000000	97.303	7.0385
3200.000000	97.517	4.4916
3250.000000	97.733	1.5331
3300.000000	97.933	-1.8377
3350.000000	98.098	-5.5991
3400.000000	98.207	-9.6879
3450.000000	98.244	-13.9921
3500.000000	98.197	-18.3649
3550.000000	98.062	-22.6320
3600.000000	97.842	-26.6138
3650.000000	97.554	-30.1545
3700.000000	97.218	-33.1448
3750.000000	96.858	-35.5331
3820.000000	96.358	-37.8870
3870.000000	96.025	-38.9320
3950.000000	95.563	-39.6837
4000.000000	95.328	-39.6849
4060.000000	95.104	-39.3230
4120.000000	94.948	-38.6630
4180.000000	94.864	-37.8082
4250.000000	94.853	-36.7017
4310.000000	94.912	-35.7573
4370.000000	95.028	-34.9029
4440.000000	95.221	-34.1113
4500.000000	95.425	-33.6669
4550.000000	95.611	-33.4901
4620.000000	95.884	-33.5616
4680.000000	96.114	-33.9163
4750.000000	96.360	-34.6402
4820.000000	96.566	-35.6311
4870.000000	96.682	-36.4474
4940.000000	96.795	-37.6544
5000.000000	96.846	-38.6671
5080.000000	96.852	-39.8651
5150.000000	96.809	-40.6838
5220.000000	96.731	-41.2272
5300.000000	96.616	-41.4716
5380.000000	96.490	-41.3130
5450.000000	96.383	-40.8631
5520.000000	96.288	-40.1614
5600.000000	96.204	-39.1063
5700.000000	96.143	-37.5098
5800.000000	96.135	-35.7421
5900.000000	96.177	-33.9250
6000.000000	96.263	-32.1541
6080.000000	96.357	-30.8151
6150.000000	96.453	-29.7172
6220.000000	96.561	-28.6865
6300.000000	96.704	-27.5795
6400.000000	96.925	-26.2998
6500.000000	97.182	-25.1835
6600.000000	97.466	-24.3417
6700.000000	97.763	-23.8811
6800.000000	98.057	-23.8832
6900.000000	98.323	-24.3975
7000.000000	98.534	-25.3776
7100.000000	98.673	-26.7115
7200.000000	98.732	-28.3124
7300.000000	98.700	-30.1090
7400.000000	98.562	-31.9763
7500.000000	98.309	-33.7531
7620.000000	97.857	-35.4515
7750.000000	97.220	-36.3879
7880.000000	96.488	-36.1860
8000.000000	95.761	-34.9734
8120.000000	95.002	-32.8474
8250.000000	94.206	-29.7107
8380.000000	93.483	-26.0265
8500.000000	92.880	-22.4124
8620.000000	92.317	-18.7455
8750.000000	91.711	-14.7672
8850.000000	91.214	-11.4299
9000.000000	90.544	-4.9532
9120.000000	90.203	0.1672
9250.000000	89.883	5.0153
9380.000000	89.569	9.7090
9500.000000	89.305	14.0116
9620.000000	89.068	18.2383
9750.000000	88.842	22.6782
9880.000000	88.642	26.9667
10000.000000	88.481	30.8106
10150.000000	88.315	35.4731
10300.000000	88.196	39.9625
10440.000000	88.131	43.9504
10600.000000	88.120	48.1774
10750.000000	88.173	51.7013
10900.000000	88.285	54.6784
11060.000000	88.456	57.1270
11200.000000	88.637	58.5625
11380.000000	88.889	59.3258
11500.000000	89.048	59.1051
11720.000000	89.253	57.1716
11800.000000	89.276	56.0240
12060.000000	89.040	51.5724
12200.000000	88.738	49.6946
12410.000000	88.321	47.8972
12500.000000	88.182	47.0546
12650.000000	87.952	45.3947
12800.000000	87.690	43.6625
13150.000000	87.009	40.0203
13200.000000	86.908	39.5345
13400.000000	86.487	37.7300
13600.000000	86.072	36.4708
13800.000000	85.806	35.8857
14000.000000	85.861	34.7798
14300.000000	86.363	27.8651
14500.000000	86.515	18.6507
14750.000000	85.975	3.8448
15000.000000	84.498	-10.8922
15250.000000	82.374	-22.7368
15500.000000	80.046	-31.2476
15750.000000	77.862	-37.7322
16000.000000	76.004	-43.9591
16250.000000	74.565	-51.3439
16500.000000	73.505	-60.9235
16750.000000	72.794	-73.7306
17000.000000	72.445	-90.8557
17250.000000	72.421	-113.3277
17500.000000	72.528	-141.4169
17750.000000	72.475	-174.2676
18000.000000	72.009	149.7657
18250.000000	70.999	112.4793
18500.000000	69.471	74.9818
18750.000000	67.502	37.3831
19000.000000	65.193	-0.4097
19250.000000	63.160	-40.7102
19500.000000	61.751	-89.1567
19750.000000	59.936	-149.1501
20000.000000	58.061	148.6101
