* Measurement data measured by REW V5.31.3
* Source: USB-C to 3.5mm Headphone Jack Adapter, USB-C to 3.5mm Headphone Jack Adapter, 0, volume: 0.295
* Format: 256k Log Swept Sine, 4 sweeps at -12.0 dBFS with no timing reference
* Dated: Nov 9, 2024 5:13:51 PM
* REW Settings:
*  C-weighting compensation: Off
*  Target level: 75.0 dB
* Note: ; 
* Measurement: AFUL Explorer Sancai L
* Smoothing: 1/24 octave
* Frequency Step: 1/48 octave
* Start Frequency: 20.300 Hz
*
* Freq(Hz)	SPL(dB)	Phase(degrees)
20.299999	98.839	-144.1457
20.600000	98.873	-144.8841
20.900000	98.910	-145.6625
21.200001	98.950	-146.4198
21.400000	98.980	-146.9146
21.799999	99.046	-147.8942
22.000000	99.080	-148.3833
22.400000	99.148	-149.3596
22.700001	99.195	-150.0832
23.000000	99.237	-150.7921
23.299999	99.275	-151.4827
23.600000	99.310	-152.1558
24.000000	99.352	-153.0329
24.299999	99.383	-153.6811
24.700001	99.421	-154.5373
25.000000	99.447	-155.1732
25.400000	99.479	-156.0072
25.799999	99.507	-156.8136
26.200001	99.534	-157.5799
26.500000	99.556	-158.1268
26.900000	99.589	-158.8327
27.200001	99.616	-159.3634
27.600000	99.654	-160.1013
28.000000	99.687	-160.8857
28.500000	99.710	-161.8947
29.000000	99.718	-162.8526
29.500000	99.727	-163.7234
30.000000	99.753	-164.5724
30.400000	99.781	-165.2915
30.700001	99.801	-165.8536
31.100000	99.817	-166.5895
31.500000	99.822	-167.2474
32.000000	99.825	-167.9183
32.500000	99.838	-168.5048
33.000000	99.860	-169.1599
33.500000	99.876	-169.9437
34.000000	99.875	-170.7813
34.500000	99.867	-171.5766
35.000000	99.867	-172.3207
35.500000	99.877	-173.0668
36.000000	99.887	-173.8312
36.500000	99.892	-174.5673
37.000000	99.896	-175.2366
37.500000	99.906	-175.8604
38.200001	99.923	-176.7333
38.700001	99.928	-177.3521
39.500000	99.925	-178.2973
40.000000	99.920	-178.9007
40.599998	99.908	-179.6608
41.200001	99.884	179.6117
41.799999	99.863	178.9674
42.500000	99.853	178.2309
43.099998	99.847	177.5455
43.700001	99.834	176.8666
44.400002	99.821	176.1554
45.000000	99.815	175.5653
45.500000	99.807	175.0461
46.200001	99.784	174.2925
46.799999	99.763	173.6457
47.500000	99.747	172.8727
48.200001	99.733	172.1076
48.700001	99.719	171.6189
49.400002	99.693	171.0261
50.000000	99.666	170.5423
50.799999	99.621	169.8906
51.500000	99.591	169.3403
52.200001	99.580	168.7340
53.000000	99.563	167.9072
53.799999	99.530	167.1180
54.500000	99.513	166.5321
55.200001	99.508	165.9608
56.000000	99.486	165.3500
57.000000	99.434	164.6827
58.000000	99.395	163.9751
59.000000	99.421	163.2792
60.000000	99.451	162.4364
60.799999	99.386	161.8210
61.500000	99.298	161.4583
62.200001	99.234	161.0652
63.000000	99.195	160.4484
64.000000	99.159	159.7220
65.000000	99.114	159.0925
66.000000	99.060	158.4127
67.000000	99.030	157.7425
68.000000	98.991	157.1701
69.000000	98.911	156.4393
70.000000	98.783	155.2899
71.000000	98.686	154.5503
72.000000	98.722	154.4135
73.000000	98.767	154.1769
74.000000	98.733	153.7719
75.000000	98.680	153.2248
76.199997	98.627	152.5462
77.500000	98.571	151.9041
78.800003	98.513	151.2466
80.000000	98.463	150.6871
81.199997	98.404	150.1234
82.500000	98.340	149.4865
83.800003	98.285	148.9139
85.000000	98.230	148.4197
86.199997	98.177	147.8948
87.500000	98.127	147.3449
88.500000	98.083	146.9445
90.000000	98.008	146.3591
91.199997	97.950	145.8709
92.500000	97.892	145.3367
93.800003	97.842	144.7895
95.000000	97.790	144.3277
96.199997	97.734	143.9502
97.500000	97.684	143.4942
98.800003	97.631	142.9837
100.000000	97.576	142.5922
101.500000	97.508	142.1075
103.000000	97.442	141.6059
104.400002	97.391	141.1873
106.000000	97.325	140.7646
107.500000	97.251	140.2628
109.000000	97.180	139.7501
110.599998	97.103	139.2700
112.000000	97.036	138.8855
113.800003	96.949	138.4458
115.000000	96.885	138.1761
117.199997	96.772	137.6856
118.000000	96.730	137.5464
120.599998	96.575	137.3001
122.000000	96.508	137.0879
124.099998	96.430	136.9123
125.000000	96.402	136.9387
126.500000	96.368	137.1283
128.000000	96.362	137.3984
131.500000	96.449	137.2307
132.000000	96.462	137.1063
134.000000	96.488	136.5866
136.000000	96.480	136.1639
138.000000	96.462	135.3423
140.000000	96.392	134.5966
143.000000	96.325	133.5115
145.000000	96.307	132.8803
147.500000	96.263	132.2652
150.000000	96.214	131.5957
152.500000	96.145	131.0798
155.000000	96.075	130.4550
157.500000	96.003	129.9056
160.000000	95.936	129.4544
162.500000	95.870	129.0213
165.000000	95.798	128.5977
167.500000	95.732	128.1382
170.000000	95.675	127.6239
172.500000	95.608	127.1338
175.000000	95.555	126.7090
177.500000	95.553	126.1548
180.000000	95.562	125.5090
182.500000	95.456	125.3046
185.000000	95.343	125.1273
187.500000	95.273	124.8170
190.000000	95.217	124.4802
192.500000	95.166	124.1394
195.000000	95.116	123.8146
197.500000	95.065	123.4843
200.000000	95.017	123.1367
203.000000	94.963	122.7344
206.000000	94.916	122.3270
209.000000	94.882	121.8631
212.000000	94.853	121.3633
214.000000	94.817	121.1355
218.000000	94.731	120.8085
220.000000	94.700	120.5981
224.000000	94.644	120.1446
227.000000	94.603	119.8052
230.000000	94.566	119.4769
233.000000	94.530	119.1415
236.000000	94.494	118.8046
240.000000	94.444	118.3277
243.000000	94.406	118.0491
247.000000	94.360	117.6876
250.000000	94.328	117.3833
254.000000	94.286	116.9344
258.000000	94.244	116.5173
262.000000	94.203	116.1329
265.000000	94.175	115.8546
269.000000	94.142	115.4873
272.000000	94.119	115.2087
276.000000	94.084	114.7971
280.000000	94.049	114.3799
285.000000	94.010	113.9160
290.000000	93.976	113.4581
295.000000	93.945	113.0579
300.000000	93.914	112.7567
304.000000	93.890	112.3113
307.000000	93.872	111.9674
311.000000	93.849	111.5928
315.000000	93.829	111.2614
320.000000	93.806	110.8377
325.000000	93.785	110.3816
330.000000	93.765	109.9283
335.000000	93.745	109.5062
340.000000	93.725	109.0898
345.000000	93.707	108.6800
350.000000	93.690	108.2665
355.000000	93.674	107.8666
360.000000	93.659	107.5009
365.000000	93.650	107.1025
370.000000	93.641	106.6960
375.000000	93.630	106.2888
382.000000	93.614	105.7106
387.000000	93.606	105.3198
395.000000	93.595	104.7168
400.000000	93.588	104.3408
406.000000	93.581	103.8841
412.000000	93.572	103.4521
418.000000	93.561	103.1013
425.000000	93.555	102.5400
431.000000	93.553	102.0143
437.000000	93.549	101.5597
444.000000	93.540	101.0474
450.000000	93.530	100.6300
455.000000	93.519	100.2953
462.000000	93.500	99.8743
468.000000	93.484	99.6201
475.000000	93.488	99.4741
482.000000	93.537	99.2587
487.000000	93.581	98.9229
494.000000	93.623	98.2897
500.000000	93.642	97.7219
508.000000	93.656	96.9971
515.000000	93.667	96.3640
522.000000	93.676	95.6759
530.000000	93.670	94.7742
538.000000	93.617	93.8149
545.000000	93.517	93.1938
552.000000	93.413	93.0768
560.000000	93.360	93.3163
570.000000	93.376	93.4268
580.000000	93.413	93.2216
590.000000	93.443	92.8802
600.000000	93.466	92.5125
608.000000	93.482	92.2199
615.000000	93.496	91.9637
622.000000	93.510	91.7138
630.000000	93.527	91.4340
640.000000	93.550	91.0835
650.000000	93.572	90.7195
660.000000	93.594	90.3481
670.000000	93.612	89.9869
680.000000	93.628	89.6345
690.000000	93.642	89.2938
700.000000	93.655	88.9740
710.000000	93.667	88.6773
720.000000	93.678	88.4059
730.000000	93.689	88.1672
740.000000	93.702	87.9492
750.000000	93.714	87.7497
762.000000	93.731	87.5362
775.000000	93.752	87.3322
788.000000	93.774	87.1702
800.000000	93.794	87.0573
812.000000	93.815	86.9628
825.000000	93.839	86.8799
838.000000	93.866	86.8176
850.000000	93.895	86.7818
862.000000	93.929	86.7606
875.000000	93.969	86.7528
885.000000	94.003	86.7602
900.000000	94.059	86.7859
912.000000	94.108	86.7927
925.000000	94.166	86.8028
938.000000	94.228	86.8150
950.000000	94.289	86.8173
962.000000	94.354	86.8156
975.000000	94.428	86.8162
988.000000	94.505	86.7985
1000.000000	94.580	86.7674
1015.000000	94.677	86.7162
1030.000000	94.776	86.6198
1044.000000	94.870	86.5009
1060.000000	94.981	86.3440
1075.000000	95.086	86.1662
1090.000000	95.192	85.9474
1106.000000	95.303	85.6734
1120.000000	95.399	85.4056
1138.000000	95.521	85.0204
1150.000000	95.602	84.7501
1172.000000	95.748	84.2202
1180.000000	95.798	84.0157
1206.000000	95.956	83.3168
1220.000000	96.038	82.9199
1241.000000	96.158	82.3063
1250.000000	96.209	82.0364
1265.000000	96.295	81.5873
1280.000000	96.380	81.1464
1315.000000	96.572	80.1045
1320.000000	96.598	79.9559
1340.000000	96.699	79.3621
1360.000000	96.796	78.7703
1380.000000	96.891	78.1818
1400.000000	96.985	77.6075
1430.000000	97.122	76.7597
1450.000000	97.210	76.1976
1475.000000	97.319	75.4937
1500.000000	97.428	74.7957
1525.000000	97.537	74.1072
1550.000000	97.646	73.4120
1575.000000	97.755	72.6969
1600.000000	97.863	71.9598
1625.000000	97.967	71.2039
1650.000000	98.070	70.4247
1675.000000	98.173	69.6118
1700.000000	98.275	68.7665
1725.000000	98.377	67.8847
1750.000000	98.477	66.9617
1775.000000	98.576	65.9928
1800.000000	98.672	64.9760
1825.000000	98.765	63.9135
1850.000000	98.855	62.8030
1875.000000	98.940	61.6435
1900.000000	99.019	60.4355
1925.000000	99.093	59.1771
1950.000000	99.159	57.8684
1975.000000	99.218	56.5150
2000.000000	99.270	55.1226
2030.000000	99.321	53.4059
2060.000000	99.359	51.6420
2090.000000	99.382	49.8423
2120.000000	99.388	48.0189
2140.000000	99.383	46.7971
2180.000000	99.352	44.3625
2200.000000	99.326	43.1567
2240.000000	99.256	40.7827
2270.000000	99.188	39.0491
2300.000000	99.109	37.3620
2330.000000	99.019	35.7294
2360.000000	98.920	34.1580
2400.000000	98.778	32.1646
2430.000000	98.665	30.7458
2470.000000	98.512	28.9644
2500.000000	98.397	27.7141
2540.000000	98.245	26.1543
2580.000000	98.100	24.7072
2620.000000	97.963	23.3671
2650.000000	97.867	22.4257
2690.000000	97.752	21.2440
2720.000000	97.675	20.4090
2760.000000	97.590	19.3560
2800.000000	97.525	18.3613
2850.000000	97.478	17.1630
2900.000000	97.473	15.9631
2950.000000	97.513	14.7105
3000.000000	97.597	13.3386
3040.000000	97.696	12.1144
3070.000000	97.787	11.0953
3110.000000	97.930	9.5710
3150.000000	98.091	7.8285
3200.000000	98.309	5.3034
3250.000000	98.532	2.3603
3300.000000	98.741	-1.0172
3350.000000	98.915	-4.8014
3400.000000	99.036	-8.9271
3450.000000	99.085	-13.2836
3500.000000	99.050	-17.7197
3550.000000	98.927	-22.0676
3600.000000	98.721	-26.1654
3650.000000	98.446	-29.8651
3700.000000	98.119	-33.0685
3750.000000	97.759	-35.7172
3820.000000	97.238	-38.4510
3870.000000	96.878	-39.7324
3950.000000	96.358	-40.7578
4000.000000	96.082	-40.8575
4060.000000	95.810	-40.5425
4120.000000	95.609	-39.8630
4180.000000	95.482	-38.9392
4250.000000	95.427	-37.7079
4310.000000	95.457	-36.6453
4370.000000	95.548	-35.6671
4440.000000	95.719	-34.7275
4500.000000	95.907	-34.1625
4550.000000	96.082	-33.8865
4620.000000	96.341	-33.8228
4680.000000	96.563	-34.0684
4750.000000	96.803	-34.6749
4820.000000	97.006	-35.5651
4870.000000	97.122	-36.3276
4940.000000	97.235	-37.4934
5000.000000	97.283	-38.5013
5080.000000	97.282	-39.7205
5150.000000	97.225	-40.5687
5220.000000	97.128	-41.1387
5300.000000	96.986	-41.4009
5380.000000	96.826	-41.2389
5450.000000	96.686	-40.7623
5520.000000	96.553	-39.9966
5600.000000	96.419	-38.8053
5700.000000	96.289	-36.9077
5800.000000	96.217	-34.6596
5900.000000	96.210	-32.1690
6000.000000	96.275	-29.5682
6080.000000	96.377	-27.4951
6150.000000	96.502	-25.7321
6220.000000	96.662	-24.0568
6300.000000	96.891	-22.2914
6400.000000	97.248	-20.3701
6500.000000	97.663	-18.8644
6600.000000	98.116	-17.8732
6700.000000	98.588	-17.5063
6800.000000	99.057	-17.8659
6900.000000	99.490	-19.0164
7000.000000	99.847	-20.9406
7100.000000	100.090	-23.4973
7200.000000	100.192	-26.4571
7300.000000	100.143	-29.5641
7400.000000	99.939	-32.5624
7500.000000	99.591	-35.1899
7620.000000	99.017	-37.5365
7750.000000	98.267	-38.8716
7880.000000	97.448	-38.9342
8000.000000	96.660	-37.9720
8120.000000	95.847	-36.1858
8250.000000	94.974	-33.5032
8380.000000	94.144	-30.1962
8500.000000	93.427	-26.7223
8620.000000	92.755	-22.9924
8750.000000	92.056	-18.8337
8850.000000	91.501	-15.3915
9000.000000	90.732	-8.8054
9120.000000	90.312	-3.4241
9250.000000	89.927	1.7362
9380.000000	89.561	6.7106
9500.000000	89.250	11.2344
9620.000000	88.969	15.6412
9750.000000	88.691	20.2570
9880.000000	88.435	24.7091
10000.000000	88.218	28.6924
10150.000000	87.974	33.5408
10300.000000	87.767	38.2398
10440.000000	87.612	42.4598
10600.000000	87.487	47.0269
10750.000000	87.428	50.9641
10900.000000	87.423	54.4602
11060.000000	87.470	57.5868
11200.000000	87.547	59.7379
11380.000000	87.680	61.5887
11500.000000	87.775	62.1944
11720.000000	87.914	61.9040
11800.000000	87.933	61.3543
12060.000000	87.755	58.5655
12200.000000	87.502	57.3429
12410.000000	87.165	56.4714
12500.000000	87.075	55.9736
12650.000000	86.934	54.7076
12800.000000	86.753	53.1756
13150.000000	86.193	49.8651
13200.000000	86.104	49.4473
13400.000000	85.733	47.9720
13600.000000	85.350	47.1153
13800.000000	85.066	47.2382
14000.000000	85.067	47.8150
14300.000000	85.767	45.9610
14500.000000	86.517	40.5074
14750.000000	87.265	27.4457
15000.000000	87.133	8.7914
15250.000000	85.729	-10.8793
15500.000000	83.303	-27.0087
15750.000000	80.474	-38.3458
16000.000000	77.764	-46.5173
16250.000000	75.416	-53.6754
16500.000000	73.411	-61.4329
16750.000000	71.670	-70.9685
17000.000000	70.176	-83.4293
17250.000000	68.949	-100.0159
17500.000000	68.000	-121.7255
17750.000000	67.363	-148.8898
18000.000000	67.061	179.0387
18250.000000	66.980	142.9205
18500.000000	66.793	103.6875
18750.000000	66.096	62.2993
19000.000000	64.866	19.9271
19250.000000	63.951	-24.8438
19500.000000	63.452	-78.2632
19750.000000	62.072	-143.0298
20000.000000	60.398	151.7427
