* Measurement data measured by REW V5.31.3
* Source: USB-C to 3.5mm Headphone Jack Adapter, USB-C to 3.5mm Headphone Jack Adapter, 0, volume: 0.295
* Format: 256k Log Swept Sine, 4 sweeps at -12.0 dBFS with no timing reference
* Dated: Nov 9, 2024 5:05:11 PM
* REW Settings:
*  C-weighting compensation: Off
*  Target level: 75.0 dB
* Note: ; 
* Measurement: AFUL Explorer EP-EX11 L
* Smoothing: 1/24 octave
* Frequency Step: 1/48 octave
* Start Frequency: 20.300 Hz
*
* Freq(Hz)	SPL(dB)	Phase(degrees)
20.299999	103.040	-169.5070
20.600000	103.047	-170.1420
20.900000	103.051	-170.8246
21.200001	103.053	-171.5075
21.400000	103.054	-171.9612
21.799999	103.054	-172.8590
22.000000	103.053	-173.3002
22.400000	103.054	-174.1631
22.700001	103.055	-174.7950
23.000000	103.057	-175.4183
23.299999	103.059	-176.0375
23.600000	103.059	-176.6546
24.000000	103.058	-177.4726
24.299999	103.055	-178.0796
24.700001	103.049	-178.8774
25.000000	103.043	-179.4668
25.400000	103.032	179.7595
25.799999	103.019	179.0032
26.200001	103.004	178.2723
26.500000	102.991	177.7444
26.900000	102.975	177.0656
27.200001	102.964	176.5684
27.600000	102.951	175.9082
28.000000	102.938	175.2414
28.500000	102.920	174.4028
29.000000	102.897	173.5832
29.500000	102.871	172.8032
30.000000	102.847	172.0583
30.400000	102.830	171.4738
30.700001	102.818	171.0362
31.100000	102.803	170.4512
31.500000	102.787	169.8651
32.000000	102.767	169.1347
32.500000	102.745	168.4163
33.000000	102.717	167.7267
33.500000	102.686	167.0790
34.000000	102.655	166.4636
34.500000	102.623	165.8517
35.000000	102.591	165.2253
35.500000	102.555	164.5948
36.000000	102.518	163.9783
36.500000	102.484	163.3724
37.000000	102.451	162.7606
37.500000	102.415	162.1474
38.200001	102.358	161.3442
38.700001	102.320	160.8235
39.500000	102.274	159.9916
40.000000	102.248	159.4425
40.599998	102.213	158.7972
41.200001	102.177	158.2058
41.799999	102.141	157.6450
42.500000	102.090	156.9856
43.099998	102.037	156.4275
43.700001	101.983	155.8860
44.400002	101.930	155.2390
45.000000	101.892	154.6510
45.500000	101.859	154.1606
46.200001	101.808	153.5304
46.799999	101.761	153.0523
47.500000	101.708	152.5133
48.200001	101.657	151.9414
48.700001	101.620	151.5145
49.400002	101.566	150.9220
50.000000	101.516	150.4449
50.799999	101.448	149.8692
51.500000	101.394	149.3915
52.200001	101.347	148.8875
53.000000	101.295	148.3070
53.799999	101.244	147.8170
54.500000	101.204	147.4370
55.200001	101.158	147.0199
56.000000	101.087	146.5063
57.000000	101.001	145.8416
58.000000	100.931	145.1507
59.000000	100.851	144.6859
60.000000	100.775	144.2728
60.799999	100.724	143.6736
61.500000	100.679	143.0787
62.200001	100.634	142.6413
63.000000	100.576	142.2943
64.000000	100.480	141.7321
65.000000	100.413	141.0817
66.000000	100.370	140.6086
67.000000	100.262	140.3719
68.000000	100.177	139.5833
69.000000	100.278	139.1013
70.000000	100.698	139.6898
71.000000	100.888	139.1312
72.000000	100.431	138.2832
73.000000	99.928	138.0006
74.000000	99.770	137.1876
75.000000	99.728	136.7729
76.199997	99.651	136.6298
77.500000	99.559	135.9477
78.800003	99.528	135.3256
80.000000	99.461	134.8568
81.199997	99.359	134.3461
82.500000	99.253	133.8880
83.800003	99.156	133.3628
85.000000	99.076	132.9633
86.199997	99.004	132.6771
87.500000	98.909	132.3587
88.500000	98.844	132.1456
90.000000	98.757	131.7473
91.199997	98.663	131.3882
92.500000	98.564	130.9995
93.800003	98.496	130.6374
95.000000	98.463	130.3871
96.199997	98.449	130.2441
97.500000	98.412	129.9729
98.800003	98.312	129.6110
100.000000	98.214	129.3544
101.500000	98.123	128.9744
103.000000	98.053	128.6326
104.400002	97.996	128.3553
106.000000	97.924	128.0154
107.500000	97.844	127.6027
109.000000	97.761	127.2774
110.599998	97.671	127.0070
112.000000	97.598	126.7992
113.800003	97.517	126.5204
115.000000	97.472	126.3472
117.199997	97.395	126.0001
118.000000	97.371	125.8354
120.599998	97.300	125.2834
122.000000	97.246	124.9832
124.099998	97.179	124.5293
125.000000	97.152	124.3923
126.500000	97.096	124.1437
128.000000	97.041	123.8505
131.500000	96.914	123.2397
132.000000	96.895	123.1394
134.000000	96.832	122.6888
136.000000	96.765	122.2657
138.000000	96.685	121.8277
140.000000	96.599	121.3604
143.000000	96.499	120.9305
145.000000	96.444	120.8178
147.500000	96.357	120.4773
150.000000	96.276	120.0796
152.500000	96.200	119.7231
155.000000	96.123	119.4847
157.500000	96.040	119.2388
160.000000	95.960	118.9265
162.500000	95.886	118.5769
165.000000	95.817	118.2151
167.500000	95.751	117.9508
170.000000	95.675	117.7265
172.500000	95.596	117.3912
175.000000	95.524	117.1000
177.500000	95.468	116.7547
180.000000	95.428	116.3860
182.500000	95.353	116.2017
185.000000	95.268	116.0219
187.500000	95.199	115.7880
190.000000	95.136	115.5441
192.500000	95.075	115.2897
195.000000	95.015	115.0449
197.500000	94.958	114.8088
200.000000	94.906	114.5814
203.000000	94.845	114.3119
206.000000	94.787	114.0442
209.000000	94.731	113.7764
212.000000	94.678	113.5096
214.000000	94.641	113.3257
218.000000	94.568	112.9718
220.000000	94.535	112.8136
224.000000	94.471	112.5053
227.000000	94.423	112.2715
230.000000	94.376	112.0352
233.000000	94.330	111.7865
236.000000	94.286	111.5460
240.000000	94.229	111.2423
243.000000	94.190	111.0158
247.000000	94.140	110.7168
250.000000	94.103	110.4886
254.000000	94.056	110.1680
258.000000	94.007	109.8586
262.000000	93.961	109.5717
265.000000	93.929	109.3648
269.000000	93.885	109.0842
272.000000	93.853	108.8674
276.000000	93.815	108.5712
280.000000	93.777	108.2986
285.000000	93.732	107.9526
290.000000	93.691	107.5829
295.000000	93.655	107.2611
300.000000	93.626	106.9881
304.000000	93.591	106.6744
307.000000	93.564	106.4318
311.000000	93.534	106.1392
315.000000	93.508	105.8645
320.000000	93.478	105.5374
325.000000	93.450	105.2110
330.000000	93.423	104.8831
335.000000	93.397	104.5622
340.000000	93.372	104.2470
345.000000	93.349	103.9314
350.000000	93.327	103.6266
355.000000	93.306	103.3240
360.000000	93.288	103.0240
365.000000	93.275	102.7380
370.000000	93.267	102.4556
375.000000	93.259	102.1520
382.000000	93.248	101.7057
387.000000	93.241	101.3853
395.000000	93.228	100.8597
400.000000	93.221	100.5366
406.000000	93.213	100.1554
412.000000	93.206	99.7525
418.000000	93.202	99.3081
425.000000	93.193	98.8840
431.000000	93.186	98.5591
437.000000	93.181	98.1978
444.000000	93.174	97.7625
450.000000	93.167	97.3946
455.000000	93.157	97.0953
462.000000	93.138	96.7213
468.000000	93.122	96.5110
475.000000	93.127	96.3917
482.000000	93.171	96.1725
487.000000	93.209	95.8535
494.000000	93.245	95.2809
500.000000	93.262	94.7823
508.000000	93.276	94.1382
515.000000	93.289	93.5567
522.000000	93.299	92.9030
530.000000	93.291	92.0147
538.000000	93.225	91.1005
545.000000	93.112	90.5654
552.000000	93.006	90.5651
560.000000	92.963	90.9008
570.000000	92.992	91.0530
580.000000	93.037	90.8632
590.000000	93.071	90.5275
600.000000	93.096	90.1439
608.000000	93.112	89.8299
615.000000	93.124	89.5533
622.000000	93.133	89.2836
630.000000	93.141	88.9862
640.000000	93.150	88.6292
650.000000	93.159	88.2962
660.000000	93.167	87.9848
670.000000	93.173	87.6876
680.000000	93.180	87.4151
690.000000	93.188	87.1623
700.000000	93.196	86.9298
710.000000	93.205	86.7184
720.000000	93.214	86.5250
730.000000	93.224	86.3419
740.000000	93.236	86.1760
750.000000	93.249	86.0302
762.000000	93.266	85.8797
775.000000	93.288	85.7488
788.000000	93.311	85.6351
800.000000	93.332	85.5497
812.000000	93.354	85.4853
825.000000	93.380	85.4342
838.000000	93.409	85.4080
850.000000	93.437	85.3934
862.000000	93.469	85.3844
875.000000	93.509	85.3857
885.000000	93.543	85.3962
900.000000	93.600	85.4200
912.000000	93.646	85.4384
925.000000	93.700	85.4563
938.000000	93.759	85.4681
950.000000	93.818	85.4732
962.000000	93.880	85.4722
975.000000	93.950	85.4597
988.000000	94.024	85.4315
1000.000000	94.093	85.3884
1015.000000	94.183	85.3045
1030.000000	94.274	85.1993
1044.000000	94.360	85.0794
1060.000000	94.460	84.9048
1075.000000	94.555	84.7078
1090.000000	94.649	84.4834
1106.000000	94.747	84.2149
1120.000000	94.831	83.9512
1138.000000	94.938	83.5723
1150.000000	95.007	83.3071
1172.000000	95.128	82.8022
1180.000000	95.171	82.6128
1206.000000	95.303	81.9720
1220.000000	95.370	81.5883
1241.000000	95.466	81.0143
1250.000000	95.506	80.7713
1265.000000	95.575	80.3672
1280.000000	95.644	79.9670
1315.000000	95.797	79.0475
1320.000000	95.817	78.9169
1340.000000	95.897	78.3982
1360.000000	95.973	77.8898
1380.000000	96.045	77.3943
1400.000000	96.115	76.9127
1430.000000	96.216	76.2148
1450.000000	96.281	75.7569
1475.000000	96.360	75.1955
1500.000000	96.438	74.6498
1525.000000	96.513	74.1010
1550.000000	96.588	73.5578
1575.000000	96.658	73.0205
1600.000000	96.724	72.4937
1625.000000	96.784	71.9746
1650.000000	96.839	71.4742
1675.000000	96.892	70.9954
1700.000000	96.946	70.5371
1725.000000	97.001	70.1043
1750.000000	97.061	69.6895
1775.000000	97.126	69.2657
1800.000000	97.193	68.8057
1825.000000	97.255	68.3087
1850.000000	97.308	67.8147
1875.000000	97.353	67.3842
1900.000000	97.397	67.0630
1925.000000	97.448	66.8707
1950.000000	97.515	66.8037
1975.000000	97.612	66.8459
2000.000000	97.749	66.9556
2030.000000	97.986	67.0397
2060.000000	98.311	66.7846
2090.000000	98.696	65.8529
2120.000000	99.084	64.0583
2140.000000	99.313	62.4225
2180.000000	99.646	58.4599
2200.000000	99.745	56.3201
2240.000000	99.824	52.0763
2270.000000	99.802	49.0818
2300.000000	99.733	46.3113
2330.000000	99.630	43.7708
2360.000000	99.505	41.4463
2400.000000	99.316	38.6560
2430.000000	99.165	36.7718
2470.000000	98.956	34.5073
2500.000000	98.800	32.9771
2540.000000	98.597	31.1382
2580.000000	98.403	29.5064
2620.000000	98.221	28.0548
2650.000000	98.093	27.0723
2690.000000	97.939	25.8917
2720.000000	97.835	25.0981
2760.000000	97.718	24.1583
2800.000000	97.630	23.3446
2850.000000	97.574	22.4374
2900.000000	97.585	21.5226
2950.000000	97.662	20.4462
3000.000000	97.787	19.0983
3040.000000	97.913	17.8008
3070.000000	98.019	16.7023
3110.000000	98.173	15.0694
3150.000000	98.340	13.2292
3200.000000	98.560	10.6102
3250.000000	98.781	7.6101
3300.000000	98.987	4.2135
3350.000000	99.160	0.4384
3400.000000	99.282	-3.6577
3450.000000	99.335	-7.9753
3500.000000	99.308	-12.3751
3550.000000	99.196	-16.6982
3600.000000	99.003	-20.7855
3650.000000	98.740	-24.4918
3700.000000	98.423	-27.7098
3750.000000	98.074	-30.3722
3820.000000	97.567	-33.1281
3870.000000	97.216	-34.4318
3950.000000	96.710	-35.4933
4000.000000	96.443	-35.6161
4060.000000	96.179	-35.3347
4120.000000	95.985	-34.6981
4180.000000	95.865	-33.8212
4250.000000	95.816	-32.6362
4310.000000	95.846	-31.5869
4370.000000	95.938	-30.5953
4440.000000	96.108	-29.6127
4500.000000	96.297	-28.9828
4550.000000	96.476	-28.6376
4620.000000	96.744	-28.4531
4680.000000	96.977	-28.5785
4750.000000	97.237	-29.0372
4820.000000	97.466	-29.7782
4870.000000	97.603	-30.4335
4940.000000	97.753	-31.4486
5000.000000	97.839	-32.3389
5080.000000	97.895	-33.4349
5150.000000	97.895	-34.2108
5220.000000	97.860	-34.7490
5300.000000	97.790	-35.0234
5380.000000	97.707	-34.9237
5450.000000	97.636	-34.5436
5520.000000	97.576	-33.9188
5600.000000	97.528	-32.9512
5700.000000	97.510	-31.4402
5800.000000	97.548	-29.7096
5900.000000	97.647	-27.8867
6000.000000	97.807	-26.0952
6080.000000	97.976	-24.7607
6150.000000	98.153	-23.7162
6220.000000	98.357	-22.8239
6300.000000	98.623	-22.0382
6400.000000	99.004	-21.4820
6500.000000	99.404	-21.4728
6600.000000	99.791	-22.0544
6700.000000	100.139	-23.2340
6800.000000	100.423	-24.9808
6900.000000	100.618	-27.2148
7000.000000	100.700	-29.7906
7100.000000	100.655	-32.5021
7200.000000	100.484	-35.1345
7300.000000	100.196	-37.5242
7400.000000	99.799	-39.5191
7500.000000	99.311	-40.9664
7620.000000	98.641	-41.8667
7750.000000	97.858	-41.7947
7880.000000	97.053	-40.7126
8000.000000	96.298	-38.9468
8120.000000	95.522	-36.5618
8250.000000	94.687	-33.3906
8380.000000	93.887	-29.7144
8500.000000	93.189	-25.9680
8620.000000	92.529	-21.9858
8750.000000	91.838	-17.5314
8850.000000	91.292	-13.8679
9000.000000	90.528	-6.9994
9120.000000	90.109	-1.2755
9250.000000	89.741	4.2939
9380.000000	89.405	9.6413
9500.000000	89.132	14.4743
9620.000000	88.896	19.1597
9750.000000	88.677	24.0270
9880.000000	88.491	28.6760
10000.000000	88.347	32.7863
10150.000000	88.207	37.6971
10300.000000	88.117	42.3362
10440.000000	88.080	46.3758
10600.000000	88.099	50.5524
10750.000000	88.176	53.9155
10900.000000	88.301	56.6219
11060.000000	88.472	58.6763
11200.000000	88.634	59.7048
11380.000000	88.828	59.9270
11500.000000	88.925	59.3911
11720.000000	88.975	57.1320
11800.000000	88.933	55.9843
12060.000000	88.485	51.9441
12200.000000	88.059	50.5115
12410.000000	87.445	50.1326
12500.000000	87.254	50.1616
12650.000000	86.998	49.9913
12800.000000	86.760	49.6477
13150.000000	86.214	48.9109
13200.000000	86.137	48.8294
13400.000000	85.829	48.6986
13600.000000	85.571	49.2477
13800.000000	85.540	50.5031
14000.000000	85.916	51.0855
14300.000000	87.088	46.0089
14500.000000	87.827	36.8759
14750.000000	88.041	19.9583
15000.000000	87.103	0.9590
15250.000000	85.207	-15.8800
15500.000000	82.902	-29.1764
15750.000000	80.695	-40.2618
16000.000000	78.888	-51.6608
16250.000000	77.582	-65.6982
16500.000000	76.628	-83.9296
16750.000000	75.780	-106.8911
17000.000000	74.796	-133.7158
17250.000000	73.543	-162.1708
17500.000000	72.120	170.0165
17750.000000	70.757	143.5485
18000.000000	69.500	117.6829
18250.000000	68.235	91.5041
18500.000000	66.896	64.2062
18750.000000	65.406	34.7960
19000.000000	63.761	2.7927
19250.000000	62.332	-33.7632
19500.000000	61.158	-79.8347
19750.000000	59.445	-137.3370
20000.000000	57.709	163.4070
