* Measurement data measured by REW V5.31.3
* Source: USB-C to 3.5mm Headphone Jack Adapter, USB-C to 3.5mm Headphone Jack Adapter, 0, volume: 0.295
* Format: 256k Log Swept Sine, 4 sweeps at -12.0 dBFS with no timing reference
* Dated: Jan 31, 2026 1:43:39 PM
* REW Settings:
*  C-weighting compensation: Off
*  Target level: 75.0 dB
* Note: ; 
* Measurement: Audio Technica LS50 ASMR L
* Smoothing: 1/24 octave
* Frequency Step: 1/48 octave
* Start Frequency: 20.300 Hz
*
* Freq(Hz)	SPL(dB)	Phase(degrees)
20.299999	99.097	-157.6871
20.600000	99.110	-158.0511
20.900000	99.123	-158.4441
21.200001	99.135	-158.8454
21.400000	99.144	-159.1192
21.799999	99.165	-159.6836
22.000000	99.178	-159.9731
22.400000	99.211	-160.5643
22.700001	99.240	-161.0175
23.000000	99.271	-161.4764
23.299999	99.300	-161.9335
23.600000	99.324	-162.3750
24.000000	99.347	-162.9097
24.299999	99.357	-163.2527
24.700001	99.365	-163.6299
25.000000	99.372	-163.8698
25.400000	99.384	-164.1760
25.799999	99.400	-164.5135
26.200001	99.417	-164.9069
26.500000	99.429	-165.2338
26.900000	99.441	-165.6877
27.200001	99.449	-166.0232
27.600000	99.459	-166.4435
28.000000	99.469	-166.8246
28.500000	99.486	-167.2569
29.000000	99.505	-167.6746
29.500000	99.523	-168.1134
30.000000	99.539	-168.5813
30.400000	99.547	-168.9617
30.700001	99.552	-169.2403
31.100000	99.559	-169.5963
31.500000	99.567	-169.9358
32.000000	99.579	-170.3462
32.500000	99.589	-170.7472
33.000000	99.599	-171.1385
33.500000	99.607	-171.5249
34.000000	99.616	-171.9156
34.500000	99.622	-172.3090
35.000000	99.627	-172.6907
35.500000	99.631	-173.0543
36.000000	99.638	-173.4106
36.500000	99.644	-173.7642
37.000000	99.647	-174.0921
37.500000	99.651	-174.3642
38.200001	99.669	-174.6832
38.700001	99.690	-174.9548
39.500000	99.707	-175.5513
40.000000	99.700	-175.9574
40.599998	99.684	-176.3854
41.200001	99.678	-176.7538
41.799999	99.685	-177.1246
42.500000	99.694	-177.5828
43.099998	99.694	-177.9544
43.700001	99.690	-178.2867
44.400002	99.689	-178.6545
45.000000	99.691	-178.9749
45.500000	99.694	-179.2432
46.200001	99.695	-179.6099
46.799999	99.691	-179.9148
47.500000	99.683	179.7261
48.200001	99.676	179.3317
48.700001	99.672	179.0252
49.400002	99.666	178.6119
50.000000	99.663	178.3255
50.799999	99.665	178.0208
51.500000	99.669	177.7360
52.200001	99.664	177.4114
53.000000	99.654	177.0392
53.799999	99.650	176.6689
54.500000	99.647	176.3409
55.200001	99.642	176.0259
56.000000	99.639	175.6715
57.000000	99.633	175.2276
58.000000	99.625	174.8238
59.000000	99.615	174.3809
60.000000	99.596	173.9312
60.799999	99.588	173.6295
61.500000	99.587	173.3601
62.200001	99.578	173.0757
63.000000	99.563	172.7338
64.000000	99.549	172.1808
65.000000	99.527	171.6576
66.000000	99.513	171.4351
67.000000	99.510	171.2177
68.000000	99.491	170.8504
69.000000	99.475	170.4743
70.000000	99.463	170.1263
71.000000	99.439	169.8209
72.000000	99.405	169.5247
73.000000	99.371	169.2050
74.000000	99.350	168.8748
75.000000	99.340	168.5070
76.199997	99.323	168.0909
77.500000	99.295	167.7700
78.800003	99.259	167.3808
80.000000	99.220	167.0318
81.199997	99.194	166.8464
82.500000	99.187	166.7110
83.800003	99.195	166.5284
85.000000	99.215	166.2457
86.199997	99.221	165.7766
87.500000	99.203	165.2318
88.500000	99.184	164.8578
90.000000	99.151	164.3349
91.199997	99.126	163.9039
92.500000	99.095	163.4756
93.800003	99.056	163.1005
95.000000	99.016	162.7648
96.199997	98.974	162.4653
97.500000	98.927	162.1733
98.800003	98.874	161.9005
100.000000	98.823	161.7494
101.500000	98.787	161.7885
103.000000	98.808	162.0797
104.400002	98.876	161.9857
106.000000	98.910	161.0988
107.500000	98.911	160.3514
109.000000	98.890	159.7712
110.599998	98.837	159.1635
112.000000	98.788	158.8229
113.800003	98.732	158.5532
115.000000	98.697	158.2970
117.199997	98.624	157.8028
118.000000	98.597	157.5930
120.599998	98.532	156.7802
122.000000	98.514	156.4745
124.099998	98.466	156.2607
125.000000	98.429	156.0788
126.500000	98.372	155.6664
128.000000	98.339	155.3181
131.500000	98.268	154.6608
132.000000	98.259	154.5677
134.000000	98.221	154.1956
136.000000	98.172	153.8387
138.000000	98.114	153.5384
140.000000	98.064	153.2202
143.000000	97.998	152.7252
145.000000	97.947	152.4248
147.500000	97.884	152.0535
150.000000	97.831	151.6820
152.500000	97.771	151.3674
155.000000	97.713	151.0206
157.500000	97.659	150.6722
160.000000	97.602	150.3250
162.500000	97.543	149.9918
165.000000	97.479	149.6849
167.500000	97.415	149.3452
170.000000	97.354	149.0419
172.500000	97.281	148.7445
175.000000	97.213	148.3217
177.500000	97.145	147.8470
180.000000	97.077	147.5410
182.500000	97.008	147.3206
185.000000	96.946	147.0214
187.500000	96.884	146.8000
190.000000	96.805	146.5527
192.500000	96.727	146.2880
195.000000	96.659	146.0496
197.500000	96.589	145.8553
200.000000	96.517	145.7084
203.000000	96.444	145.3843
206.000000	96.382	144.9571
209.000000	96.311	144.6514
212.000000	96.229	144.4738
214.000000	96.176	144.3152
218.000000	96.070	143.9814
220.000000	96.018	143.8074
224.000000	95.917	143.5168
227.000000	95.844	143.4294
230.000000	95.775	143.3047
233.000000	95.705	143.1278
236.000000	95.634	142.9125
240.000000	95.541	142.5524
243.000000	95.468	142.2961
247.000000	95.371	142.0501
250.000000	95.294	141.9450
254.000000	95.193	141.7703
258.000000	95.097	141.6029
262.000000	95.001	141.4617
265.000000	94.925	141.3481
269.000000	94.821	141.1777
272.000000	94.741	141.0616
276.000000	94.639	140.8781
280.000000	94.551	140.7077
285.000000	94.432	140.5810
290.000000	94.307	140.4074
295.000000	94.190	140.2962
300.000000	94.071	140.2400
304.000000	93.983	140.0821
307.000000	93.915	140.0393
311.000000	93.822	140.1028
315.000000	93.740	140.0448
320.000000	93.623	139.9351
325.000000	93.497	139.9348
330.000000	93.379	139.9529
335.000000	93.267	139.8505
340.000000	93.150	139.7183
345.000000	93.039	139.7253
350.000000	92.934	139.7746
355.000000	92.820	139.7677
360.000000	92.696	139.8289
365.000000	92.597	139.8438
370.000000	92.505	139.8663
375.000000	92.393	139.9093
382.000000	92.242	140.0195
387.000000	92.131	140.1513
395.000000	91.960	140.3570
400.000000	91.852	140.4565
406.000000	91.724	140.5864
412.000000	91.605	140.7328
418.000000	91.480	140.8707
425.000000	91.346	141.1406
431.000000	91.222	141.3640
437.000000	91.092	141.5843
444.000000	90.962	141.8523
450.000000	90.858	142.0265
455.000000	90.762	142.2015
462.000000	90.626	142.4736
468.000000	90.503	142.7145
475.000000	90.375	142.9941
482.000000	90.233	143.2899
487.000000	90.143	143.6078
494.000000	90.030	143.9628
500.000000	89.929	144.2471
508.000000	89.791	144.6699
515.000000	89.674	145.0214
522.000000	89.547	145.4375
530.000000	89.398	145.9888
538.000000	89.251	146.5263
545.000000	89.127	146.9618
552.000000	89.013	147.4041
560.000000	88.883	147.9269
570.000000	88.725	148.6161
580.000000	88.568	149.3320
590.000000	88.409	150.0842
600.000000	88.250	150.9030
608.000000	88.122	151.5409
615.000000	88.016	152.1144
622.000000	87.916	152.7212
630.000000	87.801	153.4710
640.000000	87.653	154.3956
650.000000	87.509	155.3020
660.000000	87.377	156.2370
670.000000	87.250	157.2192
680.000000	87.123	158.2612
690.000000	86.998	159.2863
700.000000	86.870	160.3203
710.000000	86.762	161.5467
720.000000	86.673	162.5664
730.000000	86.555	163.6129
740.000000	86.429	164.8248
750.000000	86.327	166.0299
762.000000	86.211	167.4991
775.000000	86.101	169.0877
788.000000	85.992	170.7250
800.000000	85.889	172.4535
812.000000	85.804	174.2646
825.000000	85.726	176.0474
838.000000	85.671	177.7463
850.000000	85.634	179.4705
862.000000	85.581	-178.8431
875.000000	85.526	-177.1082
885.000000	85.501	-175.7034
900.000000	85.490	-173.5239
912.000000	85.490	-171.7037
925.000000	85.496	-169.8649
938.000000	85.519	-167.9300
950.000000	85.559	-166.0921
962.000000	85.608	-164.3151
975.000000	85.674	-162.4223
988.000000	85.749	-160.5292
1000.000000	85.830	-158.8064
1015.000000	85.944	-156.7238
1030.000000	86.082	-154.7303
1044.000000	86.225	-152.9010
1060.000000	86.406	-150.8865
1075.000000	86.594	-149.0946
1090.000000	86.792	-147.4634
1106.000000	86.987	-145.8960
1120.000000	87.135	-144.5338
1138.000000	87.321	-142.4525
1150.000000	87.485	-140.8445
1172.000000	87.903	-138.0705
1180.000000	88.077	-137.2376
1206.000000	88.662	-135.1613
1220.000000	88.972	-134.3848
1241.000000	89.429	-133.5539
1250.000000	89.618	-133.3002
1265.000000	89.914	-133.0089
1280.000000	90.176	-132.7740
1315.000000	90.704	-130.9887
1320.000000	90.802	-130.5195
1340.000000	91.337	-128.6719
1360.000000	92.042	-127.8909
1380.000000	92.751	-128.5209
1400.000000	93.376	-130.0879
1430.000000	94.144	-133.2819
1450.000000	94.562	-135.7189
1475.000000	94.993	-138.9729
1500.000000	95.329	-142.3625
1525.000000	95.576	-145.7998
1550.000000	95.741	-149.1979
1575.000000	95.830	-152.4991
1600.000000	95.849	-155.6113
1625.000000	95.809	-158.4657
1650.000000	95.726	-161.0526
1675.000000	95.616	-163.3901
1700.000000	95.489	-165.5278
1725.000000	95.336	-167.5384
1750.000000	95.151	-169.4413
1775.000000	94.931	-171.1524
1800.000000	94.681	-172.5114
1825.000000	94.419	-173.4708
1850.000000	94.163	-174.0404
1875.000000	93.927	-174.3357
1900.000000	93.706	-174.4225
1925.000000	93.509	-174.3218
1950.000000	93.345	-174.0767
1975.000000	93.221	-173.6474
2000.000000	93.158	-173.2884
2030.000000	93.134	-173.3387
2060.000000	93.066	-173.8652
2090.000000	92.918	-174.5141
2120.000000	92.699	-174.7766
2140.000000	92.534	-174.6171
2180.000000	92.248	-173.4651
2200.000000	92.164	-172.5396
2240.000000	92.191	-170.7472
2270.000000	92.319	-170.4103
2300.000000	92.385	-171.0154
2330.000000	92.339	-171.8049
2360.000000	92.222	-172.3440
2400.000000	92.009	-172.5011
2430.000000	91.841	-172.1486
2470.000000	91.646	-171.1969
2500.000000	91.539	-170.1907
2540.000000	91.479	-168.8558
2580.000000	91.524	-167.7367
2620.000000	91.641	-167.1634
2650.000000	91.712	-167.0798
2690.000000	91.737	-167.2503
2720.000000	91.720	-167.4706
2760.000000	91.671	-167.6837
2800.000000	91.608	-167.8192
2850.000000	91.509	-167.8504
2900.000000	91.381	-167.7677
2950.000000	91.235	-167.3745
3000.000000	91.100	-166.7076
3040.000000	91.015	-166.0732
3070.000000	90.968	-165.5699
3110.000000	90.918	-164.9125
3150.000000	90.873	-164.3179
3200.000000	90.821	-163.6255
3250.000000	90.765	-162.9801
3300.000000	90.705	-162.3300
3350.000000	90.638	-161.6201
3400.000000	90.576	-160.8253
3450.000000	90.524	-159.9874
3500.000000	90.477	-159.1243
3550.000000	90.433	-158.1871
3600.000000	90.396	-157.1770
3650.000000	90.372	-156.1084
3700.000000	90.362	-155.0412
3750.000000	90.367	-153.9724
3820.000000	90.392	-152.4893
3870.000000	90.420	-151.4748
3950.000000	90.486	-149.8436
4000.000000	90.537	-148.7881
4060.000000	90.612	-147.5595
4120.000000	90.705	-146.3851
4180.000000	90.818	-145.2754
4250.000000	90.971	-144.1150
4310.000000	91.118	-143.2489
4370.000000	91.279	-142.5618
4440.000000	91.477	-141.9610
4500.000000	91.642	-141.6358
4550.000000	91.762	-141.4856
4620.000000	91.897	-141.2328
4680.000000	92.011	-140.7004
4750.000000	92.226	-139.8378
4820.000000	92.538	-139.4070
4870.000000	92.780	-139.5548
4940.000000	93.102	-140.2999
5000.000000	93.350	-141.3026
5080.000000	93.634	-143.0482
5150.000000	93.832	-144.9046
5220.000000	93.976	-147.0008
5300.000000	94.064	-149.5887
5380.000000	94.066	-152.2602
5450.000000	93.995	-154.5636
5520.000000	93.861	-156.7369
5600.000000	93.642	-158.9496
5700.000000	93.292	-161.1358
5800.000000	92.897	-162.6043
5900.000000	92.493	-163.3944
6000.000000	92.096	-163.6196
6080.000000	91.798	-163.5127
6150.000000	91.562	-163.1662
6220.000000	91.352	-162.5906
6300.000000	91.145	-161.7310
6400.000000	90.964	-160.4110
6500.000000	90.863	-158.8606
6600.000000	90.837	-157.1501
6700.000000	90.889	-155.3722
6800.000000	91.029	-153.6385
6900.000000	91.263	-152.0225
7000.000000	91.595	-150.5739
7100.000000	92.033	-149.4506
7200.000000	92.586	-148.8108
7300.000000	93.268	-148.8774
7400.000000	94.088	-149.9721
7500.000000	95.038	-152.5632
7620.000000	96.274	-158.5450
7750.000000	97.466	-169.6255
7880.000000	98.023	174.7871
8000.000000	97.615	158.9546
8120.000000	96.330	145.0562
8250.000000	94.337	134.4032
8380.000000	92.180	128.3562
8500.000000	90.294	125.8741
8620.000000	88.592	125.3736
8750.000000	86.963	126.1872
8850.000000	85.842	127.4409
9000.000000	84.346	130.0145
9120.000000	83.287	132.4790
9250.000000	82.260	135.4351
9380.000000	81.346	138.5923
9500.000000	80.593	141.6301
9620.000000	79.921	144.7446
9750.000000	79.281	148.1733
9880.000000	78.730	151.6046
10000.000000	78.294	154.6910
10150.000000	77.835	158.4172
10300.000000	77.465	162.0670
10440.000000	77.197	165.3459
10600.000000	76.974	168.8904
10750.000000	76.829	172.1122
10900.000000	76.767	175.4511
11060.000000	76.866	178.9243
11200.000000	77.057	-178.6690
11380.000000	77.413	-175.8912
11500.000000	77.787	-174.2525
11720.000000	78.778	-172.7904
11800.000000	79.228	-172.9042
12060.000000	81.002	-176.8314
12200.000000	82.074	177.9180
12410.000000	83.505	164.7904
12500.000000	83.910	157.3200
12650.000000	84.127	143.4246
12800.000000	83.706	129.5010
13150.000000	81.230	105.3130
13200.000000	80.845	102.8401
13400.000000	79.418	94.2437
13600.000000	78.136	86.7274
13800.000000	76.928	79.9837
14000.000000	75.809	74.0620
14300.000000	74.455	66.3622
14500.000000	73.863	61.3600
14750.000000	73.536	54.3220
15000.000000	73.716	45.5694
15250.000000	74.464	33.7766
15500.000000	75.788	16.7834
15750.000000	77.390	-7.9802
16000.000000	78.353	-41.3618
16250.000000	77.764	-78.7267
16500.000000	75.673	-112.9155
16750.000000	72.980	-141.1582
17000.000000	70.464	-164.7874
17250.000000	68.373	173.4146
17500.000000	66.664	151.3736
17750.000000	65.224	127.9617
18000.000000	63.935	102.1450
18250.000000	62.714	73.1182
18500.000000	61.460	40.2428
18750.000000	60.039	2.7614
19000.000000	58.268	-40.1250
19250.000000	55.933	-88.3462
19500.000000	52.863	-141.6201
19750.000000	49.144	158.7712
20000.000000	45.959	97.8635
