* Measurement data measured by REW V5.31.3
* Source: USB-C to 3.5mm Headphone Jack Adapter, USB-C to 3.5mm Headphone Jack Adapter, 0, volume: 0.295
* Format: 256k Log Swept Sine, 4 sweeps at -12.0 dBFS with no timing reference
* Dated: Jul 7, 2025 12:12:46 AM
* REW Settings:
*  C-weighting compensation: Off
*  Target level: 75.0 dB
* Note: ; 
* Measurement: CrinEar Meta Coreir R
* Smoothing: 1/24 octave
* Frequency Step: 1/48 octave
* Start Frequency: 20.300 Hz
*
* Freq(Hz)	SPL(dB)	Phase(degrees)
20.299999	101.595	1.0185
20.600000	101.589	0.6530
20.900000	101.581	0.2562
21.200001	101.574	-0.1514
21.400000	101.571	-0.4306
21.799999	101.565	-1.0046
22.000000	101.562	-1.2947
22.400000	101.554	-1.8659
22.700001	101.547	-2.2757
23.000000	101.538	-2.6646
23.299999	101.528	-3.0334
23.600000	101.517	-3.3872
24.000000	101.501	-3.8478
24.299999	101.490	-4.1938
24.700001	101.476	-4.6639
25.000000	101.465	-5.0238
25.400000	101.450	-5.5078
25.799999	101.434	-5.9853
26.200001	101.417	-6.4437
26.500000	101.404	-6.7707
26.900000	101.386	-7.1847
27.200001	101.372	-7.4822
27.600000	101.353	-7.8692
28.000000	101.333	-8.2539
28.500000	101.308	-8.7423
29.000000	101.283	-9.2447
29.500000	101.258	-9.7550
30.000000	101.231	-10.2542
30.400000	101.209	-10.6323
30.700001	101.191	-10.9015
31.100000	101.169	-11.2474
31.500000	101.147	-11.5903
32.000000	101.118	-12.0292
32.500000	101.086	-12.4765
33.000000	101.053	-12.9139
33.500000	101.024	-13.3324
34.000000	100.999	-13.7424
34.500000	100.975	-14.1557
35.000000	100.949	-14.5649
35.500000	100.916	-14.9489
36.000000	100.880	-15.2977
36.500000	100.844	-15.6255
37.000000	100.810	-15.9569
37.500000	100.776	-16.3062
38.200001	100.728	-16.8163
38.700001	100.692	-17.1772
39.500000	100.636	-17.7225
40.000000	100.602	-18.0431
40.599998	100.562	-18.4200
41.200001	100.522	-18.7998
41.799999	100.480	-19.1779
42.500000	100.428	-19.5981
43.099998	100.386	-19.9378
43.700001	100.345	-20.2686
44.400002	100.294	-20.6471
45.000000	100.248	-20.9607
45.500000	100.208	-21.2176
46.200001	100.154	-21.5851
46.799999	100.111	-21.9099
47.500000	100.066	-22.2848
48.200001	100.023	-22.6440
48.700001	99.989	-22.8921
49.400002	99.933	-23.2263
50.000000	99.880	-23.4962
50.799999	99.811	-23.8391
51.500000	99.756	-24.1339
52.200001	99.703	-24.4158
53.000000	99.641	-24.7160
53.799999	99.575	-25.0272
54.500000	99.517	-25.3285
55.200001	99.461	-25.6300
56.000000	99.400	-25.9383
57.000000	99.328	-26.2958
58.000000	99.247	-26.6495
59.000000	99.165	-26.9560
60.000000	99.087	-27.2395
60.799999	99.023	-27.4770
61.500000	98.963	-27.6928
62.200001	98.902	-27.9026
63.000000	98.835	-28.1255
64.000000	98.755	-28.3964
65.000000	98.675	-28.6902
66.000000	98.598	-29.0578
67.000000	98.520	-29.3751
68.000000	98.439	-29.4565
69.000000	98.344	-29.3357
70.000000	98.256	-29.2650
71.000000	98.182	-29.5776
72.000000	98.100	-30.0360
73.000000	98.019	-30.2880
74.000000	97.943	-30.4246
75.000000	97.862	-30.5635
76.199997	97.762	-30.7321
77.500000	97.657	-30.8465
78.800003	97.555	-30.9627
80.000000	97.469	-31.0940
81.199997	97.377	-31.2326
82.500000	97.267	-31.3210
83.800003	97.158	-31.4014
85.000000	97.066	-31.4629
86.199997	96.977	-31.4996
87.500000	96.877	-31.5476
88.500000	96.800	-31.5828
90.000000	96.693	-31.5683
91.199997	96.602	-31.5201
92.500000	96.502	-31.4366
93.800003	96.412	-31.3886
95.000000	96.324	-31.3829
96.199997	96.233	-31.3768
97.500000	96.144	-31.2917
98.800003	96.056	-31.1789
100.000000	95.963	-31.0988
101.500000	95.851	-30.9426
103.000000	95.747	-30.8280
104.400002	95.648	-30.8247
106.000000	95.533	-30.6849
107.500000	95.430	-30.4451
109.000000	95.323	-30.2429
110.599998	95.211	-29.9688
112.000000	95.125	-29.7079
113.800003	95.015	-29.3507
115.000000	94.942	-29.0394
117.199997	94.814	-28.4355
118.000000	94.771	-28.2405
120.599998	94.669	-27.4586
122.000000	94.601	-27.1329
124.099998	94.479	-26.8099
125.000000	94.438	-26.6089
126.500000	94.376	-26.2635
128.000000	94.318	-26.0019
131.500000	94.177	-25.2803
132.000000	94.155	-25.1632
134.000000	94.068	-24.7202
136.000000	93.999	-24.2841
138.000000	93.938	-23.7947
140.000000	93.876	-23.3793
143.000000	93.753	-22.7529
145.000000	93.674	-22.2366
147.500000	93.582	-21.5815
150.000000	93.492	-20.9905
152.500000	93.442	-20.3103
155.000000	93.391	-19.6647
157.500000	93.335	-19.0131
160.000000	93.275	-18.3659
162.500000	93.214	-17.7282
165.000000	93.158	-17.1207
167.500000	93.103	-16.4738
170.000000	93.050	-15.8430
172.500000	93.003	-15.2018
175.000000	92.963	-14.5660
177.500000	92.924	-13.9569
180.000000	92.888	-13.3826
182.500000	92.854	-12.8075
185.000000	92.824	-12.2010
187.500000	92.801	-11.6068
190.000000	92.776	-11.0155
192.500000	92.751	-10.4243
195.000000	92.731	-9.8401
197.500000	92.713	-9.2564
200.000000	92.696	-8.7129
203.000000	92.684	-8.1199
206.000000	92.679	-7.4939
209.000000	92.680	-6.9076
212.000000	92.683	-6.3443
214.000000	92.685	-5.9885
218.000000	92.689	-5.3057
220.000000	92.691	-4.9600
224.000000	92.697	-4.2788
227.000000	92.699	-3.7789
230.000000	92.703	-3.2934
233.000000	92.707	-2.8398
236.000000	92.715	-2.4154
240.000000	92.725	-1.8460
243.000000	92.731	-1.4241
247.000000	92.741	-0.8847
250.000000	92.747	-0.5132
254.000000	92.757	-0.0153
258.000000	92.768	0.4870
262.000000	92.780	0.9592
265.000000	92.791	1.3092
269.000000	92.801	1.7567
272.000000	92.807	2.0621
276.000000	92.816	2.4802
280.000000	92.823	2.8993
285.000000	92.836	3.3863
290.000000	92.850	3.8719
295.000000	92.863	4.3320
300.000000	92.878	4.7658
304.000000	92.890	5.0973
307.000000	92.897	5.3360
311.000000	92.907	5.6529
315.000000	92.919	5.9510
320.000000	92.932	6.2796
325.000000	92.935	6.5779
330.000000	92.934	6.8962
335.000000	92.932	7.2359
340.000000	92.927	7.5958
345.000000	92.920	7.9582
350.000000	92.914	8.3239
355.000000	92.916	8.6996
360.000000	92.919	9.0741
365.000000	92.922	9.4329
370.000000	92.922	9.7705
375.000000	92.922	10.1103
382.000000	92.922	10.5847
387.000000	92.921	10.9071
395.000000	92.920	11.4061
400.000000	92.919	11.7175
406.000000	92.917	12.0961
412.000000	92.914	12.4599
418.000000	92.909	12.8127
425.000000	92.902	13.2224
431.000000	92.895	13.5746
437.000000	92.887	13.9259
444.000000	92.877	14.3375
450.000000	92.866	14.6910
455.000000	92.856	14.9801
462.000000	92.841	15.3893
468.000000	92.826	15.7471
475.000000	92.808	16.1751
482.000000	92.789	16.6143
487.000000	92.775	16.9346
494.000000	92.756	17.3994
500.000000	92.741	17.8129
508.000000	92.725	18.3626
515.000000	92.713	18.8285
522.000000	92.702	19.2829
530.000000	92.687	19.8023
538.000000	92.670	20.3237
545.000000	92.654	20.7868
552.000000	92.639	21.2574
560.000000	92.623	21.7997
570.000000	92.604	22.4680
580.000000	92.583	23.1385
590.000000	92.561	23.8066
600.000000	92.537	24.4812
608.000000	92.518	25.0307
615.000000	92.501	25.5154
622.000000	92.484	26.0025
630.000000	92.464	26.5654
640.000000	92.441	27.2798
650.000000	92.419	28.0044
660.000000	92.394	28.7339
670.000000	92.369	29.4773
680.000000	92.346	30.2402
690.000000	92.324	31.0197
700.000000	92.303	31.8081
710.000000	92.283	32.6036
720.000000	92.265	33.4143
730.000000	92.248	34.2322
740.000000	92.235	35.0565
750.000000	92.222	35.8900
762.000000	92.205	36.9089
775.000000	92.191	38.0234
788.000000	92.180	39.1553
800.000000	92.172	40.2135
812.000000	92.164	41.2751
825.000000	92.159	42.4250
838.000000	92.156	43.5895
850.000000	92.157	44.6699
862.000000	92.165	45.7433
875.000000	92.178	46.9013
885.000000	92.190	47.7910
900.000000	92.212	49.1214
912.000000	92.235	50.1717
925.000000	92.263	51.2986
938.000000	92.296	52.4159
950.000000	92.329	53.4365
962.000000	92.366	54.4431
975.000000	92.409	55.5164
988.000000	92.456	56.5662
1000.000000	92.502	57.5122
1015.000000	92.562	58.6614
1030.000000	92.625	59.7742
1044.000000	92.686	60.7807
1060.000000	92.757	61.8853
1075.000000	92.823	62.8804
1090.000000	92.890	63.8404
1106.000000	92.962	64.8238
1120.000000	93.023	65.6498
1138.000000	93.099	66.6690
1150.000000	93.149	67.3264
1172.000000	93.236	68.4993
1180.000000	93.266	68.9135
1206.000000	93.357	70.2227
1220.000000	93.403	70.9116
1241.000000	93.468	71.9331
1250.000000	93.496	72.3647
1265.000000	93.543	73.0746
1280.000000	93.590	73.7817
1315.000000	93.690	75.4430
1320.000000	93.703	75.6822
1340.000000	93.754	76.6451
1360.000000	93.801	77.6237
1380.000000	93.846	78.6255
1400.000000	93.889	79.6431
1430.000000	93.951	81.1933
1450.000000	93.992	82.2450
1475.000000	94.043	83.5819
1500.000000	94.094	84.9445
1525.000000	94.147	86.3316
1550.000000	94.200	87.7453
1575.000000	94.256	89.1778
1600.000000	94.315	90.6254
1625.000000	94.373	92.0833
1650.000000	94.432	93.5511
1675.000000	94.496	95.0268
1700.000000	94.563	96.5081
1725.000000	94.634	97.9918
1750.000000	94.710	99.4798
1775.000000	94.791	100.9728
1800.000000	94.878	102.4592
1825.000000	94.970	103.9338
1850.000000	95.067	105.3986
1875.000000	95.169	106.8515
1900.000000	95.276	108.2891
1925.000000	95.389	109.7110
1950.000000	95.507	111.1140
1975.000000	95.630	112.4936
2000.000000	95.760	113.8472
2030.000000	95.924	115.4330
2060.000000	96.096	116.9745
2090.000000	96.276	118.4672
2120.000000	96.463	119.9058
2140.000000	96.591	120.8311
2180.000000	96.855	122.5961
2200.000000	96.991	123.4330
2240.000000	97.270	125.0042
2270.000000	97.484	126.0904
2300.000000	97.703	127.0902
2330.000000	97.925	127.9954
2360.000000	98.148	128.8021
2400.000000	98.448	129.7159
2430.000000	98.672	130.2742
2470.000000	98.967	130.8429
2500.000000	99.184	131.1350
2540.000000	99.464	131.3404
2580.000000	99.728	131.3400
2620.000000	99.972	131.1448
2650.000000	100.137	130.8800
2690.000000	100.331	130.3877
2720.000000	100.456	129.9292
2760.000000	100.591	129.2236
2800.000000	100.688	128.4417
2850.000000	100.754	127.4193
2900.000000	100.759	126.4239
2950.000000	100.707	125.5332
3000.000000	100.606	124.8171
3040.000000	100.494	124.4016
3070.000000	100.396	124.1930
3110.000000	100.250	124.0616
3150.000000	100.092	124.1025
3200.000000	99.884	124.3924
3250.000000	99.672	124.9356
3300.000000	99.461	125.7125
3350.000000	99.258	126.6986
3400.000000	99.067	127.8638
3450.000000	98.890	129.1824
3500.000000	98.729	130.6309
3550.000000	98.589	132.1815
3600.000000	98.471	133.7979
3650.000000	98.376	135.4461
3700.000000	98.302	137.0943
3750.000000	98.250	138.7096
3820.000000	98.210	140.8609
3870.000000	98.202	142.2863
3950.000000	98.217	144.3030
4000.000000	98.236	145.3598
4060.000000	98.261	146.3753
4120.000000	98.277	147.0636
4180.000000	98.269	147.4165
4250.000000	98.202	147.4659
4310.000000	98.075	147.3165
4370.000000	97.872	147.1928
4440.000000	97.549	147.3667
4500.000000	97.223	147.9497
4550.000000	96.935	148.7967
4620.000000	96.539	150.5620
4680.000000	96.239	152.5614
4750.000000	95.972	155.2056
4820.000000	95.795	157.7721
4870.000000	95.703	159.4117
4940.000000	95.595	161.3892
5000.000000	95.498	162.8255
5080.000000	95.345	164.5610
5150.000000	95.193	166.0122
5220.000000	95.025	167.4406
5300.000000	94.816	169.1046
5380.000000	94.595	170.8495
5450.000000	94.396	172.4531
5520.000000	94.195	174.1425
5600.000000	93.963	176.2186
5700.000000	93.685	179.0929
5800.000000	93.443	-177.7151
5900.000000	93.255	-174.2763
6000.000000	93.136	-170.6660
6080.000000	93.097	-167.6991
6150.000000	93.110	-165.0891
6220.000000	93.171	-162.5017
6300.000000	93.310	-159.6121
6400.000000	93.601	-156.1722
6500.000000	94.015	-153.0331
6600.000000	94.548	-150.3452
6700.000000	95.199	-148.3035
6800.000000	95.963	-147.1443
6900.000000	96.822	-147.1395
7000.000000	97.741	-148.5718
7100.000000	98.663	-151.7148
7200.000000	99.495	-156.8014
7300.000000	100.088	-163.7094
7400.000000	100.319	-171.5625
7500.000000	100.178	-179.1788
7620.000000	99.634	173.2678
7750.000000	98.809	167.7776
7880.000000	97.961	164.9329
8000.000000	97.258	164.0697
8120.000000	96.655	164.2992
8250.000000	96.143	165.2193
8380.000000	95.786	166.3807
8500.000000	95.572	167.3519
8620.000000	95.437	168.0058
8750.000000	95.336	168.2036
8850.000000	95.256	167.9550
9000.000000	95.076	166.9980
9120.000000	94.839	165.9133
9250.000000	94.462	164.7274
9380.000000	93.957	163.8674
9500.000000	93.395	163.6162
9620.000000	92.766	164.0383
9750.000000	92.043	165.3358
9880.000000	91.311	167.5075
10000.000000	90.653	170.2298
10150.000000	89.884	174.4804
10300.000000	89.194	179.5266
10440.000000	88.632	-175.1890
10600.000000	88.093	-168.5760
10750.000000	87.703	-161.9198
10900.000000	87.447	-154.8861
11060.000000	87.359	-147.1339
11200.000000	87.462	-140.4904
11380.000000	87.824	-132.6476
11500.000000	88.200	-128.0523
11720.000000	89.112	-121.6461
11800.000000	89.486	-120.0802
12060.000000	90.735	-117.7734
12200.000000	91.375	-118.2824
12410.000000	92.191	-121.2462
12500.000000	92.457	-123.2092
12650.000000	92.755	-127.0988
12800.000000	92.847	-131.3214
13150.000000	92.373	-139.6761
13200.000000	92.256	-140.5242
13400.000000	91.762	-142.9408
13600.000000	91.321	-144.0286
13800.000000	91.020	-144.2724
14000.000000	90.910	-144.1977
14300.000000	91.184	-144.6454
14500.000000	91.707	-146.3333
14750.000000	92.729	-151.7539
15000.000000	93.932	-162.9937
15250.000000	94.725	178.8540
15500.000000	94.426	156.2520
15750.000000	92.883	134.4671
16000.000000	90.640	116.9882
16250.000000	88.415	103.6154
16500.000000	86.558	92.4058
16750.000000	85.108	81.5114
17000.000000	84.038	69.6399
17250.000000	83.320	55.8549
17500.000000	82.955	39.2725
17750.000000	82.941	18.7220
18000.000000	83.157	-7.1830
18250.000000	83.295	-39.3590
18500.000000	82.963	-77.6101
18750.000000	81.836	-120.5879
19000.000000	79.890	-166.8588
19250.000000	77.443	143.4423
19500.000000	74.769	88.2721
19750.000000	71.887	24.1020
20000.000000	69.520	-43.4448
