* Measurement data measured by REW V5.31.3
* Source: USB-C to 3.5mm Headphone Jack Adapter, no input selected, 0, volume: no control
* Format: 256k Log Swept Sine, 4 sweeps at -12.0 dBFS with no timing reference
* Dated: Mar 28, 2026 7:35:25 PM
* REW Settings:
*  C-weighting compensation: Off
*  Target level: 75.0 dB
* Note: ; 
* Measurement: Crinear Daybreak XWB R
* Smoothing: 1/24 octave
* Frequency Step: 1/48 octave
* Start Frequency: 20.300 Hz
*
* Freq(Hz)	SPL(dB)	Phase(degrees)
20.299999	102.216	-164.6907
20.600000	102.217	-165.2667
20.900000	102.214	-165.8855
21.200001	102.209	-166.5012
21.400000	102.206	-166.9084
21.799999	102.201	-167.7125
22.000000	102.200	-168.1075
22.400000	102.198	-168.8792
22.700001	102.198	-169.4411
23.000000	102.197	-169.9911
23.299999	102.197	-170.5341
23.600000	102.194	-171.0748
24.000000	102.188	-171.7969
24.299999	102.181	-172.3377
24.700001	102.168	-173.0502
25.000000	102.157	-173.5717
25.400000	102.142	-174.2431
25.799999	102.129	-174.8852
26.200001	102.118	-175.5018
26.500000	102.110	-175.9519
26.900000	102.099	-176.5426
27.200001	102.090	-176.9830
27.600000	102.076	-177.5710
28.000000	102.059	-178.1604
28.500000	102.033	-178.8905
29.000000	102.005	-179.5975
29.500000	101.979	179.7271
30.000000	101.958	179.0760
30.400000	101.942	178.5633
30.700001	101.930	178.1810
31.100000	101.913	177.6765
31.500000	101.893	177.1828
32.000000	101.865	176.5853
32.500000	101.836	176.0043
33.000000	101.808	175.4279
33.500000	101.778	174.8510
34.000000	101.747	174.2807
34.500000	101.715	173.7262
35.000000	101.683	173.1886
35.500000	101.652	172.6623
36.000000	101.620	172.1453
36.500000	101.586	171.6422
37.000000	101.551	171.1563
37.500000	101.518	170.6810
38.200001	101.473	170.0117
38.700001	101.440	169.5294
39.500000	101.386	168.7819
40.000000	101.354	168.3407
40.599998	101.316	167.8238
41.200001	101.276	167.3007
41.799999	101.230	166.7748
42.500000	101.172	166.1920
43.099998	101.125	165.7267
43.700001	101.084	165.2650
44.400002	101.034	164.7184
45.000000	100.985	164.2858
45.500000	100.943	163.9650
46.200001	100.891	163.5123
46.799999	100.846	163.0695
47.500000	100.787	162.5516
48.200001	100.736	162.1006
48.700001	100.712	161.7679
49.400002	100.677	161.2225
50.000000	100.628	160.7599
50.799999	100.543	160.3218
51.500000	100.478	160.0222
52.200001	100.420	159.6416
53.000000	100.354	159.1356
53.799999	100.297	158.6530
54.500000	100.252	158.2651
55.200001	100.198	157.9373
56.000000	100.127	157.6263
57.000000	100.035	157.1774
58.000000	99.940	156.6789
59.000000	99.858	156.2702
60.000000	99.777	155.8832
60.799999	99.705	155.5703
61.500000	99.644	155.2925
62.200001	99.588	155.0028
63.000000	99.526	154.6787
64.000000	99.446	154.3248
65.000000	99.363	154.0051
66.000000	99.281	153.6768
67.000000	99.200	153.3478
68.000000	99.117	153.0543
69.000000	99.035	152.7835
70.000000	98.950	152.5360
71.000000	98.869	152.2974
72.000000	98.792	152.0311
73.000000	98.712	151.7796
74.000000	98.631	151.5743
75.000000	98.549	151.3882
76.199997	98.453	151.1421
77.500000	98.345	150.8457
78.800003	98.241	150.6515
80.000000	98.164	150.4834
81.199997	98.080	150.2707
82.500000	97.975	150.0980
83.800003	97.874	149.9552
85.000000	97.786	149.8110
86.199997	97.699	149.6940
87.500000	97.604	149.6011
88.500000	97.529	149.5430
90.000000	97.419	149.4772
91.199997	97.338	149.4145
92.500000	97.248	149.3176
93.800003	97.157	149.2524
95.000000	97.074	149.2501
96.199997	96.997	149.2357
97.500000	96.926	149.1921
98.800003	96.856	149.3183
100.000000	96.780	149.4543
101.500000	96.655	149.4078
103.000000	96.545	149.3748
104.400002	96.467	149.4339
106.000000	96.380	149.5961
107.500000	96.293	149.6996
109.000000	96.200	149.6567
110.599998	96.100	149.8264
112.000000	96.030	150.0435
113.800003	95.942	150.2180
115.000000	95.881	150.3039
117.199997	95.771	150.4570
118.000000	95.734	150.5413
120.599998	95.614	150.8329
122.000000	95.553	151.0125
124.099998	95.464	151.2667
125.000000	95.426	151.3668
126.500000	95.362	151.5232
128.000000	95.301	151.6695
131.500000	95.178	151.9927
132.000000	95.159	152.0307
134.000000	95.075	152.2267
136.000000	94.988	152.4690
138.000000	94.910	152.7180
140.000000	94.842	152.9966
143.000000	94.747	153.3824
145.000000	94.681	153.6500
147.500000	94.599	154.0059
150.000000	94.524	154.3334
152.500000	94.451	154.6621
155.000000	94.376	155.0117
157.500000	94.306	155.3710
160.000000	94.244	155.7039
162.500000	94.180	156.0266
165.000000	94.115	156.3730
167.500000	94.055	156.7548
170.000000	93.999	157.1533
172.500000	93.946	157.5827
175.000000	93.897	158.0259
177.500000	93.852	158.4623
180.000000	93.818	158.8694
182.500000	93.797	159.2202
185.000000	93.776	159.5496
187.500000	93.748	159.8701
190.000000	93.719	160.1138
192.500000	93.695	160.3401
195.000000	93.671	160.5956
197.500000	93.642	160.8290
200.000000	93.610	161.0497
203.000000	93.573	161.3567
206.000000	93.538	161.6698
209.000000	93.508	162.0003
212.000000	93.476	162.3026
214.000000	93.455	162.4946
218.000000	93.414	162.8737
220.000000	93.395	163.0659
224.000000	93.357	163.4582
227.000000	93.330	163.7617
230.000000	93.307	164.0432
233.000000	93.285	164.3111
236.000000	93.265	164.5910
240.000000	93.245	164.9865
243.000000	93.233	165.2594
247.000000	93.216	165.5892
250.000000	93.200	165.8270
254.000000	93.171	166.0423
258.000000	93.145	166.2999
262.000000	93.122	166.5937
265.000000	93.106	166.8152
269.000000	93.085	167.1096
272.000000	93.069	167.3186
276.000000	93.049	167.5966
280.000000	93.028	167.8739
285.000000	93.005	168.1786
290.000000	92.983	168.4776
295.000000	92.962	168.8005
300.000000	92.941	169.1167
304.000000	92.924	169.3477
307.000000	92.912	169.5119
311.000000	92.897	169.7327
315.000000	92.883	169.9472
320.000000	92.862	170.2108
325.000000	92.842	170.4676
330.000000	92.821	170.7244
335.000000	92.801	171.0040
340.000000	92.782	171.2967
345.000000	92.769	171.5892
350.000000	92.759	171.8884
355.000000	92.743	172.0904
360.000000	92.726	172.2795
365.000000	92.710	172.4901
370.000000	92.694	172.7059
375.000000	92.678	172.9243
382.000000	92.655	173.2351
387.000000	92.639	173.4554
395.000000	92.615	173.8153
400.000000	92.600	174.0440
406.000000	92.582	174.2956
412.000000	92.566	174.5443
418.000000	92.551	174.7847
425.000000	92.533	175.0455
431.000000	92.517	175.2580
437.000000	92.499	175.4647
444.000000	92.476	175.7023
450.000000	92.456	175.9055
455.000000	92.438	176.0828
462.000000	92.413	176.3406
468.000000	92.392	176.5609
475.000000	92.368	176.8135
482.000000	92.342	177.0633
487.000000	92.324	177.2441
494.000000	92.298	177.4981
500.000000	92.276	177.7147
508.000000	92.244	178.0169
515.000000	92.216	178.2858
522.000000	92.188	178.5586
530.000000	92.156	178.8735
538.000000	92.124	179.2007
545.000000	92.099	179.4957
552.000000	92.071	179.7996
560.000000	92.035	-179.8464
570.000000	91.993	-179.3895
580.000000	91.955	-178.9109
590.000000	91.919	-178.4146
600.000000	91.885	-177.8927
608.000000	91.862	-177.4530
615.000000	91.845	-177.0532
622.000000	91.833	-176.6484
630.000000	91.826	-176.2016
640.000000	91.825	-175.6949
650.000000	91.831	-175.2747
660.000000	91.838	-174.9682
670.000000	91.833	-174.7668
680.000000	91.807	-174.6036
690.000000	91.762	-174.4027
700.000000	91.706	-174.1163
710.000000	91.644	-173.7438
720.000000	91.582	-173.2846
730.000000	91.523	-172.7563
740.000000	91.470	-172.1800
750.000000	91.420	-171.5659
762.000000	91.368	-170.7954
775.000000	91.318	-169.9217
788.000000	91.276	-169.0135
800.000000	91.243	-168.1547
812.000000	91.214	-167.2729
825.000000	91.190	-166.2995
838.000000	91.174	-165.3093
850.000000	91.165	-164.3852
862.000000	91.163	-163.4345
875.000000	91.168	-162.4007
885.000000	91.178	-161.6090
900.000000	91.199	-160.4260
912.000000	91.224	-159.4801
925.000000	91.259	-158.4618
938.000000	91.301	-157.4602
950.000000	91.346	-156.5549
962.000000	91.398	-155.6689
975.000000	91.461	-154.7319
988.000000	91.530	-153.8201
1000.000000	91.599	-153.0049
1015.000000	91.691	-152.0309
1030.000000	91.788	-151.1129
1044.000000	91.885	-150.3038
1060.000000	91.999	-149.4324
1075.000000	92.111	-148.6738
1090.000000	92.224	-147.9707
1106.000000	92.347	-147.2808
1120.000000	92.455	-146.7292
1138.000000	92.592	-146.0783
1150.000000	92.683	-145.6814
1172.000000	92.846	-145.0434
1180.000000	92.904	-144.8323
1206.000000	93.088	-144.2094
1220.000000	93.183	-143.9105
1241.000000	93.321	-143.5074
1250.000000	93.378	-143.3487
1265.000000	93.471	-143.0992
1280.000000	93.560	-142.8681
1315.000000	93.756	-142.3751
1320.000000	93.783	-142.3087
1340.000000	93.886	-142.0523
1360.000000	93.985	-141.7959
1380.000000	94.081	-141.5394
1400.000000	94.173	-141.2880
1430.000000	94.306	-140.9091
1450.000000	94.392	-140.6567
1475.000000	94.495	-140.3358
1500.000000	94.597	-140.0055
1525.000000	94.698	-139.6646
1550.000000	94.799	-139.3164
1575.000000	94.900	-138.9691
1600.000000	95.000	-138.6171
1625.000000	95.102	-138.2596
1650.000000	95.204	-137.8996
1675.000000	95.309	-137.5405
1700.000000	95.416	-137.1841
1725.000000	95.525	-136.8321
1750.000000	95.635	-136.4839
1775.000000	95.748	-136.1500
1800.000000	95.864	-135.8308
1825.000000	95.981	-135.5247
1850.000000	96.100	-135.2329
1875.000000	96.221	-134.9583
1900.000000	96.344	-134.7042
1925.000000	96.469	-134.4686
1950.000000	96.594	-134.2486
1975.000000	96.721	-134.0460
2000.000000	96.849	-133.8601
2030.000000	97.005	-133.6575
2060.000000	97.164	-133.4802
2090.000000	97.327	-133.3318
2120.000000	97.492	-133.2153
2140.000000	97.604	-133.1569
2180.000000	97.831	-133.1005
2200.000000	97.947	-133.1024
2240.000000	98.183	-133.1695
2270.000000	98.361	-133.2800
2300.000000	98.541	-133.4435
2330.000000	98.721	-133.6618
2360.000000	98.903	-133.9384
2400.000000	99.146	-134.4048
2430.000000	99.327	-134.8323
2470.000000	99.567	-135.5086
2500.000000	99.743	-136.0993
2540.000000	99.972	-137.0007
2580.000000	100.193	-138.0318
2620.000000	100.401	-139.1854
2650.000000	100.549	-140.1255
2690.000000	100.733	-141.4816
2720.000000	100.860	-142.5764
2760.000000	101.010	-144.1255
2800.000000	101.137	-145.7568
2850.000000	101.261	-147.8825
2900.000000	101.345	-150.0654
2950.000000	101.386	-152.2599
3000.000000	101.388	-154.4168
3040.000000	101.362	-156.0829
3070.000000	101.330	-157.2864
3110.000000	101.270	-158.8218
3150.000000	101.194	-160.2733
3200.000000	101.081	-161.9685
3250.000000	100.951	-163.5351
3300.000000	100.805	-164.9747
3350.000000	100.647	-166.2723
3400.000000	100.478	-167.4189
3450.000000	100.305	-168.4175
3500.000000	100.131	-169.2802
3550.000000	99.958	-170.0256
3600.000000	99.788	-170.6661
3650.000000	99.620	-171.2109
3700.000000	99.457	-171.6697
3750.000000	99.299	-172.0536
3820.000000	99.087	-172.4852
3870.000000	98.944	-172.7322
3950.000000	98.727	-173.0583
4000.000000	98.599	-173.2368
4060.000000	98.451	-173.4388
4120.000000	98.307	-173.6410
4180.000000	98.166	-173.8505
4250.000000	98.000	-174.1048
4310.000000	97.854	-174.3244
4370.000000	97.703	-174.5330
4440.000000	97.521	-174.7453
4500.000000	97.358	-174.8884
4550.000000	97.219	-174.9710
4620.000000	97.020	-175.0178
4680.000000	96.847	-174.9848
4750.000000	96.646	-174.8542
4820.000000	96.451	-174.6290
4870.000000	96.316	-174.4189
4940.000000	96.136	-174.0800
5000.000000	95.991	-173.7695
5080.000000	95.810	-173.3518
5150.000000	95.661	-173.0102
5220.000000	95.516	-172.7084
5300.000000	95.352	-172.4188
5380.000000	95.181	-172.1819
5450.000000	95.025	-172.0000
5520.000000	94.859	-171.8198
5600.000000	94.655	-171.5880
5700.000000	94.382	-171.2049
5800.000000	94.092	-170.6595
5900.000000	93.792	-169.9049
6000.000000	93.490	-168.9167
6080.000000	93.253	-167.9517
6150.000000	93.053	-166.9779
6220.000000	92.862	-165.8871
6300.000000	92.659	-164.5079
6400.000000	92.434	-162.5998
6500.000000	92.243	-160.5095
6600.000000	92.094	-158.2725
6700.000000	91.992	-155.9163
6800.000000	91.942	-153.4795
6900.000000	91.946	-151.0003
7000.000000	92.011	-148.5158
7100.000000	92.143	-146.0842
7200.000000	92.348	-143.7947
7300.000000	92.622	-141.7547
7400.000000	92.957	-140.0225
7500.000000	93.359	-138.5567
7620.000000	93.962	-137.3801
7750.000000	94.739	-137.4123
7880.000000	95.578	-139.2155
8000.000000	96.321	-142.7483
8120.000000	96.914	-148.1231
8250.000000	97.241	-155.5201
8380.000000	97.140	-163.4031
8500.000000	96.684	-169.8705
8620.000000	95.988	-174.6562
8750.000000	95.153	-177.5919
8850.000000	94.575	-178.5873
9000.000000	93.869	-179.3500
9120.000000	93.345	-179.7073
9250.000000	92.789	-179.3235
9380.000000	92.322	-178.0152
9500.000000	92.028	-176.2657
9620.000000	91.889	-174.3603
9750.000000	91.915	-172.5451
9880.000000	92.102	-171.4100
10000.000000	92.379	-171.2863
10150.000000	92.785	-172.6712
10300.000000	93.145	-175.7772
10440.000000	93.349	-179.8985
10600.000000	93.373	174.6103
10750.000000	93.200	169.3179
10900.000000	92.883	164.2659
11060.000000	92.442	159.2845
11200.000000	92.006	155.2201
11380.000000	91.395	150.2321
11500.000000	90.952	146.9944
11720.000000	90.038	141.3593
11800.000000	89.671	139.5022
12060.000000	88.403	134.6150
12200.000000	87.718	132.8093
12410.000000	86.765	131.1955
12500.000000	86.405	130.8571
12650.000000	85.893	130.6482
12800.000000	85.510	130.7419
13150.000000	85.195	131.1373
13200.000000	85.221	131.1163
13400.000000	85.507	130.5787
13600.000000	86.086	128.9463
13800.000000	86.940	125.7115
14000.000000	88.026	120.3490
14300.000000	89.924	107.2236
14500.000000	91.170	94.5625
14750.000000	92.386	74.6606
15000.000000	93.007	51.9086
15250.000000	93.053	28.3131
15500.000000	92.735	4.8656
15750.000000	92.199	-18.7600
16000.000000	91.409	-42.6638
16250.000000	90.435	-66.5717
16500.000000	89.377	-91.1161
16750.000000	88.106	-116.6727
17000.000000	86.518	-142.3351
17250.000000	84.792	-167.4099
17500.000000	83.259	167.3777
17750.000000	82.198	139.9361
18000.000000	81.615	107.6643
18250.000000	81.194	68.7780
18500.000000	80.513	22.8851
18750.000000	79.243	-29.3350
19000.000000	77.282	-87.0153
19250.000000	74.711	-149.9080
19500.000000	71.529	141.6547
19750.000000	67.760	65.4458
20000.000000	64.429	-13.7913
