* Measurement data measured by REW V5.31.3
* Source: USB-C to 3.5mm Headphone Jack Adapter, no input selected, 0, volume: no control
* Format: 256k Log Swept Sine, 4 sweeps at -12.0 dBFS with no timing reference
* Dated: Mar 28, 2026 7:31:32 PM
* REW Settings:
*  C-weighting compensation: Off
*  Target level: 75.0 dB
* Note: ; 
* Measurement: Crinear Daybreak Coreir R
* Smoothing: 1/24 octave
* Frequency Step: 1/48 octave
* Start Frequency: 20.300 Hz
*
* Freq(Hz)	SPL(dB)	Phase(degrees)
20.299999	102.138	-164.8729
20.600000	102.138	-165.4342
20.900000	102.134	-166.0507
21.200001	102.130	-166.6870
21.400000	102.127	-167.1219
21.799999	102.121	-168.0056
22.000000	102.117	-168.4444
22.400000	102.109	-169.2860
22.700001	102.102	-169.8682
23.000000	102.098	-170.4044
23.299999	102.096	-170.9033
23.600000	102.096	-171.3814
24.000000	102.097	-172.0163
24.299999	102.096	-172.5042
24.700001	102.089	-173.1720
25.000000	102.080	-173.6778
25.400000	102.064	-174.3440
25.799999	102.048	-174.9922
26.200001	102.036	-175.6255
26.500000	102.028	-176.0962
26.900000	102.019	-176.7225
27.200001	102.011	-177.1894
27.600000	101.998	-177.7995
28.000000	101.980	-178.3852
28.500000	101.957	-179.0784
29.000000	101.934	-179.7440
29.500000	101.914	179.5919
30.000000	101.893	178.9177
30.400000	101.874	178.3783
30.700001	101.858	177.9807
31.100000	101.835	177.4659
31.500000	101.811	176.9696
32.000000	101.782	176.3687
32.500000	101.752	175.7817
33.000000	101.722	175.2077
33.500000	101.692	174.6487
34.000000	101.663	174.1014
34.500000	101.634	173.5590
35.000000	101.604	173.0190
35.500000	101.572	172.4855
36.000000	101.539	171.9630
36.500000	101.505	171.4515
37.000000	101.471	170.9499
37.500000	101.437	170.4586
38.200001	101.391	169.7859
38.700001	101.358	169.3116
39.500000	101.300	168.5758
40.000000	101.261	168.1459
40.599998	101.213	167.6541
41.200001	101.170	167.1556
41.799999	101.128	166.6397
42.500000	101.079	166.0568
43.099998	101.037	165.5973
43.700001	100.992	165.1548
44.400002	100.935	164.6277
45.000000	100.886	164.1603
45.500000	100.848	163.7648
46.200001	100.800	163.2378
46.799999	100.758	162.8542
47.500000	100.702	162.4568
48.200001	100.627	161.9876
48.700001	100.557	161.5957
49.400002	100.455	161.0773
50.000000	100.397	160.7204
50.799999	100.376	160.2688
51.500000	100.365	159.8392
52.200001	100.327	159.4563
53.000000	100.257	159.0814
53.799999	100.184	158.6611
54.500000	100.123	158.2626
55.200001	100.069	157.8987
56.000000	100.009	157.5302
57.000000	99.928	157.0755
58.000000	99.842	156.5872
59.000000	99.754	156.1300
60.000000	99.669	155.7559
60.799999	99.606	155.4481
61.500000	99.549	155.1374
62.200001	99.488	154.8245
63.000000	99.418	154.5215
64.000000	99.339	154.2065
65.000000	99.262	153.8744
66.000000	99.177	153.5376
67.000000	99.091	153.2256
68.000000	99.009	152.9335
69.000000	98.926	152.6756
70.000000	98.844	152.4409
71.000000	98.763	152.2107
72.000000	98.681	151.9920
73.000000	98.602	151.7652
74.000000	98.525	151.5182
75.000000	98.449	151.2953
76.199997	98.359	151.0728
77.500000	98.257	150.8142
78.800003	98.152	150.5855
80.000000	98.060	150.4158
81.199997	97.965	150.2549
82.500000	97.863	150.0931
83.800003	97.765	149.9349
85.000000	97.676	149.8074
86.199997	97.588	149.6911
87.500000	97.493	149.5811
88.500000	97.420	149.5131
90.000000	97.311	149.4357
91.199997	97.228	149.3746
92.500000	97.138	149.3188
93.800003	97.047	149.2874
95.000000	96.965	149.2721
96.199997	96.885	149.2515
97.500000	96.795	149.2981
98.800003	96.702	149.5169
100.000000	96.630	149.6465
101.500000	96.537	149.4527
103.000000	96.440	149.3502
104.400002	96.352	149.3704
106.000000	96.252	149.4245
107.500000	96.161	149.5244
109.000000	96.073	149.6245
110.599998	95.984	149.7429
112.000000	95.902	149.8795
113.800003	95.794	150.1079
115.000000	95.728	150.3276
117.199997	95.627	150.7723
118.000000	95.596	150.8625
120.599998	95.494	151.0862
122.000000	95.437	151.2169
124.099998	95.348	151.3569
125.000000	95.309	151.4204
126.500000	95.244	151.5590
128.000000	95.176	151.7516
131.500000	95.033	152.1954
132.000000	95.014	152.2596
134.000000	94.940	152.5287
136.000000	94.868	152.8059
138.000000	94.801	153.0919
140.000000	94.738	153.3616
143.000000	94.640	153.7200
145.000000	94.577	153.9549
147.500000	94.523	154.0908
150.000000	94.487	154.0669
152.500000	94.381	154.7679
155.000000	94.293	155.2901
157.500000	94.225	155.6429
160.000000	94.162	155.9780
162.500000	94.103	156.2896
165.000000	94.044	156.6201
167.500000	93.987	156.9593
170.000000	93.933	157.2980
172.500000	93.882	157.6328
175.000000	93.831	157.9651
177.500000	93.783	158.3022
180.000000	93.736	158.6523
182.500000	93.693	158.9902
185.000000	93.655	159.3246
187.500000	93.619	159.6572
190.000000	93.580	159.9788
192.500000	93.541	160.2970
195.000000	93.506	160.6238
197.500000	93.477	160.9480
200.000000	93.458	161.2665
203.000000	93.439	161.7041
206.000000	93.416	162.0291
209.000000	93.390	162.3054
212.000000	93.361	162.5787
214.000000	93.341	162.7601
218.000000	93.301	163.1353
220.000000	93.281	163.3281
224.000000	93.246	163.7090
227.000000	93.221	163.9850
230.000000	93.197	164.2594
233.000000	93.173	164.5308
236.000000	93.151	164.8021
240.000000	93.122	165.1610
243.000000	93.098	165.4138
247.000000	93.059	165.7018
250.000000	93.032	165.9133
254.000000	93.019	166.2952
258.000000	93.002	166.6418
262.000000	92.981	166.9617
265.000000	92.966	167.1870
269.000000	92.946	167.4826
272.000000	92.932	167.7002
276.000000	92.914	167.9802
280.000000	92.894	168.2505
285.000000	92.871	168.6224
290.000000	92.849	168.9763
295.000000	92.825	169.3150
300.000000	92.804	169.6175
304.000000	92.790	169.8611
307.000000	92.782	170.0631
311.000000	92.773	170.3228
315.000000	92.763	170.5349
320.000000	92.742	170.7797
325.000000	92.719	171.0675
330.000000	92.700	171.3699
335.000000	92.686	171.6694
340.000000	92.676	171.9535
345.000000	92.670	172.2267
350.000000	92.665	172.4802
355.000000	92.648	172.6509
360.000000	92.630	172.8284
365.000000	92.615	173.0379
370.000000	92.599	173.2543
375.000000	92.582	173.4557
382.000000	92.558	173.7449
387.000000	92.541	173.9554
395.000000	92.512	174.2686
400.000000	92.493	174.4616
406.000000	92.474	174.7175
412.000000	92.454	174.9723
418.000000	92.433	175.2146
425.000000	92.408	175.4985
431.000000	92.387	175.7386
437.000000	92.365	175.9778
444.000000	92.342	176.2619
450.000000	92.323	176.5093
455.000000	92.303	176.7015
462.000000	92.276	176.9719
468.000000	92.254	177.2059
475.000000	92.228	177.4824
482.000000	92.202	177.7585
487.000000	92.183	177.9574
494.000000	92.156	178.2396
500.000000	92.132	178.4801
508.000000	92.103	178.8087
515.000000	92.077	179.1025
522.000000	92.049	179.3987
530.000000	92.017	179.7449
538.000000	91.985	-179.9017
545.000000	91.955	-179.5916
552.000000	91.927	-179.2726
560.000000	91.900	-178.8981
570.000000	91.864	-178.4232
580.000000	91.826	-177.9373
590.000000	91.790	-177.4247
600.000000	91.756	-176.8860
608.000000	91.732	-176.4306
615.000000	91.715	-176.0206
622.000000	91.702	-175.6069
630.000000	91.693	-175.1433
640.000000	91.692	-174.6037
650.000000	91.699	-174.1435
660.000000	91.706	-173.7794
670.000000	91.705	-173.5275
680.000000	91.685	-173.3319
690.000000	91.648	-173.1204
700.000000	91.595	-172.8405
710.000000	91.535	-172.4719
720.000000	91.474	-172.0141
730.000000	91.416	-171.4847
740.000000	91.363	-170.8974
750.000000	91.314	-170.2660
762.000000	91.261	-169.4664
775.000000	91.211	-168.5764
788.000000	91.168	-167.6608
800.000000	91.135	-166.7862
812.000000	91.109	-165.8780
825.000000	91.087	-164.8813
838.000000	91.071	-163.8654
850.000000	91.063	-162.9076
862.000000	91.063	-161.9615
875.000000	91.070	-160.9300
885.000000	91.080	-160.1306
900.000000	91.102	-158.9362
912.000000	91.127	-157.9767
925.000000	91.162	-156.9502
938.000000	91.205	-155.9432
950.000000	91.250	-155.0324
962.000000	91.302	-154.1240
975.000000	91.364	-153.1647
988.000000	91.432	-152.2359
1000.000000	91.500	-151.4083
1015.000000	91.591	-150.4225
1030.000000	91.688	-149.4846
1044.000000	91.783	-148.6519
1060.000000	91.896	-147.7583
1075.000000	92.005	-146.9769
1090.000000	92.117	-146.2503
1106.000000	92.238	-145.5357
1120.000000	92.343	-144.9558
1138.000000	92.479	-144.2715
1150.000000	92.569	-143.8531
1172.000000	92.731	-143.1533
1180.000000	92.788	-142.9206
1206.000000	92.971	-142.2338
1220.000000	93.065	-141.9041
1241.000000	93.201	-141.4499
1250.000000	93.258	-141.2686
1265.000000	93.350	-140.9784
1280.000000	93.440	-140.7025
1315.000000	93.636	-140.1080
1320.000000	93.663	-140.0264
1340.000000	93.767	-139.7040
1360.000000	93.868	-139.3919
1380.000000	93.964	-139.0851
1400.000000	94.058	-138.7782
1430.000000	94.193	-138.3190
1450.000000	94.281	-138.0076
1475.000000	94.388	-137.6139
1500.000000	94.494	-137.2098
1525.000000	94.599	-136.8019
1550.000000	94.704	-136.3908
1575.000000	94.810	-135.9754
1600.000000	94.916	-135.5551
1625.000000	95.023	-135.1330
1650.000000	95.131	-134.7112
1675.000000	95.242	-134.2920
1700.000000	95.354	-133.8784
1725.000000	95.469	-133.4685
1750.000000	95.586	-133.0669
1775.000000	95.706	-132.6771
1800.000000	95.827	-132.2998
1825.000000	95.952	-131.9408
1850.000000	96.078	-131.5988
1875.000000	96.206	-131.2713
1900.000000	96.336	-130.9633
1925.000000	96.468	-130.6760
1950.000000	96.601	-130.4089
1975.000000	96.735	-130.1606
2000.000000	96.872	-129.9284
2030.000000	97.038	-129.6740
2060.000000	97.206	-129.4461
2090.000000	97.377	-129.2462
2120.000000	97.552	-129.0807
2140.000000	97.671	-128.9918
2180.000000	97.913	-128.8723
2200.000000	98.036	-128.8446
2240.000000	98.285	-128.8542
2270.000000	98.474	-128.9215
2300.000000	98.664	-129.0461
2330.000000	98.857	-129.2306
2360.000000	99.049	-129.4757
2400.000000	99.306	-129.9019
2430.000000	99.498	-130.3013
2470.000000	99.752	-130.9435
2500.000000	99.939	-131.5094
2540.000000	100.182	-132.3784
2580.000000	100.417	-133.3771
2620.000000	100.640	-134.5038
2650.000000	100.799	-135.4314
2690.000000	100.996	-136.7718
2720.000000	101.132	-137.8482
2760.000000	101.296	-139.3686
2800.000000	101.437	-140.9738
2850.000000	101.580	-143.0695
2900.000000	101.683	-145.2278
2950.000000	101.746	-147.4062
3000.000000	101.768	-149.5600
3040.000000	101.759	-151.2401
3070.000000	101.737	-152.4619
3110.000000	101.691	-154.0266
3150.000000	101.625	-155.5058
3200.000000	101.522	-157.2181
3250.000000	101.400	-158.7655
3300.000000	101.264	-160.1417
3350.000000	101.122	-161.3530
3400.000000	100.976	-162.4116
3450.000000	100.832	-163.3357
3500.000000	100.692	-164.1499
3550.000000	100.557	-164.8769
3600.000000	100.426	-165.5316
3650.000000	100.300	-166.1255
3700.000000	100.179	-166.6681
3750.000000	100.063	-167.1725
3820.000000	99.910	-167.8426
3870.000000	99.806	-168.3116
3950.000000	99.645	-169.0798
4000.000000	99.546	-169.5861
4060.000000	99.423	-170.2305
4120.000000	99.294	-170.9155
4180.000000	99.154	-171.6329
4250.000000	98.970	-172.4869
4310.000000	98.793	-173.2020
4370.000000	98.595	-173.8634
4440.000000	98.340	-174.5155
4500.000000	98.104	-174.9266
4550.000000	97.898	-175.1415
4620.000000	97.604	-175.2289
4680.000000	97.353	-175.1043
4750.000000	97.072	-174.7422
4820.000000	96.812	-174.1891
4870.000000	96.641	-173.7090
4940.000000	96.425	-172.9642
5000.000000	96.261	-172.2980
5080.000000	96.069	-171.4248
5150.000000	95.919	-170.7123
5220.000000	95.782	-170.0690
5300.000000	95.631	-169.4193
5380.000000	95.481	-168.8468
5450.000000	95.346	-168.3861
5520.000000	95.205	-167.9394
5600.000000	95.034	-167.4105
5700.000000	94.809	-166.6729
5800.000000	94.576	-165.7942
5900.000000	94.343	-164.7342
6000.000000	94.117	-163.4668
6080.000000	93.948	-162.3003
6150.000000	93.813	-161.1741
6220.000000	93.693	-159.9581
6300.000000	93.578	-158.4662
6400.000000	93.471	-156.4753
6500.000000	93.414	-154.3866
6600.000000	93.410	-152.2417
6700.000000	93.465	-150.0930
6800.000000	93.585	-148.0053
6900.000000	93.773	-146.0527
7000.000000	94.034	-144.3164
7100.000000	94.372	-142.9038
7200.000000	94.787	-141.9736
7300.000000	95.268	-141.7252
7400.000000	95.789	-142.3244
7500.000000	96.327	-143.8223
7620.000000	96.963	-147.0694
7750.000000	97.504	-152.6748
7880.000000	97.718	-159.9100
8000.000000	97.537	-166.9996
8120.000000	97.003	-173.3634
8250.000000	96.135	-178.4808
8380.000000	95.120	178.6804
8500.000000	94.180	178.0442
8620.000000	93.327	179.0837
8750.000000	92.598	-178.3111
8850.000000	92.226	-175.7853
9000.000000	91.933	-172.5063
9120.000000	91.779	-170.5853
9250.000000	91.625	-168.4491
9380.000000	91.556	-165.9303
9500.000000	91.623	-163.4770
9620.000000	91.839	-161.2279
9750.000000	92.236	-159.4328
9880.000000	92.776	-158.7367
10000.000000	93.350	-159.3783
10150.000000	94.065	-162.1188
10300.000000	94.651	-166.8308
10440.000000	94.993	-172.4458
10600.000000	95.121	-179.4230
10750.000000	95.034	174.1283
10900.000000	94.822	167.9932
11060.000000	94.514	161.6978
11200.000000	94.186	156.2319
11380.000000	93.659	149.1865
11500.000000	93.224	144.6000
11720.000000	92.252	137.0093
11800.000000	91.862	134.6646
12060.000000	90.610	128.7827
12200.000000	90.019	126.5284
12410.000000	89.328	123.8204
12500.000000	89.115	122.7242
12650.000000	88.873	120.7376
12800.000000	88.761	118.3132
13150.000000	88.832	109.6879
13200.000000	88.856	108.0559
13400.000000	88.910	100.5948
13600.000000	88.831	92.0557
13800.000000	88.583	83.1620
14000.000000	88.208	74.5610
14300.000000	87.618	62.7260
14500.000000	87.334	55.2140
14750.000000	87.175	45.3928
15000.000000	87.208	34.2412
15250.000000	87.384	21.1843
15500.000000	87.657	5.4233
15750.000000	87.775	-13.6747
16000.000000	87.471	-34.8480
16250.000000	86.864	-56.4765
16500.000000	86.198	-78.8331
16750.000000	85.458	-102.6212
17000.000000	84.619	-127.6064
17250.000000	83.879	-153.9698
17500.000000	83.455	176.8012
17750.000000	83.325	142.6877
18000.000000	83.149	102.3936
18250.000000	82.448	56.2415
18500.000000	80.921	6.0023
18750.000000	78.631	-46.7212
19000.000000	75.834	-101.8510
19250.000000	72.676	-160.3064
19500.000000	69.164	136.6058
19750.000000	65.369	65.9299
20000.000000	62.251	-7.0948
