* Measurement data measured by REW V5.31.3
* Source: USB-C to 3.5mm Headphone Jack Adapter, no input selected, 0, volume: no control
* Format: 256k Log Swept Sine, 4 sweeps at -12.0 dBFS with no timing reference
* Dated: Apr 4, 2026 6:32:08 PM
* REW Settings:
*  C-weighting compensation: Off
*  Target level: 75.0 dB
* Note: ; 
* Measurement: Crinear Daybreak AEX07 R
* Smoothing: 1/24 octave
* Frequency Step: 1/48 octave
* Start Frequency: 20.300 Hz
*
* Freq(Hz)	SPL(dB)	Phase(degrees)
20.299999	102.053	-163.8852
20.600000	102.045	-164.5538
20.900000	102.031	-165.2497
21.200001	102.018	-165.8978
21.400000	102.013	-166.2975
21.799999	102.015	-167.0302
22.000000	102.023	-167.3733
22.400000	102.045	-168.0408
22.700001	102.064	-168.5436
23.000000	102.080	-169.0597
23.299999	102.090	-169.5953
23.600000	102.093	-170.1531
24.000000	102.086	-170.9280
24.299999	102.073	-171.5219
24.700001	102.047	-172.3024
25.000000	102.025	-172.8566
25.400000	101.998	-173.5299
25.799999	101.980	-174.1275
26.200001	101.972	-174.6759
26.500000	101.972	-175.0780
26.900000	101.973	-175.6238
27.200001	101.972	-176.0440
27.600000	101.966	-176.6111
28.000000	101.953	-177.1721
28.500000	101.934	-177.8527
29.000000	101.916	-178.5150
29.500000	101.900	-179.1734
30.000000	101.885	-179.8388
30.400000	101.870	179.6223
30.700001	101.857	179.2169
31.100000	101.835	178.6822
31.500000	101.810	178.1649
32.000000	101.776	177.5547
32.500000	101.746	176.9809
33.000000	101.722	176.4207
33.500000	101.701	175.8527
34.000000	101.678	175.2787
34.500000	101.648	174.7208
35.000000	101.613	174.2000
35.500000	101.578	173.7141
36.000000	101.548	173.2354
36.500000	101.523	172.7318
37.000000	101.498	172.1949
37.500000	101.470	171.6495
38.200001	101.424	170.9389
38.700001	101.391	170.4809
39.500000	101.342	169.7686
40.000000	101.309	169.3092
40.599998	101.264	168.7594
41.200001	101.218	168.2346
41.799999	101.174	167.7382
42.500000	101.126	167.1971
43.099998	101.085	166.7697
43.700001	101.045	166.3496
44.400002	100.995	165.8198
45.000000	100.948	165.3341
45.500000	100.909	164.9293
46.200001	100.860	164.3862
46.799999	100.818	163.9670
47.500000	100.765	163.5660
48.200001	100.715	163.1935
48.700001	100.679	162.8644
49.400002	100.618	162.3075
50.000000	100.558	161.8469
50.799999	100.490	161.3772
51.500000	100.447	161.0378
52.200001	100.403	160.6944
53.000000	100.341	160.2928
53.799999	100.274	159.8704
54.500000	100.212	159.4921
55.200001	100.154	159.1260
56.000000	100.093	158.7020
57.000000	100.015	158.1824
58.000000	99.934	157.7824
59.000000	99.851	157.4185
60.000000	99.764	157.0283
60.799999	99.704	156.7195
61.500000	99.659	156.4101
62.200001	99.607	156.0806
63.000000	99.537	155.7538
64.000000	99.455	155.3976
65.000000	99.378	155.0424
66.000000	99.303	154.7255
67.000000	99.225	154.3924
68.000000	99.142	154.0748
69.000000	99.062	153.8099
70.000000	98.983	153.5645
71.000000	98.902	153.3024
72.000000	98.824	153.0112
73.000000	98.749	152.7495
74.000000	98.675	152.5328
75.000000	98.598	152.3234
76.199997	98.507	152.0493
77.500000	98.411	151.7690
78.800003	98.318	151.5789
80.000000	98.230	151.3891
81.199997	98.140	151.1935
82.500000	98.048	151.0149
83.800003	97.952	150.8644
85.000000	97.866	150.7596
86.199997	97.789	150.6473
87.500000	97.700	150.5081
88.500000	97.628	150.4134
90.000000	97.523	150.2732
91.199997	97.441	150.1887
92.500000	97.357	150.1369
93.800003	97.273	150.1112
95.000000	97.200	150.1125
96.199997	97.126	150.0680
97.500000	97.041	149.9955
98.800003	96.958	149.9354
100.000000	96.883	149.9066
101.500000	96.788	149.9641
103.000000	96.701	150.0289
104.400002	96.627	150.0386
106.000000	96.542	150.0677
107.500000	96.451	150.1555
109.000000	96.367	150.2404
110.599998	96.281	150.3025
112.000000	96.202	150.3804
113.800003	96.110	150.5124
115.000000	96.054	150.6250
117.199997	95.933	150.8258
118.000000	95.892	150.8946
120.599998	95.778	151.0522
122.000000	95.710	151.1449
124.099998	95.618	151.3358
125.000000	95.582	151.4207
126.500000	95.521	151.5863
128.000000	95.461	151.7370
131.500000	95.316	152.0615
132.000000	95.297	152.1156
134.000000	95.222	152.3466
136.000000	95.143	152.5956
138.000000	95.060	152.8356
140.000000	94.981	153.0345
143.000000	94.885	153.3998
145.000000	94.824	153.6837
147.500000	94.743	154.1013
150.000000	94.659	154.5999
152.500000	94.595	154.7623
155.000000	94.528	154.9798
157.500000	94.461	155.2834
160.000000	94.397	155.6182
162.500000	94.337	155.9539
165.000000	94.280	156.2832
167.500000	94.223	156.6013
170.000000	94.170	156.9269
172.500000	94.121	157.2451
175.000000	94.076	157.5535
177.500000	94.029	157.8732
180.000000	93.985	158.1972
182.500000	93.945	158.4928
185.000000	93.903	158.7859
187.500000	93.860	159.0781
190.000000	93.819	159.3777
192.500000	93.783	159.6785
195.000000	93.747	159.9798
197.500000	93.710	160.2879
200.000000	93.675	160.5751
203.000000	93.640	160.8954
206.000000	93.608	161.2201
209.000000	93.576	161.5505
212.000000	93.543	161.8651
214.000000	93.523	162.0616
218.000000	93.488	162.4533
220.000000	93.471	162.6389
224.000000	93.437	163.0273
227.000000	93.412	163.3093
230.000000	93.388	163.5726
233.000000	93.364	163.8264
236.000000	93.340	164.0848
240.000000	93.311	164.4265
243.000000	93.290	164.6796
247.000000	93.265	165.0368
250.000000	93.246	165.3029
254.000000	93.218	165.5824
258.000000	93.192	165.8663
262.000000	93.170	166.1465
265.000000	93.152	166.3557
269.000000	93.130	166.6486
272.000000	93.114	166.8614
276.000000	93.093	167.1315
280.000000	93.073	167.3911
285.000000	93.048	167.7079
290.000000	93.025	168.0116
295.000000	93.002	168.3041
300.000000	92.980	168.5947
304.000000	92.962	168.8369
307.000000	92.949	169.0139
311.000000	92.933	169.2404
315.000000	92.917	169.4574
320.000000	92.897	169.7191
325.000000	92.876	169.9813
330.000000	92.856	170.2353
335.000000	92.836	170.4801
340.000000	92.817	170.7176
345.000000	92.801	170.9426
350.000000	92.785	171.1608
355.000000	92.762	171.4113
360.000000	92.739	171.6475
365.000000	92.719	171.8681
370.000000	92.700	172.0931
375.000000	92.680	172.3172
382.000000	92.653	172.6199
387.000000	92.634	172.8292
395.000000	92.603	173.1703
400.000000	92.583	173.3790
406.000000	92.563	173.6325
412.000000	92.542	173.8824
418.000000	92.519	174.1298
425.000000	92.493	174.4208
431.000000	92.472	174.6635
437.000000	92.451	174.9065
444.000000	92.425	175.1977
450.000000	92.403	175.4438
455.000000	92.384	175.6262
462.000000	92.357	175.8872
468.000000	92.335	176.1200
475.000000	92.308	176.3851
482.000000	92.281	176.6518
487.000000	92.262	176.8462
494.000000	92.235	177.1147
500.000000	92.211	177.3417
508.000000	92.179	177.6667
515.000000	92.150	177.9502
522.000000	92.120	178.2236
530.000000	92.085	178.5497
538.000000	92.051	178.8899
545.000000	92.020	179.1924
552.000000	91.990	179.4978
560.000000	91.954	179.8605
570.000000	91.911	-179.6788
580.000000	91.868	-179.2098
590.000000	91.826	-178.7154
600.000000	91.785	-178.2028
608.000000	91.753	-177.7792
615.000000	91.727	-177.3928
622.000000	91.703	-176.9980
630.000000	91.680	-176.5415
640.000000	91.656	-175.9611
650.000000	91.639	-175.3848
660.000000	91.626	-174.8260
670.000000	91.621	-174.3109
680.000000	91.618	-173.8576
690.000000	91.613	-173.4685
700.000000	91.600	-173.1378
710.000000	91.575	-172.8405
720.000000	91.539	-172.5232
730.000000	91.494	-172.1572
740.000000	91.444	-171.7289
750.000000	91.393	-171.2310
762.000000	91.332	-170.5522
775.000000	91.271	-169.7429
788.000000	91.217	-168.8647
800.000000	91.174	-168.0060
812.000000	91.139	-167.1263
825.000000	91.108	-166.1411
838.000000	91.087	-165.1273
850.000000	91.075	-164.1731
862.000000	91.069	-163.2016
875.000000	91.070	-162.1408
885.000000	91.078	-161.3233
900.000000	91.099	-160.0975
912.000000	91.125	-159.1203
925.000000	91.160	-158.0739
938.000000	91.203	-157.0428
950.000000	91.250	-156.1094
962.000000	91.303	-155.1960
975.000000	91.367	-154.2357
988.000000	91.437	-153.3078
1000.000000	91.507	-152.4795
1015.000000	91.601	-151.4875
1030.000000	91.701	-150.5486
1044.000000	91.800	-149.7268
1060.000000	91.917	-148.8436
1075.000000	92.029	-148.0746
1090.000000	92.144	-147.3622
1106.000000	92.267	-146.6633
1120.000000	92.374	-146.1031
1138.000000	92.511	-145.4505
1150.000000	92.602	-145.0533
1172.000000	92.766	-144.3979
1180.000000	92.823	-144.1796
1206.000000	93.006	-143.5411
1220.000000	93.101	-143.2342
1241.000000	93.239	-142.8069
1250.000000	93.295	-142.6368
1265.000000	93.387	-142.3775
1280.000000	93.475	-142.1344
1315.000000	93.670	-141.6004
1320.000000	93.696	-141.5277
1340.000000	93.799	-141.2414
1360.000000	93.898	-140.9622
1380.000000	93.993	-140.6869
1400.000000	94.084	-140.4121
1430.000000	94.217	-139.9924
1450.000000	94.302	-139.7081
1475.000000	94.408	-139.3517
1500.000000	94.511	-138.9884
1525.000000	94.613	-138.6138
1550.000000	94.714	-138.2321
1575.000000	94.816	-137.8490
1600.000000	94.918	-137.4595
1625.000000	95.021	-137.0662
1650.000000	95.126	-136.6722
1675.000000	95.233	-136.2798
1700.000000	95.342	-135.8908
1725.000000	95.452	-135.5094
1750.000000	95.565	-135.1371
1775.000000	95.680	-134.7728
1800.000000	95.797	-134.4212
1825.000000	95.917	-134.0843
1850.000000	96.038	-133.7645
1875.000000	96.160	-133.4607
1900.000000	96.284	-133.1725
1925.000000	96.410	-132.8977
1950.000000	96.537	-132.6396
1975.000000	96.666	-132.3972
2000.000000	96.796	-132.1715
2030.000000	96.954	-131.9222
2060.000000	97.116	-131.6970
2090.000000	97.281	-131.5012
2120.000000	97.450	-131.3373
2140.000000	97.564	-131.2466
2180.000000	97.796	-131.1187
2200.000000	97.915	-131.0842
2240.000000	98.156	-131.0751
2270.000000	98.339	-131.1265
2300.000000	98.524	-131.2328
2330.000000	98.711	-131.3980
2360.000000	98.898	-131.6236
2400.000000	99.149	-132.0198
2430.000000	99.336	-132.3902
2470.000000	99.585	-132.9878
2500.000000	99.769	-133.5182
2540.000000	100.010	-134.3418
2580.000000	100.244	-135.2979
2620.000000	100.468	-136.3815
2650.000000	100.628	-137.2765
2690.000000	100.829	-138.5780
2720.000000	100.968	-139.6320
2760.000000	101.138	-141.1313
2800.000000	101.287	-142.7235
2850.000000	101.440	-144.8213
2900.000000	101.555	-147.0031
2950.000000	101.630	-149.2272
3000.000000	101.663	-151.4505
3040.000000	101.662	-153.2015
3070.000000	101.645	-154.4851
3110.000000	101.603	-156.1438
3150.000000	101.541	-157.7283
3200.000000	101.437	-159.5850
3250.000000	101.310	-161.2858
3300.000000	101.165	-162.8183
3350.000000	101.008	-164.1782
3400.000000	100.843	-165.3671
3450.000000	100.676	-166.4003
3500.000000	100.509	-167.2987
3550.000000	100.346	-168.0831
3600.000000	100.186	-168.7697
3650.000000	100.030	-169.3693
3700.000000	99.878	-169.8925
3750.000000	99.731	-170.3491
3820.000000	99.534	-170.8988
3870.000000	99.401	-171.2425
3950.000000	99.199	-171.7432
4000.000000	99.079	-172.0422
4060.000000	98.939	-172.4019
4120.000000	98.800	-172.7728
4180.000000	98.660	-173.1579
4250.000000	98.490	-173.6230
4310.000000	98.337	-174.0249
4370.000000	98.174	-174.4091
4440.000000	97.970	-174.8059
4500.000000	97.785	-175.0773
4550.000000	97.624	-175.2369
4620.000000	97.393	-175.3392
4680.000000	97.194	-175.3065
4750.000000	96.967	-175.1309
4820.000000	96.750	-174.8305
4870.000000	96.605	-174.5577
4940.000000	96.415	-174.1252
5000.000000	96.267	-173.7359
5080.000000	96.085	-173.2329
5150.000000	95.936	-172.8370
5220.000000	95.793	-172.4950
5300.000000	95.629	-172.1698
5380.000000	95.460	-171.9008
5450.000000	95.305	-171.6911
5520.000000	95.141	-171.4801
5600.000000	94.941	-171.2094
5700.000000	94.674	-170.7768
5800.000000	94.392	-170.1848
5900.000000	94.100	-169.3883
6000.000000	93.810	-168.3583
6080.000000	93.585	-167.3568
6150.000000	93.396	-166.3544
6220.000000	93.219	-165.2384
6300.000000	93.033	-163.8356
6400.000000	92.831	-161.9093
6500.000000	92.669	-159.8208
6600.000000	92.553	-157.6054
6700.000000	92.487	-155.3044
6800.000000	92.477	-152.9594
6900.000000	92.525	-150.6110
7000.000000	92.638	-148.3107
7100.000000	92.821	-146.1327
7200.000000	93.078	-144.1788
7300.000000	93.405	-142.5640
7400.000000	93.795	-141.3923
7500.000000	94.239	-140.6787
7620.000000	94.866	-140.5623
7750.000000	95.635	-141.9638
7880.000000	96.393	-145.3779
8000.000000	96.967	-150.4028
8120.000000	97.296	-156.9433
8250.000000	97.264	-164.8452
8380.000000	96.800	-172.2735
8500.000000	96.069	-177.6340
8620.000000	95.180	179.0154
8750.000000	94.211	177.7070
8850.000000	93.565	178.0032
9000.000000	92.835	179.3428
9120.000000	92.393	-179.5748
9250.000000	91.962	-178.2593
9380.000000	91.594	-176.4084
9500.000000	91.363	-174.2560
9620.000000	91.273	-171.9449
9750.000000	91.345	-169.6250
9880.000000	91.585	-167.8919
10000.000000	91.931	-167.1527
10150.000000	92.464	-167.7914
10300.000000	93.002	-170.3864
10440.000000	93.395	-174.4236
10600.000000	93.619	179.6870
10750.000000	93.590	173.6991
10900.000000	93.370	167.8367
11060.000000	92.993	161.9771
11200.000000	92.585	157.1624
11380.000000	91.977	151.2679
11500.000000	91.517	147.4941
11720.000000	90.539	141.1269
11800.000000	90.144	139.1060
12060.000000	88.794	134.1051
12200.000000	88.094	132.4383
12410.000000	87.171	131.0469
12500.000000	86.841	130.7672
12650.000000	86.397	130.5724
12800.000000	86.099	130.5477
13150.000000	86.020	130.0370
13200.000000	86.081	129.7983
13400.000000	86.500	128.1141
13600.000000	87.175	124.8549
13800.000000	88.043	119.5212
14000.000000	89.005	111.7633
14300.000000	90.364	95.5090
14500.000000	91.047	82.0782
14750.000000	91.552	63.5292
15000.000000	91.719	44.0071
15250.000000	91.625	24.0190
15500.000000	91.382	3.7524
15750.000000	91.104	-17.3865
16000.000000	90.711	-40.2952
16250.000000	89.982	-64.6166
16500.000000	88.941	-89.1627
16750.000000	87.794	-114.0044
17000.000000	86.567	-139.8105
17250.000000	85.234	-166.5607
17500.000000	83.940	165.5270
17750.000000	82.901	135.2094
18000.000000	82.192	100.5042
18250.000000	81.602	59.6628
18500.000000	80.702	12.2354
18750.000000	79.120	-40.7780
19000.000000	76.813	-98.2473
19250.000000	73.935	-160.0591
19500.000000	70.531	133.1807
19750.000000	66.649	59.0239
20000.000000	63.314	-17.6925
