* Measurement data measured by REW V5.31.3
* Source: USB-C to 3.5mm Headphone Jack Adapter, no input selected, 0, volume: no control
* Format: 256k Log Swept Sine, 4 sweeps at -12.0 dBFS with no timing reference
* Dated: Apr 4, 2026 6:08:49 PM
* REW Settings:
*  C-weighting compensation: Off
*  Target level: 75.0 dB
* Note: ; 
* Measurement: Crinear Daybreak AET08 L
* Smoothing: 1/24 octave
* Frequency Step: 1/48 octave
* Start Frequency: 20.300 Hz
*
* Freq(Hz)	SPL(dB)	Phase(degrees)
20.299999	102.327	-170.1547
20.600000	102.323	-170.6743
20.900000	102.315	-171.2356
21.200001	102.306	-171.8003
21.400000	102.300	-172.1774
21.799999	102.287	-172.9294
22.000000	102.281	-173.3006
22.400000	102.268	-174.0235
22.700001	102.258	-174.5450
23.000000	102.249	-175.0505
23.299999	102.239	-175.5459
23.600000	102.230	-176.0382
24.000000	102.216	-176.6982
24.299999	102.204	-177.1972
24.700001	102.186	-177.8621
25.000000	102.171	-178.3541
25.400000	102.151	-178.9928
25.799999	102.129	-179.6055
26.200001	102.109	179.8109
26.500000	102.093	179.3921
26.900000	102.073	178.8547
27.200001	102.059	178.4615
27.600000	102.041	177.9382
28.000000	102.024	177.4050
28.500000	101.998	176.7236
29.000000	101.967	176.0513
29.500000	101.932	175.4225
30.000000	101.898	174.8453
30.400000	101.874	174.4055
30.700001	101.858	174.0781
31.100000	101.838	173.6381
31.500000	101.818	173.1935
32.000000	101.790	172.6363
32.500000	101.761	172.0786
33.000000	101.729	171.5213
33.500000	101.692	170.9759
34.000000	101.652	170.4578
34.500000	101.614	169.9648
35.000000	101.578	169.4767
35.500000	101.543	168.9817
36.000000	101.506	168.4919
36.500000	101.467	168.0222
37.000000	101.431	167.5628
37.500000	101.394	167.0929
38.200001	101.334	166.4406
38.700001	101.286	166.0349
39.500000	101.221	165.4899
40.000000	101.191	165.1306
40.599998	101.153	164.6351
41.200001	101.105	164.1311
41.799999	101.056	163.6747
42.500000	101.005	163.1683
43.099998	100.959	162.7258
43.700001	100.907	162.3046
44.400002	100.844	161.8574
45.000000	100.793	161.4685
45.500000	100.750	161.1203
46.200001	100.689	160.6191
46.799999	100.639	160.2081
47.500000	100.586	159.7783
48.200001	100.537	159.4265
48.700001	100.504	159.2130
49.400002	100.458	158.9027
50.000000	100.409	158.5801
50.799999	100.327	158.0941
51.500000	100.249	157.6772
52.200001	100.178	157.2869
53.000000	100.106	156.8739
53.799999	100.038	156.4996
54.500000	99.980	156.1844
55.200001	99.920	155.8646
56.000000	99.854	155.5017
57.000000	99.779	155.0551
58.000000	99.699	154.6237
59.000000	99.607	154.2513
60.000000	99.508	153.9359
60.799999	99.433	153.7101
61.500000	99.375	153.5131
62.200001	99.324	153.2925
63.000000	99.263	153.0105
64.000000	99.177	152.6601
65.000000	99.083	152.3510
66.000000	98.995	152.0877
67.000000	98.913	151.8291
68.000000	98.827	151.5650
69.000000	98.736	151.3370
70.000000	98.650	151.1395
71.000000	98.569	150.9496
72.000000	98.488	150.7552
73.000000	98.405	150.5742
74.000000	98.324	150.4273
75.000000	98.247	150.2892
76.199997	98.152	150.1251
77.500000	98.046	149.9580
78.800003	97.944	149.7900
80.000000	97.853	149.6583
81.199997	97.761	149.5505
82.500000	97.659	149.4600
83.800003	97.560	149.3852
85.000000	97.470	149.3085
86.199997	97.378	149.2294
87.500000	97.281	149.1974
88.500000	97.211	149.1884
90.000000	97.104	149.1891
91.199997	97.015	149.1846
92.500000	96.924	149.1604
93.800003	96.838	149.1796
95.000000	96.759	149.2119
96.199997	96.677	149.2189
97.500000	96.595	149.2663
98.800003	96.519	149.3120
100.000000	96.448	149.2761
101.500000	96.354	149.3091
103.000000	96.265	149.5880
104.400002	96.187	149.8004
106.000000	96.099	149.9829
107.500000	96.006	150.1587
109.000000	95.913	150.2526
110.599998	95.820	150.3229
112.000000	95.743	150.4460
113.800003	95.651	150.6904
115.000000	95.594	150.9039
117.199997	95.480	151.2310
118.000000	95.436	151.3286
120.599998	95.307	151.6721
122.000000	95.254	151.9121
124.099998	95.173	152.3337
125.000000	95.132	152.4556
126.500000	95.068	152.5909
128.000000	95.014	152.8585
131.500000	94.903	153.4481
132.000000	94.888	153.4936
134.000000	94.820	153.7048
136.000000	94.747	153.9780
138.000000	94.677	154.2618
140.000000	94.608	154.5461
143.000000	94.514	155.0157
145.000000	94.466	155.3348
147.500000	94.393	155.7819
150.000000	94.317	156.2115
152.500000	94.261	156.5690
155.000000	94.210	156.9327
157.500000	94.153	157.2971
160.000000	94.101	157.7050
162.500000	94.051	158.1078
165.000000	94.002	158.4818
167.500000	93.955	158.7986
170.000000	93.909	159.1551
172.500000	93.867	159.5794
175.000000	93.832	159.9614
177.500000	93.798	160.3192
180.000000	93.766	160.6465
182.500000	93.730	160.9808
185.000000	93.695	161.3403
187.500000	93.667	161.6911
190.000000	93.641	162.0275
192.500000	93.616	162.3374
195.000000	93.590	162.6321
197.500000	93.565	162.9200
200.000000	93.544	163.1911
203.000000	93.521	163.5471
206.000000	93.490	163.9267
209.000000	93.461	164.2836
212.000000	93.438	164.6149
214.000000	93.426	164.8373
218.000000	93.408	165.3079
220.000000	93.400	165.5237
224.000000	93.381	165.9113
227.000000	93.366	166.1779
230.000000	93.351	166.4371
233.000000	93.335	166.6989
236.000000	93.320	166.9541
240.000000	93.299	167.2946
243.000000	93.285	167.5401
247.000000	93.266	167.8719
250.000000	93.253	168.1211
254.000000	93.236	168.4255
258.000000	93.220	168.7123
262.000000	93.206	168.9972
265.000000	93.197	169.2142
269.000000	93.184	169.4973
272.000000	93.174	169.7065
276.000000	93.161	169.9834
280.000000	93.147	170.2427
285.000000	93.131	170.6016
290.000000	93.118	170.9298
295.000000	93.104	171.2147
300.000000	93.090	171.5341
304.000000	93.080	171.7676
307.000000	93.072	171.9431
311.000000	93.059	172.1857
315.000000	93.047	172.4158
320.000000	93.039	172.6783
325.000000	93.029	172.9539
330.000000	93.024	173.2382
335.000000	93.021	173.4780
340.000000	93.018	173.7181
345.000000	93.011	173.9185
350.000000	93.002	174.1089
355.000000	92.989	174.3015
360.000000	92.976	174.4973
365.000000	92.964	174.6890
370.000000	92.953	174.8781
375.000000	92.940	175.0790
382.000000	92.922	175.3585
387.000000	92.911	175.5469
395.000000	92.890	175.8480
400.000000	92.876	176.0400
406.000000	92.861	176.2625
412.000000	92.846	176.4767
418.000000	92.829	176.6916
425.000000	92.810	176.9517
431.000000	92.795	177.1712
437.000000	92.780	177.3778
444.000000	92.761	177.5980
450.000000	92.744	177.7808
455.000000	92.730	177.9583
462.000000	92.709	178.2122
468.000000	92.691	178.4176
475.000000	92.670	178.6580
482.000000	92.648	178.9019
487.000000	92.632	179.0740
494.000000	92.609	179.3103
500.000000	92.590	179.5153
508.000000	92.564	179.8001
515.000000	92.541	-179.9529
522.000000	92.517	-179.7063
530.000000	92.490	-179.4250
538.000000	92.462	-179.1356
545.000000	92.437	-178.8705
552.000000	92.412	-178.6043
560.000000	92.384	-178.3156
570.000000	92.348	-177.9380
580.000000	92.312	-177.5535
590.000000	92.275	-177.1668
600.000000	92.237	-176.7697
608.000000	92.206	-176.4425
615.000000	92.179	-176.1468
622.000000	92.151	-175.8445
630.000000	92.121	-175.4897
640.000000	92.082	-175.0356
650.000000	92.043	-174.5769
660.000000	92.004	-174.0921
670.000000	91.967	-173.5897
680.000000	91.930	-173.0740
690.000000	91.895	-172.5476
700.000000	91.861	-172.0098
710.000000	91.828	-171.4584
720.000000	91.796	-170.8967
730.000000	91.764	-170.3245
740.000000	91.733	-169.7360
750.000000	91.703	-169.1285
762.000000	91.670	-168.3825
775.000000	91.637	-167.5420
788.000000	91.608	-166.6673
800.000000	91.586	-165.8308
812.000000	91.567	-164.9783
825.000000	91.552	-164.0416
838.000000	91.542	-163.0870
850.000000	91.539	-162.1858
862.000000	91.543	-161.2700
875.000000	91.553	-160.2710
885.000000	91.565	-159.4991
900.000000	91.591	-158.3351
912.000000	91.619	-157.4018
925.000000	91.657	-156.4005
938.000000	91.701	-155.4126
950.000000	91.749	-154.5128
962.000000	91.804	-153.6241
975.000000	91.869	-152.6844
988.000000	91.942	-151.7736
1000.000000	92.013	-150.9619
1015.000000	92.109	-149.9937
1030.000000	92.212	-149.0738
1044.000000	92.313	-148.2622
1060.000000	92.433	-147.3947
1075.000000	92.548	-146.6391
1090.000000	92.665	-145.9438
1106.000000	92.793	-145.2641
1120.000000	92.905	-144.7184
1138.000000	93.048	-144.0849
1150.000000	93.141	-143.7002
1172.000000	93.309	-143.0683
1180.000000	93.369	-142.8596
1206.000000	93.558	-142.2483
1220.000000	93.656	-141.9547
1241.000000	93.799	-141.5575
1250.000000	93.858	-141.3998
1265.000000	93.953	-141.1497
1280.000000	94.045	-140.9163
1315.000000	94.249	-140.4193
1320.000000	94.277	-140.3520
1340.000000	94.385	-140.0909
1360.000000	94.490	-139.8348
1380.000000	94.590	-139.5833
1400.000000	94.687	-139.3358
1430.000000	94.827	-138.9582
1450.000000	94.918	-138.7036
1475.000000	95.029	-138.3839
1500.000000	95.138	-138.0576
1525.000000	95.247	-137.7238
1550.000000	95.355	-137.3871
1575.000000	95.463	-137.0439
1600.000000	95.572	-136.7019
1625.000000	95.681	-136.3573
1650.000000	95.791	-136.0155
1675.000000	95.903	-135.6791
1700.000000	96.017	-135.3500
1725.000000	96.132	-135.0293
1750.000000	96.249	-134.7177
1775.000000	96.366	-134.4128
1800.000000	96.486	-134.1189
1825.000000	96.607	-133.8367
1850.000000	96.730	-133.5670
1875.000000	96.854	-133.3105
1900.000000	96.980	-133.0665
1925.000000	97.107	-132.8342
1950.000000	97.237	-132.6149
1975.000000	97.370	-132.4128
2000.000000	97.504	-132.2292
2030.000000	97.669	-132.0342
2060.000000	97.837	-131.8699
2090.000000	98.008	-131.7413
2120.000000	98.184	-131.6536
2140.000000	98.302	-131.6185
2180.000000	98.543	-131.6084
2200.000000	98.666	-131.6362
2240.000000	98.914	-131.7614
2270.000000	99.101	-131.9221
2300.000000	99.290	-132.1443
2330.000000	99.480	-132.4313
2360.000000	99.669	-132.7831
2400.000000	99.919	-133.3541
2430.000000	100.106	-133.8648
2470.000000	100.349	-134.6570
2500.000000	100.527	-135.3338
2540.000000	100.757	-136.3469
2580.000000	100.976	-137.4878
2620.000000	101.182	-138.7512
2650.000000	101.327	-139.7754
2690.000000	101.503	-141.2345
2720.000000	101.622	-142.3927
2760.000000	101.762	-144.0107
2800.000000	101.878	-145.6967
2850.000000	101.987	-147.8660
2900.000000	102.057	-150.0652
2950.000000	102.087	-152.2518
3000.000000	102.081	-154.3852
3040.000000	102.052	-156.0324
3070.000000	102.017	-157.2236
3110.000000	101.955	-158.7459
3150.000000	101.877	-160.1857
3200.000000	101.761	-161.8568
3250.000000	101.630	-163.3750
3300.000000	101.487	-164.7391
3350.000000	101.337	-165.9541
3400.000000	101.183	-167.0311
3450.000000	101.030	-167.9816
3500.000000	100.879	-168.8188
3550.000000	100.731	-169.5561
3600.000000	100.589	-170.2095
3650.000000	100.454	-170.7956
3700.000000	100.325	-171.3304
3750.000000	100.203	-171.8293
3820.000000	100.044	-172.4970
3870.000000	99.937	-172.9722
3950.000000	99.775	-173.7681
4000.000000	99.676	-174.3045
4060.000000	99.555	-174.9994
4120.000000	99.429	-175.7541
4180.000000	99.292	-176.5620
4250.000000	99.113	-177.5535
4310.000000	98.939	-178.4167
4370.000000	98.742	-179.2548
4440.000000	98.486	179.8511
4500.000000	98.243	179.2036
4550.000000	98.029	178.7770
4620.000000	97.717	178.3782
4680.000000	97.445	178.2286
4750.000000	97.132	178.2719
4820.000000	96.831	178.5190
4870.000000	96.628	178.7922
4940.000000	96.362	179.2677
5000.000000	96.151	179.7241
5080.000000	95.892	-179.6597
5150.000000	95.681	-179.1526
5220.000000	95.477	-178.6934
5300.000000	95.245	-178.2276
5380.000000	95.006	-177.7958
5450.000000	94.788	-177.4050
5520.000000	94.562	-176.9690
5600.000000	94.295	-176.3853
5700.000000	93.957	-175.4984
5800.000000	93.617	-174.4240
5900.000000	93.282	-173.1568
6000.000000	92.955	-171.6921
6080.000000	92.703	-170.3695
6150.000000	92.491	-169.0990
6220.000000	92.290	-167.7201
6300.000000	92.076	-166.0149
6400.000000	91.840	-163.7113
6500.000000	91.644	-161.2391
6600.000000	91.494	-158.6384
6700.000000	91.393	-155.9588
6800.000000	91.342	-153.2370
6900.000000	91.343	-150.5039
7000.000000	91.399	-147.7869
7100.000000	91.515	-145.1223
7200.000000	91.693	-142.5787
7300.000000	91.933	-140.2220
7400.000000	92.236	-138.1013
7500.000000	92.603	-136.2813
7620.000000	93.130	-134.6376
7750.000000	93.796	-133.7396
7880.000000	94.540	-134.0713
8000.000000	95.246	-135.7714
8120.000000	95.893	-138.9690
8250.000000	96.414	-143.9832
8380.000000	96.638	-149.9134
8500.000000	96.567	-155.1454
8620.000000	96.354	-159.3954
8750.000000	96.105	-163.5745
8850.000000	95.812	-166.9476
9000.000000	95.116	-170.6050
9120.000000	94.525	-171.6378
9250.000000	94.017	-171.4118
9380.000000	93.693	-170.5053
9500.000000	93.559	-169.5555
9620.000000	93.567	-168.8665
9750.000000	93.705	-168.7591
9880.000000	93.926	-169.5759
10000.000000	94.149	-171.2429
10150.000000	94.379	-174.4274
10300.000000	94.503	-178.4285
10440.000000	94.524	177.5059
10600.000000	94.478	172.6782
10750.000000	94.403	167.8555
10900.000000	94.288	162.5061
11060.000000	94.067	156.1367
11200.000000	93.748	150.1764
11380.000000	93.134	142.4265
11500.000000	92.599	137.4827
11720.000000	91.398	129.5295
11800.000000	90.914	127.1306
12060.000000	89.308	121.3809
12200.000000	88.503	119.4746
12410.000000	87.471	117.7170
12500.000000	87.107	117.2122
12650.000000	86.615	116.5064
12800.000000	86.268	115.7874
13150.000000	86.004	112.8879
13200.000000	86.023	112.2276
13400.000000	86.215	108.7289
13600.000000	86.542	103.6158
13800.000000	86.919	96.7114
14000.000000	87.260	88.1018
14300.000000	87.568	72.6665
14500.000000	87.598	61.2266
14750.000000	87.451	46.1445
15000.000000	87.112	30.4766
15250.000000	86.603	14.6500
15500.000000	86.074	-1.1401
15750.000000	85.647	-18.1392
16000.000000	85.084	-37.3017
16250.000000	84.113	-57.2073
16500.000000	82.896	-75.8489
16750.000000	81.937	-93.5178
17000.000000	81.560	-113.0728
17250.000000	81.551	-137.1675
17500.000000	81.522	-166.4407
17750.000000	81.297	159.4423
18000.000000	80.836	120.4642
18250.000000	80.002	76.4054
18500.000000	78.564	27.8156
18750.000000	76.503	-24.3934
19000.000000	74.003	-80.4828
19250.000000	71.091	-140.9839
19500.000000	67.664	153.5806
19750.000000	63.765	80.9011
20000.000000	60.429	6.2958
