* Measurement data measured by REW V5.31.3
* Source: USB-C to 3.5mm Headphone Jack Adapter, no input selected, 0, volume: no control
* Format: 256k Log Swept Sine, 4 sweeps at -12.0 dBFS with no timing reference
* Dated: Mar 28, 2026 7:19:05 PM
* REW Settings:
*  C-weighting compensation: Off
*  Target level: 75.0 dB
* Note: ; 
* Measurement: Crinear Daybreak L
* Smoothing: 1/24 octave
* Frequency Step: 1/48 octave
* Start Frequency: 20.300 Hz
*
* Freq(Hz)	SPL(dB)	Phase(degrees)
20.299999	102.319	-171.0688
20.600000	102.312	-171.5856
20.900000	102.301	-172.1406
21.200001	102.288	-172.6978
21.400000	102.281	-173.0716
21.799999	102.267	-173.8263
22.000000	102.261	-174.2043
22.400000	102.248	-174.9496
22.700001	102.238	-175.4893
23.000000	102.228	-176.0078
23.299999	102.218	-176.5062
23.600000	102.207	-176.9898
24.000000	102.191	-177.6239
24.299999	102.178	-178.0981
24.700001	102.159	-178.7311
25.000000	102.142	-179.2036
25.400000	102.120	-179.8239
25.799999	102.097	179.5721
26.200001	102.077	178.9854
26.500000	102.063	178.5555
26.900000	102.044	177.9936
27.200001	102.029	177.5797
27.600000	102.009	177.0370
28.000000	101.986	176.5035
28.500000	101.955	175.8463
29.000000	101.922	175.1984
29.500000	101.887	174.5641
30.000000	101.854	173.9498
30.400000	101.828	173.4732
30.700001	101.809	173.1226
31.100000	101.784	172.6612
31.500000	101.757	172.2050
32.000000	101.722	171.6442
32.500000	101.684	171.0973
33.000000	101.647	170.5635
33.500000	101.612	170.0389
34.000000	101.577	169.5244
34.500000	101.541	169.0279
35.000000	101.504	168.5531
35.500000	101.465	168.0908
36.000000	101.425	167.6244
36.500000	101.383	167.1462
37.000000	101.340	166.6639
37.500000	101.300	166.1908
38.200001	101.247	165.5547
38.700001	101.211	165.1198
39.500000	101.145	164.4703
40.000000	101.101	164.0966
40.599998	101.049	163.6587
41.200001	101.000	163.2004
41.799999	100.952	162.7181
42.500000	100.893	162.1656
43.099998	100.840	161.7269
43.700001	100.786	161.3121
44.400002	100.721	160.8391
45.000000	100.666	160.4427
45.500000	100.622	160.1203
46.200001	100.563	159.6741
46.799999	100.511	159.2970
47.500000	100.448	158.8812
48.200001	100.390	158.4838
48.700001	100.351	158.1868
49.400002	100.296	157.7456
50.000000	100.241	157.3822
50.799999	100.162	156.9722
51.500000	100.095	156.6497
52.200001	100.030	156.3152
53.000000	99.956	155.9349
53.799999	99.884	155.5798
54.500000	99.822	155.2740
55.200001	99.758	154.9652
56.000000	99.684	154.6216
57.000000	99.594	154.2176
58.000000	99.507	153.8241
59.000000	99.415	153.4321
60.000000	99.322	153.0737
60.799999	99.252	152.8088
61.500000	99.191	152.5880
62.200001	99.129	152.3852
63.000000	99.056	152.1685
64.000000	98.966	151.8866
65.000000	98.877	151.6029
66.000000	98.793	151.3311
67.000000	98.711	151.0562
68.000000	98.624	150.7963
69.000000	98.533	150.5899
70.000000	98.444	150.4247
71.000000	98.357	150.2601
72.000000	98.271	150.0959
73.000000	98.187	149.9345
74.000000	98.103	149.7791
75.000000	98.019	149.6441
76.199997	97.919	149.4966
77.500000	97.813	149.3435
78.800003	97.707	149.2056
80.000000	97.608	149.1068
81.199997	97.513	149.0367
82.500000	97.411	148.9673
83.800003	97.310	148.9175
85.000000	97.219	148.8865
86.199997	97.130	148.8598
87.500000	97.035	148.8421
88.500000	96.962	148.8387
90.000000	96.851	148.8413
91.199997	96.765	148.8478
92.500000	96.674	148.8708
93.800003	96.586	148.9209
95.000000	96.504	148.9872
96.199997	96.423	149.0575
97.500000	96.337	149.1343
98.800003	96.253	149.2176
100.000000	96.178	149.3057
101.500000	96.085	149.4308
103.000000	95.993	149.5594
104.400002	95.910	149.6865
106.000000	95.815	149.8545
107.500000	95.731	150.0281
109.000000	95.651	150.2131
110.599998	95.565	150.4214
112.000000	95.490	150.5946
113.800003	95.397	150.8182
115.000000	95.337	150.9836
117.199997	95.231	151.3045
118.000000	95.193	151.4195
120.599998	95.073	151.8032
122.000000	95.010	152.0230
124.099998	94.919	152.3652
125.000000	94.881	152.5146
126.500000	94.821	152.7635
128.000000	94.763	153.0162
131.500000	94.632	153.6140
132.000000	94.613	153.6993
134.000000	94.542	154.0402
136.000000	94.477	154.3899
138.000000	94.412	154.7375
140.000000	94.349	155.0640
143.000000	94.261	155.5764
145.000000	94.205	155.9294
147.500000	94.131	156.3612
150.000000	94.046	156.7797
152.500000	94.002	157.2188
155.000000	93.961	157.6466
157.500000	93.912	158.0757
160.000000	93.862	158.4886
162.500000	93.814	158.8783
165.000000	93.768	159.2794
167.500000	93.722	159.6874
170.000000	93.679	160.0950
172.500000	93.642	160.4890
175.000000	93.608	160.8853
177.500000	93.577	161.2737
180.000000	93.549	161.6606
182.500000	93.523	162.0485
185.000000	93.498	162.3987
187.500000	93.470	162.7397
190.000000	93.443	163.0858
192.500000	93.422	163.4326
195.000000	93.403	163.7578
197.500000	93.377	164.0854
200.000000	93.353	164.4194
203.000000	93.345	164.7527
206.000000	93.333	165.0751
209.000000	93.313	165.4009
212.000000	93.292	165.7159
214.000000	93.281	165.9267
218.000000	93.261	166.3356
220.000000	93.250	166.5324
224.000000	93.232	166.9345
227.000000	93.217	167.2282
230.000000	93.202	167.5127
233.000000	93.189	167.7916
236.000000	93.177	168.0638
240.000000	93.163	168.4142
243.000000	93.154	168.6829
247.000000	93.142	169.0656
250.000000	93.133	169.3547
254.000000	93.123	169.6027
258.000000	93.114	169.8616
262.000000	93.105	170.1434
265.000000	93.097	170.3578
269.000000	93.086	170.6277
272.000000	93.080	170.8275
276.000000	93.071	171.0943
280.000000	93.061	171.3569
285.000000	93.050	171.6766
290.000000	93.040	171.9694
295.000000	93.030	172.2611
300.000000	93.022	172.5388
304.000000	93.014	172.7548
307.000000	93.008	172.9140
311.000000	93.000	173.1152
315.000000	92.993	173.3179
320.000000	92.984	173.5723
325.000000	92.975	173.8134
330.000000	92.965	174.0382
335.000000	92.955	174.2628
340.000000	92.946	174.4925
345.000000	92.934	174.7349
350.000000	92.920	174.9905
355.000000	92.912	175.1738
360.000000	92.904	175.3572
365.000000	92.894	175.5578
370.000000	92.883	175.7578
375.000000	92.873	175.9586
382.000000	92.858	176.2360
387.000000	92.848	176.4297
395.000000	92.830	176.7306
400.000000	92.817	176.9100
406.000000	92.805	177.1246
412.000000	92.791	177.3361
418.000000	92.776	177.5522
425.000000	92.758	177.8062
431.000000	92.742	178.0230
437.000000	92.727	178.2425
444.000000	92.707	178.5187
450.000000	92.690	178.7599
455.000000	92.679	178.9192
462.000000	92.665	179.1353
468.000000	92.650	179.3357
475.000000	92.632	179.5708
482.000000	92.613	179.8092
487.000000	92.599	179.9816
494.000000	92.579	-179.7774
500.000000	92.561	-179.5709
508.000000	92.538	-179.2954
515.000000	92.517	-179.0559
522.000000	92.495	-178.8087
530.000000	92.470	-178.5242
538.000000	92.445	-178.2371
545.000000	92.423	-177.9659
552.000000	92.400	-177.7011
560.000000	92.373	-177.4358
570.000000	92.339	-177.0778
580.000000	92.304	-176.7003
590.000000	92.269	-176.3175
600.000000	92.232	-175.9170
608.000000	92.204	-175.5835
615.000000	92.179	-175.2872
622.000000	92.154	-174.9863
630.000000	92.124	-174.6379
640.000000	92.085	-174.1873
650.000000	92.047	-173.7137
660.000000	92.014	-173.2290
670.000000	91.982	-172.7289
680.000000	91.950	-172.2186
690.000000	91.920	-171.7015
700.000000	91.890	-171.1805
710.000000	91.861	-170.6471
720.000000	91.832	-170.1044
730.000000	91.804	-169.5519
740.000000	91.777	-168.9827
750.000000	91.749	-168.3945
762.000000	91.718	-167.6719
775.000000	91.689	-166.8589
788.000000	91.662	-166.0151
800.000000	91.640	-165.2112
812.000000	91.622	-164.3916
825.000000	91.609	-163.4776
838.000000	91.602	-162.5498
850.000000	91.600	-161.6856
862.000000	91.603	-160.7885
875.000000	91.613	-159.8081
885.000000	91.626	-159.0553
900.000000	91.653	-157.9198
912.000000	91.681	-157.0151
925.000000	91.718	-156.0450
938.000000	91.761	-155.0806
950.000000	91.807	-154.2033
962.000000	91.861	-153.3374
975.000000	91.927	-152.4226
988.000000	91.997	-151.5382
1000.000000	92.066	-150.7484
1015.000000	92.160	-149.8039
1030.000000	92.259	-148.9106
1044.000000	92.356	-148.1186
1060.000000	92.472	-147.2633
1075.000000	92.584	-146.5167
1090.000000	92.699	-145.8247
1106.000000	92.822	-145.1485
1120.000000	92.930	-144.6071
1138.000000	93.068	-143.9670
1150.000000	93.160	-143.5765
1172.000000	93.326	-142.9471
1180.000000	93.385	-142.7362
1206.000000	93.572	-142.1126
1220.000000	93.669	-141.8195
1241.000000	93.809	-141.4150
1250.000000	93.867	-141.2534
1265.000000	93.961	-141.0007
1280.000000	94.053	-140.7644
1315.000000	94.255	-140.2534
1320.000000	94.282	-140.1842
1340.000000	94.389	-139.9182
1360.000000	94.493	-139.6575
1380.000000	94.593	-139.3967
1400.000000	94.691	-139.1401
1430.000000	94.831	-138.7593
1450.000000	94.922	-138.4991
1475.000000	95.033	-138.1703
1500.000000	95.143	-137.8374
1525.000000	95.253	-137.5053
1550.000000	95.362	-137.1687
1575.000000	95.471	-136.8246
1600.000000	95.581	-136.4838
1625.000000	95.692	-136.1424
1650.000000	95.804	-135.8049
1675.000000	95.918	-135.4776
1700.000000	96.032	-135.1579
1725.000000	96.149	-134.8461
1750.000000	96.266	-134.5439
1775.000000	96.386	-134.2541
1800.000000	96.507	-133.9767
1825.000000	96.628	-133.7095
1850.000000	96.751	-133.4549
1875.000000	96.876	-133.2149
1900.000000	97.002	-132.9854
1925.000000	97.131	-132.7683
1950.000000	97.262	-132.5660
1975.000000	97.394	-132.3837
2000.000000	97.529	-132.2208
2030.000000	97.695	-132.0506
2060.000000	97.864	-131.9167
2090.000000	98.036	-131.8223
2120.000000	98.211	-131.7711
2140.000000	98.329	-131.7628
2180.000000	98.569	-131.8086
2200.000000	98.690	-131.8671
2240.000000	98.935	-132.0571
2270.000000	99.120	-132.2660
2300.000000	99.306	-132.5371
2330.000000	99.492	-132.8697
2360.000000	99.677	-133.2684
2400.000000	99.921	-133.9101
2430.000000	100.101	-134.4755
2470.000000	100.336	-135.3420
2500.000000	100.506	-136.0764
2540.000000	100.723	-137.1639
2580.000000	100.927	-138.3717
2620.000000	101.116	-139.6943
2650.000000	101.246	-140.7563
2690.000000	101.402	-142.2569
2720.000000	101.505	-143.4388
2760.000000	101.622	-145.0751
2800.000000	101.715	-146.7623
2850.000000	101.794	-148.9112
2900.000000	101.833	-151.0611
2950.000000	101.833	-153.1709
3000.000000	101.797	-155.2023
3040.000000	101.745	-156.7493
3070.000000	101.694	-157.8552
3110.000000	101.612	-159.2495
3150.000000	101.517	-160.5468
3200.000000	101.384	-162.0243
3250.000000	101.238	-163.3420
3300.000000	101.085	-164.5053
3350.000000	100.929	-165.5222
3400.000000	100.772	-166.4040
3450.000000	100.617	-167.1634
3500.000000	100.467	-167.8147
3550.000000	100.322	-168.3730
3600.000000	100.184	-168.8538
3650.000000	100.054	-169.2742
3700.000000	99.932	-169.6497
3750.000000	99.818	-169.9951
3820.000000	99.672	-170.4584
3870.000000	99.575	-170.7934
3950.000000	99.429	-171.3719
4000.000000	99.341	-171.7757
4060.000000	99.235	-172.3146
4120.000000	99.124	-172.9165
4180.000000	99.005	-173.5780
4250.000000	98.848	-174.4087
4310.000000	98.695	-175.1449
4370.000000	98.520	-175.8693
4440.000000	98.290	-176.6480
4500.000000	98.070	-177.2094
4550.000000	97.874	-177.5751
4620.000000	97.588	-177.9025
4680.000000	97.337	-177.9967
4750.000000	97.048	-177.8936
4820.000000	96.770	-177.5900
4870.000000	96.583	-177.2770
4940.000000	96.338	-176.7460
5000.000000	96.145	-176.2398
5080.000000	95.909	-175.5413
5150.000000	95.718	-174.9437
5220.000000	95.536	-174.3765
5300.000000	95.335	-173.7675
5380.000000	95.135	-173.1920
5450.000000	94.956	-172.6977
5520.000000	94.773	-172.1878
5600.000000	94.557	-171.5599
5700.000000	94.280	-170.6658
5800.000000	94.000	-169.6086
5900.000000	93.722	-168.3550
6000.000000	93.457	-166.8866
6080.000000	93.259	-165.5627
6150.000000	93.099	-164.3023
6220.000000	92.953	-162.9556
6300.000000	92.809	-161.3248
6400.000000	92.664	-159.1693
6500.000000	92.563	-156.9201
6600.000000	92.509	-154.6227
6700.000000	92.505	-152.3197
6800.000000	92.552	-150.0496
6900.000000	92.654	-147.8472
7000.000000	92.811	-145.7554
7100.000000	93.027	-143.8221
7200.000000	93.307	-142.1223
7300.000000	93.649	-140.7556
7400.000000	94.054	-139.8216
7500.000000	94.516	-139.4433
7620.000000	95.130	-139.9756
7750.000000	95.817	-142.0534
7880.000000	96.437	-145.9268
8000.000000	96.835	-151.0537
8120.000000	96.953	-157.1465
8250.000000	96.706	-163.7509
8380.000000	96.108	-169.0157
8500.000000	95.402	-171.6849
8620.000000	94.815	-172.3375
8750.000000	94.432	-173.1532
8850.000000	94.091	-174.4119
9000.000000	93.427	-174.9703
9120.000000	92.966	-174.0258
9250.000000	92.636	-172.3580
9380.000000	92.485	-170.5924
9500.000000	92.489	-169.2390
9620.000000	92.603	-168.4261
9750.000000	92.807	-168.3781
9880.000000	93.040	-169.2749
10000.000000	93.236	-170.8552
10150.000000	93.412	-173.5511
10300.000000	93.513	-176.6860
10440.000000	93.569	-179.8256
10600.000000	93.626	176.2103
10750.000000	93.666	171.8529
10900.000000	93.648	166.7287
11060.000000	93.506	160.5412
11200.000000	93.248	154.7723
11380.000000	92.717	147.3075
11500.000000	92.244	142.5629
11720.000000	91.176	134.9240
11800.000000	90.746	132.6056
12060.000000	89.336	126.9738
12200.000000	88.646	125.0126
12410.000000	87.790	122.9874
12500.000000	87.503	122.2995
12650.000000	87.138	121.1836
12800.000000	86.914	119.8986
13150.000000	86.883	114.9918
13200.000000	86.923	113.9687
13400.000000	87.151	108.8701
13600.000000	87.416	102.0757
13800.000000	87.626	93.7122
14000.000000	87.715	84.1525
14300.000000	87.580	68.5745
14500.000000	87.337	57.8169
14750.000000	86.903	44.3179
15000.000000	86.428	30.9955
15250.000000	86.069	17.1923
15500.000000	85.783	1.4802
15750.000000	85.266	-16.3184
16000.000000	84.334	-34.2889
16250.000000	83.253	-50.5492
16500.000000	82.572	-65.8822
16750.000000	82.557	-83.5322
17000.000000	82.913	-106.1309
17250.000000	83.222	-134.0812
17500.000000	83.320	-166.8547
17750.000000	83.177	155.5983
18000.000000	82.625	113.1025
18250.000000	81.373	66.4653
18500.000000	79.338	17.2849
18750.000000	76.752	-33.8713
19000.000000	73.815	-87.7023
19250.000000	70.553	-144.9648
19500.000000	66.951	153.3920
19750.000000	63.087	83.9143
20000.000000	59.942	12.3433
