* Measurement data measured by REW V5.31.3
* Source: USB-C to 3.5mm Headphone Jack Adapter, no input selected, 0, volume: no control
* Format: 256k Log Swept Sine, 4 sweeps at -12.0 dBFS with no timing reference
* Dated: Mar 28, 2026 8:16:11 PM
* REW Settings:
*  C-weighting compensation: Off
*  Target level: 75.0 dB
* Note: ; 
* Measurement: Crinear Daybreak AEX70 R
* Smoothing: 1/24 octave
* Frequency Step: 1/48 octave
* Start Frequency: 20.300 Hz
*
* Freq(Hz)	SPL(dB)	Phase(degrees)
20.299999	102.165	-164.4620
20.600000	102.165	-165.0381
20.900000	102.161	-165.6582
21.200001	102.157	-166.2782
21.400000	102.155	-166.6898
21.799999	102.153	-167.5051
22.000000	102.153	-167.9054
22.400000	102.154	-168.6824
22.700001	102.155	-169.2412
23.000000	102.156	-169.7819
23.299999	102.155	-170.3112
23.600000	102.153	-170.8370
24.000000	102.145	-171.5429
24.299999	102.137	-172.0766
24.700001	102.122	-172.7850
25.000000	102.109	-173.3048
25.400000	102.094	-173.9730
25.799999	102.083	-174.6122
26.200001	102.076	-175.2317
26.500000	102.072	-175.6902
26.900000	102.065	-176.2984
27.200001	102.057	-176.7514
27.600000	102.042	-177.3478
28.000000	102.023	-177.9323
28.500000	101.998	-178.6481
29.000000	101.974	-179.3516
29.500000	101.952	179.9602
30.000000	101.931	179.2982
30.400000	101.914	178.7905
30.700001	101.901	178.4198
31.100000	101.881	177.9325
31.500000	101.859	177.4468
32.000000	101.829	176.8389
32.500000	101.797	176.2307
33.000000	101.769	175.6187
33.500000	101.745	174.9961
34.000000	101.721	174.3698
34.500000	101.693	173.7670
35.000000	101.660	173.2164
35.500000	101.624	172.7222
36.000000	101.590	172.2609
36.500000	101.558	171.8026
37.000000	101.529	171.3333
37.500000	101.501	170.8531
38.200001	101.463	170.1660
38.700001	101.432	169.6671
39.500000	101.369	168.8941
40.000000	101.325	168.4572
40.599998	101.276	167.9795
41.200001	101.236	167.5101
41.799999	101.202	167.0117
42.500000	101.154	166.4057
43.099998	101.107	165.8986
43.700001	101.059	165.4087
44.400002	101.008	164.8543
45.000000	100.966	164.4141
45.500000	100.932	164.0779
46.200001	100.880	163.6150
46.799999	100.825	163.1940
47.500000	100.759	162.6898
48.200001	100.718	162.1470
48.700001	100.705	161.6915
49.400002	100.679	161.0190
50.000000	100.626	160.5859
50.799999	100.532	160.3392
51.500000	100.459	160.1856
52.200001	100.394	159.8527
53.000000	100.324	159.3398
53.799999	100.264	158.8661
54.500000	100.214	158.5029
55.200001	100.159	158.1626
56.000000	100.089	157.7765
57.000000	100.001	157.2910
58.000000	99.917	156.8434
59.000000	99.838	156.4137
60.000000	99.758	155.9729
60.799999	99.691	155.6349
61.500000	99.633	155.3644
62.200001	99.577	155.1024
63.000000	99.513	154.7994
64.000000	99.429	154.4428
65.000000	99.344	154.0959
66.000000	99.260	153.7581
67.000000	99.182	153.4753
68.000000	99.101	153.1842
69.000000	99.019	152.8630
70.000000	98.950	152.4819
71.000000	98.874	152.1261
72.000000	98.781	151.9272
73.000000	98.686	151.7240
74.000000	98.598	151.4276
75.000000	98.526	151.1002
76.199997	98.448	150.6708
77.500000	98.354	150.4002
78.800003	98.268	150.4709
80.000000	98.171	150.4986
81.199997	98.058	150.4594
82.500000	97.941	150.3293
83.800003	97.833	150.1440
85.000000	97.753	149.9225
86.199997	97.686	149.7887
87.500000	97.609	149.6878
88.500000	97.535	149.6434
90.000000	97.425	149.6432
91.199997	97.349	149.5847
92.500000	97.269	149.3912
93.800003	97.162	149.2130
95.000000	97.064	149.2941
96.199997	96.979	149.3453
97.500000	96.882	149.1607
98.800003	96.778	148.8819
100.000000	96.704	148.9841
101.500000	96.638	149.3055
103.000000	96.549	149.3509
104.400002	96.464	149.3139
106.000000	96.363	149.3985
107.500000	96.269	149.5198
109.000000	96.185	149.7109
110.599998	96.101	149.8157
112.000000	96.038	149.9951
113.800003	95.914	150.2706
115.000000	95.815	150.0748
117.199997	95.701	149.8345
118.000000	95.663	150.1206
120.599998	95.592	151.1635
122.000000	95.557	151.2168
124.099998	95.476	151.2238
125.000000	95.441	151.2804
126.500000	95.383	151.3943
128.000000	95.326	151.5104
131.500000	95.185	151.7674
132.000000	95.165	151.8311
134.000000	95.090	152.0988
136.000000	95.020	152.2835
138.000000	94.945	152.4775
140.000000	94.867	152.6825
143.000000	94.744	153.1147
145.000000	94.669	153.4096
147.500000	94.568	153.7448
150.000000	94.475	154.1293
152.500000	94.426	154.4134
155.000000	94.368	154.7079
157.500000	94.301	155.0839
160.000000	94.233	155.4777
162.500000	94.168	155.8746
165.000000	94.103	156.2506
167.500000	94.046	156.6665
170.000000	94.003	157.0107
172.500000	93.964	157.3040
175.000000	93.928	157.6080
177.500000	93.891	157.8556
180.000000	93.847	158.1779
182.500000	93.799	158.5049
185.000000	93.753	158.8893
187.500000	93.719	159.2029
190.000000	93.682	159.4378
192.500000	93.647	159.7159
195.000000	93.614	159.9880
197.500000	93.579	160.2553
200.000000	93.543	160.5144
203.000000	93.504	160.8373
206.000000	93.469	161.1905
209.000000	93.437	161.5372
212.000000	93.405	161.8412
214.000000	93.384	162.0281
218.000000	93.344	162.4106
220.000000	93.326	162.6050
224.000000	93.288	162.9900
227.000000	93.263	163.2708
230.000000	93.239	163.5463
233.000000	93.213	163.8231
236.000000	93.185	164.0989
240.000000	93.151	164.4560
243.000000	93.127	164.7101
247.000000	93.093	165.0725
250.000000	93.066	165.3692
254.000000	93.036	165.7202
258.000000	93.011	166.0701
262.000000	92.990	166.4142
265.000000	92.981	166.6730
269.000000	92.974	167.0550
272.000000	92.965	167.2913
276.000000	92.948	167.5069
280.000000	92.932	167.7222
285.000000	92.922	168.0637
290.000000	92.907	168.4208
295.000000	92.881	168.6877
300.000000	92.852	168.9823
304.000000	92.836	169.2184
307.000000	92.822	169.3868
311.000000	92.806	169.6370
315.000000	92.793	169.8660
320.000000	92.779	170.1597
325.000000	92.761	170.4548
330.000000	92.740	170.7092
335.000000	92.725	170.9786
340.000000	92.712	171.2473
345.000000	92.693	171.4995
350.000000	92.674	171.7667
355.000000	92.664	171.9474
360.000000	92.652	172.1284
365.000000	92.634	172.3135
370.000000	92.614	172.5297
375.000000	92.595	172.7429
382.000000	92.572	173.0331
387.000000	92.553	173.2497
395.000000	92.527	173.6176
400.000000	92.512	173.8336
406.000000	92.491	174.0516
412.000000	92.469	174.2844
418.000000	92.447	174.5176
425.000000	92.423	174.8069
431.000000	92.403	175.0475
437.000000	92.382	175.2844
444.000000	92.360	175.5620
450.000000	92.341	175.8052
455.000000	92.323	175.9817
462.000000	92.297	176.2269
468.000000	92.274	176.4454
475.000000	92.246	176.7051
482.000000	92.219	176.9701
487.000000	92.201	177.1599
494.000000	92.175	177.4221
500.000000	92.151	177.6515
508.000000	92.117	177.9627
515.000000	92.087	178.2440
522.000000	92.058	178.5214
530.000000	92.024	178.8480
538.000000	91.990	179.1891
545.000000	91.958	179.4901
552.000000	91.927	179.7980
560.000000	91.899	-179.8323
570.000000	91.861	-179.3577
580.000000	91.821	-178.8683
590.000000	91.783	-178.3585
600.000000	91.749	-177.8279
608.000000	91.725	-177.3852
615.000000	91.708	-176.9932
622.000000	91.695	-176.6001
630.000000	91.685	-176.1534
640.000000	91.680	-175.6233
650.000000	91.684	-175.1701
660.000000	91.685	-174.8204
670.000000	91.678	-174.5721
680.000000	91.655	-174.3737
690.000000	91.613	-174.1583
700.000000	91.558	-173.8717
710.000000	91.497	-173.4859
720.000000	91.435	-173.0198
730.000000	91.378	-172.4863
740.000000	91.325	-171.9038
750.000000	91.275	-171.2849
762.000000	91.220	-170.4956
775.000000	91.169	-169.6005
788.000000	91.126	-168.6747
800.000000	91.092	-167.7975
812.000000	91.063	-166.9003
825.000000	91.040	-165.9095
838.000000	91.024	-164.9017
850.000000	91.016	-163.9577
862.000000	91.013	-163.0086
875.000000	91.018	-161.9750
885.000000	91.027	-161.1745
900.000000	91.049	-159.9735
912.000000	91.073	-159.0218
925.000000	91.107	-158.0015
938.000000	91.147	-156.9890
950.000000	91.191	-156.0643
962.000000	91.242	-155.1660
975.000000	91.304	-154.2153
988.000000	91.372	-153.2889
1000.000000	91.440	-152.4655
1015.000000	91.532	-151.4804
1030.000000	91.629	-150.5406
1044.000000	91.725	-149.7125
1060.000000	91.838	-148.8195
1075.000000	91.947	-148.0371
1090.000000	92.059	-147.3088
1106.000000	92.181	-146.5963
1120.000000	92.287	-146.0292
1138.000000	92.423	-145.3643
1150.000000	92.513	-144.9568
1172.000000	92.676	-144.2721
1180.000000	92.735	-144.0452
1206.000000	92.918	-143.3768
1220.000000	93.012	-143.0577
1241.000000	93.149	-142.6247
1250.000000	93.206	-142.4520
1265.000000	93.300	-142.1769
1280.000000	93.390	-141.9190
1315.000000	93.588	-141.3688
1320.000000	93.615	-141.2948
1340.000000	93.720	-141.0085
1360.000000	93.820	-140.7239
1380.000000	93.917	-140.4380
1400.000000	94.010	-140.1573
1430.000000	94.145	-139.7394
1450.000000	94.232	-139.4576
1475.000000	94.339	-139.1075
1500.000000	94.443	-138.7478
1525.000000	94.545	-138.3765
1550.000000	94.647	-138.0021
1575.000000	94.750	-137.6219
1600.000000	94.853	-137.2384
1625.000000	94.958	-136.8516
1650.000000	95.064	-136.4703
1675.000000	95.171	-136.0794
1700.000000	95.280	-135.6921
1725.000000	95.391	-135.3121
1750.000000	95.504	-134.9416
1775.000000	95.620	-134.5855
1800.000000	95.737	-134.2411
1825.000000	95.857	-133.9133
1850.000000	95.979	-133.6018
1875.000000	96.101	-133.3096
1900.000000	96.226	-133.0340
1925.000000	96.352	-132.7731
1950.000000	96.479	-132.5263
1975.000000	96.607	-132.2922
2000.000000	96.736	-132.0732
2030.000000	96.893	-131.8343
2060.000000	97.054	-131.6144
2090.000000	97.218	-131.4160
2120.000000	97.385	-131.2480
2140.000000	97.499	-131.1534
2180.000000	97.732	-131.0024
2200.000000	97.852	-130.9527
2240.000000	98.098	-130.9220
2270.000000	98.287	-130.9626
2300.000000	98.479	-131.0664
2330.000000	98.675	-131.2445
2360.000000	98.872	-131.5011
2400.000000	99.132	-131.9650
2430.000000	99.325	-132.4049
2470.000000	99.577	-133.1038
2500.000000	99.761	-133.7082
2540.000000	100.000	-134.6200
2580.000000	100.229	-135.6527
2620.000000	100.448	-136.8080
2650.000000	100.604	-137.7566
2690.000000	100.797	-139.1228
2720.000000	100.931	-140.2185
2760.000000	101.090	-141.7666
2800.000000	101.228	-143.4011
2850.000000	101.366	-145.5366
2900.000000	101.465	-147.7367
2950.000000	101.524	-149.9625
3000.000000	101.542	-152.1695
3040.000000	101.528	-153.8951
3070.000000	101.503	-155.1543
3110.000000	101.451	-156.7737
3150.000000	101.379	-158.3116
3200.000000	101.266	-160.1013
3250.000000	101.132	-161.7275
3300.000000	100.981	-163.1797
3350.000000	100.821	-164.4569
3400.000000	100.657	-165.5687
3450.000000	100.493	-166.5351
3500.000000	100.332	-167.3805
3550.000000	100.176	-168.1277
3600.000000	100.023	-168.7941
3650.000000	99.875	-169.3904
3700.000000	99.730	-169.9281
3750.000000	99.590	-170.4149
3820.000000	99.399	-171.0241
3870.000000	99.268	-171.4209
3950.000000	99.065	-172.0123
4000.000000	98.941	-172.3667
4060.000000	98.794	-172.7924
4120.000000	98.645	-173.2240
4180.000000	98.493	-173.6601
4250.000000	98.306	-174.1595
4310.000000	98.137	-174.5602
4370.000000	97.959	-174.9174
4440.000000	97.741	-175.2612
4500.000000	97.547	-175.4778
4550.000000	97.380	-175.5937
4620.000000	97.143	-175.6457
4680.000000	96.940	-175.5785
4750.000000	96.707	-175.3654
4820.000000	96.485	-175.0251
4870.000000	96.334	-174.7242
4940.000000	96.138	-174.2510
5000.000000	95.983	-173.8245
5080.000000	95.793	-173.2657
5150.000000	95.638	-172.8173
5220.000000	95.489	-172.4206
5300.000000	95.318	-172.0258
5380.000000	95.144	-171.6768
5450.000000	94.984	-171.3904
5520.000000	94.816	-171.1017
5600.000000	94.614	-170.7417
5700.000000	94.346	-170.1978
5800.000000	94.065	-169.4981
5900.000000	93.778	-168.5990
6000.000000	93.492	-167.4743
6080.000000	93.270	-166.4062
6150.000000	93.085	-165.3478
6220.000000	92.911	-164.1782
6300.000000	92.729	-162.7182
6400.000000	92.533	-160.7266
6500.000000	92.376	-158.5749
6600.000000	92.263	-156.2964
6700.000000	92.200	-153.9274
6800.000000	92.191	-151.5083
6900.000000	92.241	-149.0832
7000.000000	92.354	-146.6960
7100.000000	92.537	-144.4107
7200.000000	92.794	-142.3301
7300.000000	93.123	-140.5811
7400.000000	93.511	-139.2454
7500.000000	93.957	-138.2811
7620.000000	94.603	-137.8457
7750.000000	95.398	-138.9288
7880.000000	96.194	-141.9901
8000.000000	96.819	-146.6947
8120.000000	97.214	-152.9768
8250.000000	97.261	-160.7107
8380.000000	96.880	-168.0748
8500.000000	96.223	-173.4315
8620.000000	95.413	-176.8184
8750.000000	94.543	-178.2559
8850.000000	93.980	-178.2211
9000.000000	93.342	-177.6255
9120.000000	92.911	-177.0970
9250.000000	92.477	-176.0216
9380.000000	92.138	-174.2666
9500.000000	91.961	-172.2830
9620.000000	91.932	-170.2789
9750.000000	92.072	-168.4712
9880.000000	92.369	-167.4444
10000.000000	92.743	-167.5149
10150.000000	93.259	-169.2748
10300.000000	93.709	-172.8869
10440.000000	93.976	-177.5499
10600.000000	94.045	176.3403
10750.000000	93.900	170.5305
10900.000000	93.608	165.0204
11060.000000	93.197	159.5502
11200.000000	92.786	155.0097
11380.000000	92.196	149.3373
11500.000000	91.752	145.6332
11720.000000	90.806	139.2780
11800.000000	90.421	137.2390
12060.000000	89.113	132.0865
12200.000000	88.433	130.2734
12410.000000	87.535	128.6449
12500.000000	87.215	128.2586
12650.000000	86.790	127.8714
12800.000000	86.511	127.6266
13150.000000	86.480	126.4082
13200.000000	86.547	126.0380
13400.000000	86.983	123.7346
13600.000000	87.652	119.7015
13800.000000	88.473	113.4706
14000.000000	89.329	104.7894
14300.000000	90.405	87.5566
14500.000000	90.855	74.0270
14750.000000	91.079	56.0204
15000.000000	91.018	37.6568
15250.000000	90.804	19.2190
15500.000000	90.587	0.2482
15750.000000	90.331	-20.4031
16000.000000	89.809	-42.6094
16250.000000	89.027	-65.3152
16500.000000	88.157	-88.7029
16750.000000	87.151	-113.3890
17000.000000	85.908	-138.8332
17250.000000	84.575	-164.5131
17500.000000	83.456	168.7594
17750.000000	82.787	138.9255
18000.000000	82.516	103.5222
18250.000000	82.232	61.0409
18500.000000	81.408	11.7778
18750.000000	79.738	-42.6168
19000.000000	77.277	-100.8331
19250.000000	74.216	-162.9266
19500.000000	70.630	130.6913
19750.000000	66.608	57.3490
20000.000000	63.189	-18.9138
