* Measurement data measured by REW V5.31.3
* Source: USB-C to 3.5mm Headphone Jack Adapter, no input selected, 0, volume: no control
* Format: 256k Log Swept Sine, 4 sweeps at -12.0 dBFS with no timing reference
* Dated: Mar 28, 2026 7:48:30 PM
* REW Settings:
*  C-weighting compensation: Off
*  Target level: 75.0 dB
* Note: ; 
* Measurement: Crinear Daybreak Sonic R
* Smoothing: 1/24 octave
* Frequency Step: 1/48 octave
* Start Frequency: 20.300 Hz
*
* Freq(Hz)	SPL(dB)	Phase(degrees)
20.299999	102.223	-165.0339
20.600000	102.203	-165.5904
20.900000	102.179	-166.1371
21.200001	102.159	-166.6411
21.400000	102.152	-166.9694
21.799999	102.152	-167.6590
22.000000	102.158	-168.0369
22.400000	102.170	-168.8630
22.700001	102.173	-169.5154
23.000000	102.168	-170.1553
23.299999	102.157	-170.7509
23.600000	102.145	-171.2898
24.000000	102.134	-171.9411
24.299999	102.131	-172.4141
24.700001	102.131	-173.0702
25.000000	102.130	-173.5891
25.400000	102.121	-174.2921
25.799999	102.105	-174.9640
26.200001	102.086	-175.5797
26.500000	102.074	-176.0136
26.900000	102.062	-176.5870
27.200001	102.054	-177.0314
27.600000	102.042	-177.6470
28.000000	102.025	-178.2675
28.500000	102.000	-179.0067
29.000000	101.979	-179.6915
29.500000	101.962	179.6498
30.000000	101.944	178.9965
30.400000	101.924	178.4853
30.700001	101.906	178.1148
31.100000	101.882	177.6353
31.500000	101.860	177.1581
32.000000	101.835	176.5433
32.500000	101.812	175.9175
33.000000	101.787	175.3198
33.500000	101.764	174.7687
34.000000	101.742	174.2372
34.500000	101.714	173.6929
35.000000	101.676	173.1439
35.500000	101.631	172.6221
36.000000	101.590	172.1296
36.500000	101.559	171.6289
37.000000	101.534	171.0955
37.500000	101.507	170.5554
38.200001	101.463	169.8712
38.700001	101.432	169.4393
39.500000	101.378	168.7842
40.000000	101.340	168.3927
40.599998	101.295	167.9355
41.200001	101.257	167.4351
41.799999	101.219	166.8586
42.500000	101.164	166.1793
43.099998	101.113	165.6849
43.700001	101.067	165.2590
44.400002	101.017	164.7521
45.000000	100.969	164.2777
45.500000	100.926	163.8813
46.200001	100.873	163.3680
46.799999	100.839	162.9536
47.500000	100.794	162.4757
48.200001	100.723	162.0825
48.700001	100.664	161.8928
49.400002	100.598	161.6316
50.000000	100.562	161.2356
50.799999	100.510	160.4914
51.500000	100.453	159.9371
52.200001	100.406	159.5708
53.000000	100.357	159.1896
53.799999	100.292	158.7747
54.500000	100.232	158.4135
55.200001	100.176	158.0245
56.000000	100.110	157.5636
57.000000	100.018	157.0926
58.000000	99.929	156.7230
59.000000	99.841	156.3579
60.000000	99.751	155.9467
60.799999	99.683	155.5840
61.500000	99.632	155.2470
62.200001	99.583	154.8801
63.000000	99.516	154.4783
64.000000	99.421	154.1317
65.000000	99.340	153.7990
66.000000	99.262	153.4312
67.000000	99.200	153.1518
68.000000	99.148	152.8364
69.000000	99.070	152.5268
70.000000	98.965	152.2982
71.000000	98.858	152.1372
72.000000	98.771	151.9927
73.000000	98.700	151.8306
74.000000	98.621	151.5671
75.000000	98.514	151.3070
76.199997	98.408	151.2006
77.500000	98.318	150.9103
78.800003	98.213	150.6877
80.000000	98.125	150.7574
81.199997	98.029	150.9073
82.500000	97.879	150.5174
83.800003	97.731	150.0121
85.000000	97.708	149.9259
86.199997	97.711	149.9711
87.500000	97.604	150.0146
88.500000	97.484	150.0657
90.000000	97.360	149.9848
91.199997	97.291	149.9344
92.500000	97.230	149.9385
93.800003	97.158	149.8252
95.000000	97.068	149.6192
96.199997	96.980	149.4805
97.500000	96.898	149.5810
98.800003	96.799	149.8538
100.000000	96.700	149.8599
101.500000	96.591	149.5701
103.000000	96.536	149.5441
104.400002	96.481	149.7818
106.000000	96.345	150.2232
107.500000	96.225	150.5413
109.000000	96.175	150.5112
110.599998	96.140	150.3713
112.000000	96.097	150.4667
113.800003	96.046	150.6607
115.000000	95.994	150.6744
117.199997	95.857	150.7314
118.000000	95.812	150.7535
120.599998	95.702	150.8612
122.000000	95.639	150.9810
124.099998	95.521	151.2484
125.000000	95.472	151.3305
126.500000	95.389	151.4386
128.000000	95.314	151.6058
131.500000	95.210	151.9130
132.000000	95.194	151.9743
134.000000	95.111	152.1939
136.000000	95.021	152.3499
138.000000	94.941	152.6367
140.000000	94.867	152.9773
143.000000	94.764	153.3842
145.000000	94.696	153.6458
147.500000	94.623	154.0104
150.000000	94.564	154.3633
152.500000	94.470	154.6941
155.000000	94.379	155.0589
157.500000	94.304	155.4190
160.000000	94.229	155.8145
162.500000	94.152	156.2613
165.000000	94.090	156.7325
167.500000	94.049	157.2918
170.000000	94.031	157.8349
172.500000	94.019	158.1882
175.000000	93.998	158.3843
177.500000	93.958	158.5625
180.000000	93.912	158.7946
182.500000	93.871	159.0570
185.000000	93.836	159.3412
187.500000	93.799	159.6286
190.000000	93.761	159.9021
192.500000	93.726	160.1850
195.000000	93.695	160.4742
197.500000	93.663	160.7555
200.000000	93.631	161.0049
203.000000	93.591	161.2755
206.000000	93.556	161.5903
209.000000	93.523	161.9162
212.000000	93.491	162.2331
214.000000	93.471	162.4587
218.000000	93.434	162.8973
220.000000	93.415	163.0923
224.000000	93.381	163.4777
227.000000	93.357	163.7586
230.000000	93.333	164.0402
233.000000	93.310	164.3228
236.000000	93.287	164.5905
240.000000	93.260	164.9368
243.000000	93.239	165.1787
247.000000	93.216	165.4757
250.000000	93.201	165.6872
254.000000	93.179	166.0444
258.000000	93.157	166.3932
262.000000	93.138	166.6896
265.000000	93.124	166.8971
269.000000	93.106	167.1785
272.000000	93.091	167.3869
276.000000	93.071	167.6480
280.000000	93.053	167.8947
285.000000	93.033	168.2102
290.000000	93.013	168.5276
295.000000	92.993	168.8389
300.000000	92.972	169.1318
304.000000	92.956	169.3633
307.000000	92.944	169.5339
311.000000	92.929	169.7513
315.000000	92.915	169.9599
320.000000	92.898	170.2212
325.000000	92.880	170.4796
330.000000	92.860	170.7378
335.000000	92.841	170.9913
340.000000	92.824	171.2312
345.000000	92.809	171.5037
350.000000	92.794	171.7820
355.000000	92.776	171.9680
360.000000	92.757	172.1619
365.000000	92.741	172.3827
370.000000	92.725	172.6022
375.000000	92.709	172.8154
382.000000	92.686	173.1115
387.000000	92.670	173.3181
395.000000	92.645	173.6370
400.000000	92.632	173.8371
406.000000	92.611	174.1027
412.000000	92.591	174.3536
418.000000	92.572	174.5875
425.000000	92.551	174.8414
431.000000	92.532	175.0552
437.000000	92.513	175.2677
444.000000	92.487	175.5030
450.000000	92.465	175.6943
455.000000	92.448	175.8859
462.000000	92.425	176.1510
468.000000	92.403	176.3653
475.000000	92.376	176.6182
482.000000	92.349	176.8756
487.000000	92.330	177.0602
494.000000	92.302	177.3196
500.000000	92.278	177.5449
508.000000	92.246	177.8531
515.000000	92.217	178.1221
522.000000	92.189	178.3952
530.000000	92.156	178.7225
538.000000	92.125	179.0583
545.000000	92.099	179.3614
552.000000	92.070	179.6673
560.000000	92.036	-179.9793
570.000000	91.995	-179.5149
580.000000	91.957	-179.0330
590.000000	91.920	-178.5268
600.000000	91.887	-177.9966
608.000000	91.865	-177.5548
615.000000	91.849	-177.1599
622.000000	91.837	-176.7624
630.000000	91.830	-176.3192
640.000000	91.831	-175.8105
650.000000	91.838	-175.3839
660.000000	91.844	-175.0870
670.000000	91.836	-174.8952
680.000000	91.809	-174.7359
690.000000	91.764	-174.5299
700.000000	91.707	-174.2420
710.000000	91.646	-173.8596
720.000000	91.585	-173.3955
730.000000	91.528	-172.8620
740.000000	91.474	-172.2754
750.000000	91.426	-171.6563
762.000000	91.374	-170.8930
775.000000	91.326	-170.0240
788.000000	91.284	-169.1211
800.000000	91.251	-168.2596
812.000000	91.225	-167.3899
825.000000	91.202	-166.4278
838.000000	91.188	-165.4394
850.000000	91.181	-164.5118
862.000000	91.178	-163.5894
875.000000	91.182	-162.5834
885.000000	91.191	-161.8028
900.000000	91.212	-160.6308
912.000000	91.237	-159.6967
925.000000	91.271	-158.6947
938.000000	91.312	-157.7069
950.000000	91.356	-156.8090
962.000000	91.406	-155.9164
975.000000	91.468	-154.9748
988.000000	91.536	-154.0666
1000.000000	91.603	-153.2560
1015.000000	91.694	-152.2857
1030.000000	91.792	-151.3591
1044.000000	91.888	-150.5385
1060.000000	92.002	-149.6723
1075.000000	92.113	-148.9213
1090.000000	92.227	-148.2148
1106.000000	92.350	-147.5213
1120.000000	92.458	-146.9742
1138.000000	92.595	-146.3425
1150.000000	92.685	-145.9570
1172.000000	92.851	-145.3109
1180.000000	92.910	-145.0995
1206.000000	93.095	-144.4867
1220.000000	93.192	-144.1992
1241.000000	93.332	-143.8103
1250.000000	93.389	-143.6564
1265.000000	93.482	-143.4162
1280.000000	93.570	-143.1931
1315.000000	93.767	-142.7177
1320.000000	93.793	-142.6543
1340.000000	93.898	-142.4099
1360.000000	93.997	-142.1713
1380.000000	94.093	-141.9337
1400.000000	94.184	-141.6991
1430.000000	94.316	-141.3460
1450.000000	94.400	-141.1056
1475.000000	94.504	-140.8113
1500.000000	94.607	-140.5041
1525.000000	94.706	-140.1855
1550.000000	94.805	-139.8600
1575.000000	94.904	-139.5358
1600.000000	95.004	-139.2047
1625.000000	95.104	-138.8678
1650.000000	95.205	-138.5263
1675.000000	95.307	-138.1857
1700.000000	95.411	-137.8468
1725.000000	95.518	-137.5138
1750.000000	95.626	-137.1858
1775.000000	95.737	-136.8688
1800.000000	95.850	-136.5642
1825.000000	95.965	-136.2740
1850.000000	96.081	-135.9996
1875.000000	96.200	-135.7402
1900.000000	96.321	-135.4972
1925.000000	96.443	-135.2735
1950.000000	96.566	-135.0674
1975.000000	96.690	-134.8737
2000.000000	96.816	-134.6965
2030.000000	96.969	-134.5095
2060.000000	97.126	-134.3479
2090.000000	97.285	-134.2157
2120.000000	97.447	-134.1119
2140.000000	97.557	-134.0615
2180.000000	97.781	-134.0147
2200.000000	97.894	-134.0206
2240.000000	98.125	-134.0956
2270.000000	98.301	-134.2092
2300.000000	98.479	-134.3765
2330.000000	98.658	-134.6009
2360.000000	98.838	-134.8838
2400.000000	99.078	-135.3573
2430.000000	99.257	-135.7910
2470.000000	99.493	-136.4781
2500.000000	99.668	-137.0751
2540.000000	99.895	-137.9806
2580.000000	100.114	-139.0107
2620.000000	100.323	-140.1666
2650.000000	100.471	-141.1177
2690.000000	100.655	-142.4925
2720.000000	100.781	-143.5977
2760.000000	100.932	-145.1594
2800.000000	101.061	-146.8098
2850.000000	101.188	-148.9723
2900.000000	101.275	-151.2066
2950.000000	101.320	-153.4702
3000.000000	101.324	-155.7198
3040.000000	101.298	-157.4829
3070.000000	101.263	-158.7692
3110.000000	101.197	-160.4211
3150.000000	101.109	-161.9875
3200.000000	100.975	-163.8089
3250.000000	100.818	-165.4573
3300.000000	100.644	-166.9214
3350.000000	100.459	-168.2004
3400.000000	100.269	-169.3019
3450.000000	100.079	-170.2429
3500.000000	99.890	-171.0497
3550.000000	99.705	-171.7380
3600.000000	99.524	-172.3243
3650.000000	99.347	-172.8206
3700.000000	99.174	-173.2344
3750.000000	99.006	-173.5717
3820.000000	98.780	-173.9307
3870.000000	98.627	-174.1194
3950.000000	98.395	-174.3328
4000.000000	98.259	-174.4261
4060.000000	98.104	-174.5168
4120.000000	97.956	-174.5957
4180.000000	97.813	-174.6726
4250.000000	97.651	-174.7710
4310.000000	97.514	-174.8651
4370.000000	97.375	-174.9617
4440.000000	97.209	-175.0687
4500.000000	97.063	-175.1434
4550.000000	96.939	-175.1826
4620.000000	96.762	-175.1903
4680.000000	96.610	-175.1461
4750.000000	96.434	-175.0354
4820.000000	96.264	-174.8679
4870.000000	96.146	-174.7236
4940.000000	95.989	-174.5048
5000.000000	95.861	-174.3171
5080.000000	95.697	-174.0929
5150.000000	95.559	-173.9411
5220.000000	95.420	-173.8419
5300.000000	95.257	-173.7930
5380.000000	95.083	-173.7995
5450.000000	94.919	-173.8348
5520.000000	94.742	-173.8754
5600.000000	94.523	-173.8937
5700.000000	94.221	-173.8251
5800.000000	93.891	-173.5811
5900.000000	93.539	-173.0891
6000.000000	93.178	-172.3016
6080.000000	92.890	-171.4425
6150.000000	92.644	-170.5209
6220.000000	92.408	-169.4532
6300.000000	92.154	-168.0701
6400.000000	91.866	-166.1228
6500.000000	91.616	-163.9661
6600.000000	91.407	-161.6401
6700.000000	91.244	-159.1794
6800.000000	91.129	-156.6161
6900.000000	91.067	-153.9832
7000.000000	91.062	-151.3101
7100.000000	91.118	-148.6375
7200.000000	91.240	-146.0414
7300.000000	91.426	-143.6122
7400.000000	91.667	-141.3767
7500.000000	91.969	-139.2453
7620.000000	92.452	-136.9832
7750.000000	93.117	-135.3693
7880.000000	93.902	-134.9312
8000.000000	94.707	-135.9144
8120.000000	95.530	-138.6012
8250.000000	96.317	-143.6816
8380.000000	96.828	-150.7573
8500.000000	96.931	-158.1655
8620.000000	96.660	-165.1552
8750.000000	96.074	-171.0296
8850.000000	95.561	-174.1591
9000.000000	94.836	-177.6087
9120.000000	94.237	-179.7282
9250.000000	93.555	179.1512
9380.000000	92.946	179.3639
9500.000000	92.521	-179.6259
9620.000000	92.256	-178.2733
9750.000000	92.154	-176.8849
9880.000000	92.222	-176.0331
10000.000000	92.399	-176.0582
10150.000000	92.694	-177.5004
10300.000000	92.963	179.4258
10440.000000	93.099	175.3521
10600.000000	93.058	169.8828
10750.000000	92.827	164.5630
10900.000000	92.447	159.4655
11060.000000	91.929	154.4677
11200.000000	91.420	150.4535
11380.000000	90.720	145.6310
11500.000000	90.225	142.5446
11720.000000	89.233	137.1648
11800.000000	88.841	135.3683
12060.000000	87.485	130.5266
12200.000000	86.738	128.6686
12410.000000	85.663	126.9385
12500.000000	85.238	126.5599
12650.000000	84.602	126.3305
12800.000000	84.074	126.4812
13150.000000	83.354	127.4605
13200.000000	83.315	127.5922
13400.000000	83.324	127.8903
13600.000000	83.607	127.5626
13800.000000	84.166	126.2513
14000.000000	84.993	123.5735
14300.000000	86.706	116.0739
14500.000000	88.108	107.9624
14750.000000	89.967	93.3885
15000.000000	91.650	73.6671
15250.000000	92.841	49.5260
15500.000000	93.317	22.8331
15750.000000	93.152	-4.2523
16000.000000	92.589	-30.7827
16250.000000	91.858	-57.0485
16500.000000	91.037	-84.1414
16750.000000	89.938	-112.5818
17000.000000	88.381	-141.3528
17250.000000	86.475	-169.2198
17500.000000	84.567	163.7075
17750.000000	83.020	135.6339
18000.000000	81.951	103.8470
18250.000000	81.115	66.2688
18500.000000	80.144	22.1405
18750.000000	78.732	-28.3862
19000.000000	76.730	-84.8516
19250.000000	74.185	-147.2800
19500.000000	71.094	143.7609
19750.000000	67.432	66.0647
20000.000000	64.178	-15.1393
