* Measurement data measured by REW V5.31.3
* Source: USB-C to 3.5mm Headphone Jack Adapter, no input selected, 0, volume: no control
* Format: 256k Log Swept Sine, 4 sweeps at -12.0 dBFS with no timing reference
* Dated: Apr 4, 2026 6:02:06 PM
* REW Settings:
*  C-weighting compensation: Off
*  Target level: 75.0 dB
* Note: ; 
* Measurement: Crinear Daybreak AzlaL L
* Smoothing: 1/24 octave
* Frequency Step: 1/48 octave
* Start Frequency: 20.300 Hz
*
* Freq(Hz)	SPL(dB)	Phase(degrees)
20.299999	102.110	-171.1978
20.600000	102.102	-171.7361
20.900000	102.089	-172.3136
21.200001	102.072	-172.8842
21.400000	102.060	-173.2581
21.799999	102.040	-173.9903
22.000000	102.032	-174.3489
22.400000	102.019	-175.0537
22.700001	102.013	-175.5746
23.000000	102.006	-176.0922
23.299999	101.999	-176.6083
23.600000	101.989	-177.1230
24.000000	101.972	-177.8019
24.299999	101.955	-178.2991
24.700001	101.929	-178.9358
25.000000	101.910	-179.3904
25.400000	101.887	-179.9706
25.799999	101.870	179.4635
26.200001	101.857	178.8937
26.500000	101.847	178.4590
26.900000	101.831	177.8772
27.200001	101.814	177.4506
27.600000	101.787	176.9116
28.000000	101.759	176.4113
28.500000	101.725	175.8153
29.000000	101.696	175.2009
29.500000	101.667	174.5397
30.000000	101.633	173.8564
30.400000	101.603	173.3281
30.700001	101.580	172.9549
31.100000	101.552	172.4887
31.500000	101.527	172.0474
32.000000	101.497	171.5087
32.500000	101.465	170.9722
33.000000	101.429	170.4409
33.500000	101.390	169.9174
34.000000	101.352	169.3962
34.500000	101.317	168.8739
35.000000	101.282	168.3610
35.500000	101.246	167.8757
36.000000	101.211	167.4255
36.500000	101.175	166.9968
37.000000	101.139	166.5649
37.500000	101.100	166.1145
38.200001	101.041	165.4684
38.700001	100.998	165.0238
39.500000	100.938	164.3547
40.000000	100.903	163.9405
40.599998	100.856	163.4348
41.200001	100.799	162.9439
41.799999	100.738	162.4904
42.500000	100.674	161.9829
43.099998	100.627	161.5338
43.700001	100.581	161.0852
44.400002	100.525	160.6055
45.000000	100.477	160.2283
45.500000	100.435	159.9167
46.200001	100.371	159.4754
46.799999	100.313	159.1091
47.500000	100.250	158.7002
48.200001	100.193	158.2861
48.700001	100.152	157.9809
49.400002	100.091	157.5557
50.000000	100.036	157.2074
50.799999	99.963	156.7679
51.500000	99.902	156.4030
52.200001	99.841	156.0621
53.000000	99.769	155.6894
53.799999	99.694	155.3044
54.500000	99.629	154.9726
55.200001	99.569	154.6717
56.000000	99.505	154.3503
57.000000	99.405	154.0055
58.000000	99.298	153.7318
59.000000	99.210	153.2968
60.000000	99.124	152.7705
60.799999	99.057	152.4426
61.500000	99.000	152.2034
62.200001	98.940	151.9829
63.000000	98.869	151.7534
64.000000	98.782	151.4798
65.000000	98.694	151.2147
66.000000	98.607	150.9370
67.000000	98.519	150.6426
68.000000	98.434	150.3977
69.000000	98.354	150.1941
70.000000	98.273	149.9804
71.000000	98.184	149.7650
72.000000	98.097	149.5594
73.000000	98.014	149.3770
74.000000	97.933	149.2371
75.000000	97.852	149.1077
76.199997	97.753	148.9354
77.500000	97.646	148.7543
78.800003	97.542	148.5959
80.000000	97.446	148.4553
81.199997	97.352	148.3585
82.500000	97.251	148.2879
83.800003	97.147	148.1995
85.000000	97.057	148.1287
86.199997	96.967	148.1053
87.500000	96.867	148.0941
88.500000	96.791	148.0460
90.000000	96.679	148.0201
91.199997	96.591	148.0199
92.500000	96.501	147.9932
93.800003	96.419	148.0421
95.000000	96.341	148.1162
96.199997	96.257	148.1677
97.500000	96.167	148.2724
98.800003	96.071	148.4529
100.000000	95.986	148.5590
101.500000	95.901	148.4775
103.000000	95.822	148.5122
104.400002	95.741	148.6406
106.000000	95.646	148.7702
107.500000	95.558	148.9431
109.000000	95.475	149.0801
110.599998	95.382	149.2410
112.000000	95.299	149.3920
113.800003	95.192	149.6201
115.000000	95.119	149.7911
117.199997	95.004	150.1677
118.000000	94.974	150.2498
120.599998	94.874	150.5118
122.000000	94.824	150.7079
124.099998	94.737	151.0098
125.000000	94.696	151.1467
126.500000	94.634	151.3892
128.000000	94.579	151.6021
131.500000	94.415	152.1876
132.000000	94.396	152.2659
134.000000	94.341	152.6130
136.000000	94.281	152.9337
138.000000	94.217	153.1757
140.000000	94.160	153.4808
143.000000	94.075	153.9268
145.000000	94.014	154.2529
147.500000	93.947	154.4967
150.000000	93.872	154.8353
152.500000	93.791	155.2173
155.000000	93.732	155.6907
157.500000	93.670	156.1240
160.000000	93.605	156.4992
162.500000	93.546	156.9061
165.000000	93.499	157.2661
167.500000	93.455	157.6220
170.000000	93.404	157.9903
172.500000	93.355	158.2790
175.000000	93.312	158.5529
177.500000	93.273	159.0006
180.000000	93.231	159.3933
182.500000	93.187	159.7972
185.000000	93.151	160.2287
187.500000	93.122	160.6287
190.000000	93.101	161.0081
192.500000	93.080	161.3097
195.000000	93.059	161.5620
197.500000	93.044	161.7904
200.000000	93.025	162.0264
203.000000	92.985	162.4420
206.000000	92.954	162.8445
209.000000	92.932	163.2134
212.000000	92.905	163.5447
214.000000	92.885	163.7661
218.000000	92.855	164.2310
220.000000	92.844	164.4504
224.000000	92.826	164.8370
227.000000	92.811	165.1025
230.000000	92.791	165.3771
233.000000	92.771	165.6518
236.000000	92.753	165.9256
240.000000	92.730	166.2645
243.000000	92.714	166.5078
247.000000	92.692	166.8372
250.000000	92.674	167.0962
254.000000	92.655	167.4538
258.000000	92.638	167.7747
262.000000	92.624	168.0795
265.000000	92.615	168.3270
269.000000	92.597	168.6257
272.000000	92.583	168.8354
276.000000	92.568	169.1211
280.000000	92.554	169.4085
285.000000	92.534	169.7803
290.000000	92.521	170.1571
295.000000	92.515	170.4925
300.000000	92.499	170.8076
304.000000	92.485	171.0856
307.000000	92.478	171.2871
311.000000	92.473	171.5154
315.000000	92.468	171.7309
320.000000	92.460	171.9901
325.000000	92.454	172.2234
330.000000	92.446	172.4469
335.000000	92.436	172.6689
340.000000	92.424	172.8931
345.000000	92.410	173.0959
350.000000	92.396	173.2968
355.000000	92.381	173.5198
360.000000	92.366	173.7414
365.000000	92.351	173.9591
370.000000	92.337	174.1815
375.000000	92.323	174.3988
382.000000	92.306	174.7054
387.000000	92.294	174.9188
395.000000	92.274	175.2439
400.000000	92.261	175.4356
406.000000	92.247	175.6459
412.000000	92.231	175.8688
418.000000	92.214	176.0905
425.000000	92.193	176.3457
431.000000	92.176	176.5668
437.000000	92.158	176.7903
444.000000	92.136	177.0566
450.000000	92.118	177.2870
455.000000	92.103	177.4700
462.000000	92.083	177.7262
468.000000	92.066	177.9516
475.000000	92.047	178.2190
482.000000	92.028	178.4768
487.000000	92.014	178.6554
494.000000	91.995	178.8886
500.000000	91.979	179.0837
508.000000	91.956	179.3587
515.000000	91.933	179.5881
522.000000	91.908	179.8231
530.000000	91.878	-179.8919
538.000000	91.850	-179.5948
545.000000	91.825	-179.3239
552.000000	91.800	-179.0658
560.000000	91.772	-178.7908
570.000000	91.734	-178.4250
580.000000	91.696	-178.0466
590.000000	91.658	-177.6571
600.000000	91.619	-177.2562
608.000000	91.588	-176.9263
615.000000	91.560	-176.6286
622.000000	91.532	-176.3255
630.000000	91.500	-175.9740
640.000000	91.460	-175.5241
650.000000	91.421	-175.0536
660.000000	91.381	-174.5698
670.000000	91.342	-174.0698
680.000000	91.305	-173.5557
690.000000	91.269	-173.0229
700.000000	91.235	-172.4782
710.000000	91.201	-171.9342
720.000000	91.169	-171.3810
730.000000	91.138	-170.8140
740.000000	91.108	-170.2268
750.000000	91.077	-169.6267
762.000000	91.043	-168.8960
775.000000	91.009	-168.0716
788.000000	90.978	-167.2112
800.000000	90.953	-166.3946
812.000000	90.932	-165.5616
825.000000	90.915	-164.6335
838.000000	90.902	-163.6809
850.000000	90.897	-162.7848
862.000000	90.898	-161.8826
875.000000	90.906	-160.8957
885.000000	90.916	-160.1311
900.000000	90.939	-158.9814
912.000000	90.965	-158.0635
925.000000	90.999	-157.0765
938.000000	91.040	-156.0958
950.000000	91.084	-155.2070
962.000000	91.135	-154.3399
975.000000	91.197	-153.4245
988.000000	91.264	-152.5325
1000.000000	91.330	-151.7341
1015.000000	91.420	-150.7742
1030.000000	91.516	-149.8688
1044.000000	91.610	-149.0696
1060.000000	91.721	-148.2101
1075.000000	91.828	-147.4608
1090.000000	91.937	-146.7657
1106.000000	92.054	-146.0796
1120.000000	92.157	-145.5257
1138.000000	92.288	-144.8732
1150.000000	92.374	-144.4717
1172.000000	92.531	-143.8084
1180.000000	92.587	-143.5895
1206.000000	92.761	-142.9294
1220.000000	92.852	-142.6034
1241.000000	92.983	-142.1636
1250.000000	93.037	-141.9853
1265.000000	93.125	-141.6926
1280.000000	93.211	-141.4124
1315.000000	93.400	-140.8075
1320.000000	93.426	-140.7244
1340.000000	93.527	-140.3959
1360.000000	93.624	-140.0688
1380.000000	93.719	-139.7453
1400.000000	93.811	-139.4252
1430.000000	93.946	-138.9459
1450.000000	94.033	-138.6243
1475.000000	94.140	-138.2220
1500.000000	94.247	-137.8163
1525.000000	94.352	-137.4018
1550.000000	94.458	-136.9863
1575.000000	94.565	-136.5757
1600.000000	94.672	-136.1593
1625.000000	94.781	-135.7447
1650.000000	94.892	-135.3347
1675.000000	95.004	-134.9305
1700.000000	95.117	-134.5371
1725.000000	95.233	-134.1534
1750.000000	95.349	-133.7796
1775.000000	95.467	-133.4194
1800.000000	95.587	-133.0695
1825.000000	95.708	-132.7301
1850.000000	95.831	-132.4018
1875.000000	95.956	-132.0877
1900.000000	96.082	-131.7871
1925.000000	96.211	-131.5009
1950.000000	96.342	-131.2284
1975.000000	96.475	-130.9706
2000.000000	96.610	-130.7329
2030.000000	96.776	-130.4765
2060.000000	96.946	-130.2502
2090.000000	97.118	-130.0594
2120.000000	97.295	-129.9083
2140.000000	97.414	-129.8315
2180.000000	97.656	-129.7398
2200.000000	97.779	-129.7265
2240.000000	98.028	-129.7699
2270.000000	98.217	-129.8667
2300.000000	98.407	-130.0228
2330.000000	98.598	-130.2410
2360.000000	98.789	-130.5229
2400.000000	99.043	-131.0023
2430.000000	99.232	-131.4429
2470.000000	99.480	-132.1420
2500.000000	99.661	-132.7527
2540.000000	99.896	-133.6815
2580.000000	100.121	-134.7380
2620.000000	100.333	-135.9192
2650.000000	100.481	-136.8835
2690.000000	100.663	-138.2659
2720.000000	100.787	-139.3689
2760.000000	100.933	-140.9159
2800.000000	101.055	-142.5327
2850.000000	101.172	-144.6257
2900.000000	101.249	-146.7571
2950.000000	101.285	-148.8828
3000.000000	101.283	-150.9601
3040.000000	101.254	-152.5616
3070.000000	101.219	-153.7166
3110.000000	101.156	-155.1848
3150.000000	101.076	-156.5623
3200.000000	100.957	-158.1463
3250.000000	100.820	-159.5691
3300.000000	100.670	-160.8275
3350.000000	100.512	-161.9207
3400.000000	100.348	-162.8486
3450.000000	100.183	-163.6155
3500.000000	100.020	-164.2248
3550.000000	99.864	-164.6810
3600.000000	99.720	-165.0039
3650.000000	99.592	-165.2316
3700.000000	99.483	-165.4175
3750.000000	99.389	-165.6132
3820.000000	99.271	-165.9443
3870.000000	99.191	-166.2118
3950.000000	99.063	-166.6516
4000.000000	98.987	-166.9278
4060.000000	98.898	-167.2778
4120.000000	98.811	-167.6689
4180.000000	98.722	-168.1110
4250.000000	98.610	-168.6894
4310.000000	98.502	-169.2248
4370.000000	98.380	-169.7705
4440.000000	98.219	-170.3826
4500.000000	98.066	-170.8539
4550.000000	97.929	-171.1885
4620.000000	97.727	-171.5457
4680.000000	97.548	-171.7373
4750.000000	97.340	-171.8314
4820.000000	97.138	-171.8091
4870.000000	96.998	-171.7426
4940.000000	96.811	-171.6134
5000.000000	96.655	-171.4931
5080.000000	96.446	-171.3272
5150.000000	96.255	-171.1463
5220.000000	96.057	-170.8734
5300.000000	95.831	-170.3923
5380.000000	95.619	-169.7447
5450.000000	95.452	-169.1064
5520.000000	95.299	-168.4550
5600.000000	95.135	-167.7218
5700.000000	94.938	-166.8010
5800.000000	94.743	-165.8120
5900.000000	94.555	-164.6966
6000.000000	94.383	-163.4200
6080.000000	94.263	-162.2810
6150.000000	94.175	-161.2073
6220.000000	94.105	-160.0726
6300.000000	94.051	-158.7161
6400.000000	94.029	-156.9647
6500.000000	94.062	-155.1992
6600.000000	94.158	-153.4817
6700.000000	94.320	-151.8914
6800.000000	94.553	-150.5243
6900.000000	94.858	-149.4859
7000.000000	95.237	-148.9029
7100.000000	95.689	-148.9391
7200.000000	96.204	-149.8292
7300.000000	96.753	-151.8528
7400.000000	97.280	-155.2472
7500.000000	97.704	-160.0804
7620.000000	97.949	-167.4774
7750.000000	97.756	-176.4274
7880.000000	97.061	175.2839
8000.000000	96.078	169.4135
8120.000000	94.917	165.7452
8250.000000	93.614	164.2202
8380.000000	92.376	164.9604
8500.000000	91.372	167.4474
8620.000000	90.614	171.3116
8750.000000	90.156	175.3901
8850.000000	89.911	177.4327
9000.000000	89.469	-179.7202
9120.000000	89.154	-176.7066
9250.000000	88.959	-173.0705
9380.000000	88.930	-169.5447
9500.000000	89.038	-166.6846
9620.000000	89.256	-164.4290
9750.000000	89.583	-162.8847
9880.000000	89.957	-162.4256
10000.000000	90.294	-162.9708
10150.000000	90.638	-164.7278
10300.000000	90.863	-167.2148
10440.000000	90.975	-169.7664
10600.000000	91.045	-172.7234
10750.000000	91.104	-175.6729
10900.000000	91.158	-179.1025
11060.000000	91.167	176.5203
11200.000000	91.089	172.1577
11380.000000	90.827	166.1615
11500.000000	90.545	162.1708
11720.000000	89.825	155.5011
11800.000000	89.515	153.4317
12060.000000	88.460	148.4131
12200.000000	87.939	146.7703
12410.000000	87.331	145.3333
12500.000000	87.153	144.9493
12650.000000	86.981	144.4117
12800.000000	86.973	143.7836
13150.000000	87.604	140.4238
13200.000000	87.764	139.5638
13400.000000	88.533	134.7406
13600.000000	89.411	127.2724
13800.000000	90.218	116.9794
14000.000000	90.771	104.4036
14300.000000	90.971	83.6566
14500.000000	90.765	69.9268
14750.000000	90.333	53.3979
15000.000000	89.832	37.0880
15250.000000	89.275	20.6836
15500.000000	88.752	4.0632
15750.000000	88.344	-14.0389
16000.000000	87.779	-34.4461
16250.000000	86.794	-55.5051
16500.000000	85.622	-75.3381
16750.000000	84.802	-94.7181
17000.000000	84.580	-116.7791
17250.000000	84.631	-143.9761
17500.000000	84.509	-176.4972
17750.000000	83.993	146.4376
18000.000000	82.937	105.6383
18250.000000	81.222	62.3123
18500.000000	78.945	17.6108
18750.000000	76.488	-28.8547
19000.000000	74.124	-79.1802
19250.000000	71.673	-135.0759
19500.000000	68.817	162.8420
19750.000000	65.493	92.4750
20000.000000	62.670	19.6273
