* Measurement data measured by REW V5.31.3
* Source: USB-C to 3.5mm Headphone Jack Adapter, no input selected, 0, volume: no control
* Format: 256k Log Swept Sine, 4 sweeps at -12.0 dBFS with no timing reference
* Dated: Apr 4, 2026 6:36:02 PM
* REW Settings:
*  C-weighting compensation: Off
*  Target level: 75.0 dB
* Note: ; 
* Measurement: Crinear Daybreak P03 R
* Smoothing: 1/24 octave
* Frequency Step: 1/48 octave
* Start Frequency: 20.300 Hz
*
* Freq(Hz)	SPL(dB)	Phase(degrees)
20.299999	101.895	-164.4152
20.600000	101.894	-164.9402
20.900000	101.889	-165.4948
21.200001	101.883	-166.0488
21.400000	101.880	-166.4233
21.799999	101.875	-167.1942
22.000000	101.873	-167.5911
22.400000	101.872	-168.3990
22.700001	101.871	-169.0067
23.000000	101.871	-169.6061
23.299999	101.871	-170.1900
23.600000	101.869	-170.7529
24.000000	101.864	-171.4638
24.299999	101.858	-171.9658
24.700001	101.849	-172.6001
25.000000	101.841	-173.0600
25.400000	101.831	-173.6711
25.799999	101.818	-174.2930
26.200001	101.804	-174.9234
26.500000	101.793	-175.3926
26.900000	101.779	-176.0031
27.200001	101.773	-176.4508
27.600000	101.770	-177.0484
28.000000	101.770	-177.6640
28.500000	101.765	-178.4580
29.000000	101.745	-179.2321
29.500000	101.713	-179.9284
30.000000	101.678	179.4593
30.400000	101.653	178.9989
30.700001	101.637	178.6526
31.100000	101.617	178.1805
31.500000	101.597	177.7002
32.000000	101.572	177.1041
32.500000	101.547	176.5206
33.000000	101.522	175.9445
33.500000	101.495	175.3728
34.000000	101.466	174.8131
34.500000	101.435	174.2714
35.000000	101.406	173.7440
35.500000	101.378	173.2245
36.000000	101.351	172.7126
36.500000	101.323	172.2128
37.000000	101.293	171.7256
37.500000	101.260	171.2437
38.200001	101.209	170.5634
38.700001	101.172	170.0762
39.500000	101.116	169.3268
40.000000	101.085	168.8891
40.599998	101.052	168.3819
41.200001	101.015	167.8716
41.799999	100.968	167.3563
42.500000	100.907	166.7775
43.099998	100.859	166.3135
43.700001	100.821	165.8640
44.400002	100.782	165.3303
45.000000	100.740	164.8651
45.500000	100.696	164.4891
46.200001	100.631	164.0084
46.799999	100.587	163.6311
47.500000	100.547	163.1934
48.200001	100.497	162.7889
48.700001	100.449	162.5651
49.400002	100.380	162.2906
50.000000	100.332	161.9348
50.799999	100.270	161.2109
51.500000	100.206	160.6225
52.200001	100.152	160.2867
53.000000	100.111	160.0049
53.799999	100.057	159.5822
54.500000	99.995	159.1363
55.200001	99.934	158.6951
56.000000	99.867	158.2505
57.000000	99.780	157.8808
58.000000	99.708	157.5393
59.000000	99.642	156.9677
60.000000	99.554	156.3934
60.799999	99.477	156.0676
61.500000	99.410	155.8577
62.200001	99.349	155.6920
63.000000	99.298	155.4767
64.000000	99.237	155.0440
65.000000	99.148	154.6223
66.000000	99.064	154.3331
67.000000	98.995	154.0117
68.000000	98.920	153.7026
69.000000	98.839	153.4574
70.000000	98.757	153.1905
71.000000	98.676	152.8744
72.000000	98.600	152.5694
73.000000	98.527	152.3295
74.000000	98.451	152.1447
75.000000	98.371	151.9544
76.199997	98.275	151.6833
77.500000	98.178	151.4293
78.800003	98.084	151.2151
80.000000	97.987	151.0299
81.199997	97.895	150.8608
82.500000	97.800	150.6981
83.800003	97.699	150.5795
85.000000	97.616	150.4550
86.199997	97.542	150.2905
87.500000	97.443	150.1330
88.500000	97.363	150.0652
90.000000	97.271	149.9251
91.199997	97.188	149.8275
92.500000	97.077	149.8045
93.800003	96.977	149.7482
95.000000	96.889	149.6478
96.199997	96.801	149.7003
97.500000	96.725	150.0536
98.800003	96.693	150.4722
100.000000	96.677	150.5057
101.500000	96.589	150.4832
103.000000	96.495	150.4318
104.400002	96.446	149.8249
106.000000	96.419	148.8879
107.500000	96.348	148.3797
109.000000	96.178	148.9762
110.599998	95.993	149.9298
112.000000	95.896	150.2243
113.800003	95.829	150.3145
115.000000	95.777	150.4424
117.199997	95.663	150.5131
118.000000	95.619	150.4997
120.599998	95.479	150.7648
122.000000	95.404	150.9683
124.099998	95.293	151.2208
125.000000	95.245	151.2948
126.500000	95.168	151.4182
128.000000	95.097	151.6109
131.500000	94.965	152.3218
132.000000	94.950	152.4375
134.000000	94.896	152.8262
136.000000	94.839	153.0771
138.000000	94.789	153.3268
140.000000	94.740	153.5646
143.000000	94.673	153.6461
145.000000	94.607	153.8213
147.500000	94.510	154.2186
150.000000	94.409	154.5627
152.500000	94.340	154.7205
155.000000	94.282	154.9139
157.500000	94.225	155.2045
160.000000	94.158	155.4847
162.500000	94.093	155.7857
165.000000	94.024	156.0681
167.500000	93.961	156.4189
170.000000	93.909	156.7460
172.500000	93.848	156.9798
175.000000	93.794	157.2953
177.500000	93.741	157.7195
180.000000	93.693	158.0847
182.500000	93.654	158.4269
185.000000	93.619	158.7162
187.500000	93.580	159.0138
190.000000	93.544	159.3352
192.500000	93.514	159.6537
195.000000	93.484	159.9534
197.500000	93.454	160.2249
200.000000	93.424	160.4816
203.000000	93.389	160.7853
206.000000	93.353	161.0751
209.000000	93.317	161.3525
212.000000	93.281	161.6533
214.000000	93.258	161.8575
218.000000	93.218	162.2274
220.000000	93.198	162.3988
224.000000	93.159	162.7698
227.000000	93.130	163.0463
230.000000	93.100	163.3179
233.000000	93.075	163.5940
236.000000	93.052	163.8568
240.000000	93.017	164.1983
243.000000	92.992	164.4337
247.000000	92.962	164.7784
250.000000	92.942	165.0398
254.000000	92.910	165.3688
258.000000	92.885	165.6738
262.000000	92.864	165.9718
265.000000	92.844	166.1664
269.000000	92.818	166.4344
272.000000	92.798	166.6553
276.000000	92.775	166.9746
280.000000	92.756	167.2777
285.000000	92.733	167.6279
290.000000	92.707	167.9639
295.000000	92.682	168.2769
300.000000	92.660	168.6142
304.000000	92.640	168.8391
307.000000	92.626	169.0219
311.000000	92.612	169.2794
315.000000	92.598	169.5114
320.000000	92.579	169.7900
325.000000	92.563	170.0711
330.000000	92.547	170.3442
335.000000	92.528	170.6271
340.000000	92.509	170.9037
345.000000	92.488	171.1644
350.000000	92.469	171.4341
355.000000	92.456	171.6535
360.000000	92.442	171.8859
365.000000	92.424	172.1016
370.000000	92.407	172.3023
375.000000	92.391	172.5187
382.000000	92.366	172.8179
387.000000	92.348	173.0294
395.000000	92.320	173.3741
400.000000	92.303	173.5839
406.000000	92.285	173.8478
412.000000	92.267	174.0975
418.000000	92.249	174.3361
425.000000	92.227	174.5942
431.000000	92.206	174.8064
437.000000	92.184	175.0206
444.000000	92.159	175.2832
450.000000	92.137	175.5014
455.000000	92.116	175.6691
462.000000	92.085	175.9179
468.000000	92.061	176.1421
475.000000	92.033	176.4023
482.000000	92.004	176.6692
487.000000	91.983	176.8602
494.000000	91.954	177.1269
500.000000	91.930	177.3546
508.000000	91.896	177.6602
515.000000	91.865	177.9318
522.000000	91.834	178.2103
530.000000	91.799	178.5388
538.000000	91.762	178.8740
545.000000	91.730	179.1747
552.000000	91.698	179.4788
560.000000	91.662	179.8344
570.000000	91.618	-179.7012
580.000000	91.574	-179.2271
590.000000	91.531	-178.7366
600.000000	91.489	-178.2225
608.000000	91.456	-177.7963
615.000000	91.429	-177.4150
622.000000	91.403	-177.0234
630.000000	91.377	-176.5632
640.000000	91.347	-175.9735
650.000000	91.324	-175.3793
660.000000	91.309	-174.7934
670.000000	91.299	-174.2357
680.000000	91.293	-173.7213
690.000000	91.289	-173.2601
700.000000	91.283	-172.8583
710.000000	91.270	-172.5050
720.000000	91.249	-172.1764
730.000000	91.217	-171.8356
740.000000	91.176	-171.4579
750.000000	91.130	-171.0227
762.000000	91.071	-170.4142
775.000000	91.009	-169.6665
788.000000	90.953	-168.8393
800.000000	90.908	-168.0200
812.000000	90.869	-167.1492
825.000000	90.835	-166.1732
838.000000	90.809	-165.1720
850.000000	90.793	-164.2258
862.000000	90.786	-163.2769
875.000000	90.785	-162.2354
885.000000	90.791	-161.4299
900.000000	90.809	-160.2273
912.000000	90.831	-159.2641
925.000000	90.862	-158.2287
938.000000	90.901	-157.2136
950.000000	90.944	-156.2917
962.000000	90.993	-155.3794
975.000000	91.052	-154.4180
988.000000	91.118	-153.4924
1000.000000	91.184	-152.6718
1015.000000	91.273	-151.6853
1030.000000	91.367	-150.7431
1044.000000	91.460	-149.9117
1060.000000	91.571	-149.0204
1075.000000	91.678	-148.2414
1090.000000	91.786	-147.5145
1106.000000	91.903	-146.7965
1120.000000	92.008	-146.2195
1138.000000	92.141	-145.5419
1150.000000	92.229	-145.1268
1172.000000	92.387	-144.4435
1180.000000	92.443	-144.2145
1206.000000	92.620	-143.5370
1220.000000	92.713	-143.2088
1241.000000	92.847	-142.7624
1250.000000	92.903	-142.5837
1265.000000	92.991	-142.2927
1280.000000	93.076	-142.0164
1315.000000	93.265	-141.4156
1320.000000	93.291	-141.3327
1340.000000	93.392	-141.0077
1360.000000	93.489	-140.6929
1380.000000	93.582	-140.3857
1400.000000	93.673	-140.0801
1430.000000	93.803	-139.6086
1450.000000	93.888	-139.2902
1475.000000	93.991	-138.8930
1500.000000	94.094	-138.4871
1525.000000	94.195	-138.0733
1550.000000	94.296	-137.6535
1575.000000	94.398	-137.2287
1600.000000	94.501	-136.8015
1625.000000	94.604	-136.3705
1650.000000	94.709	-135.9402
1675.000000	94.817	-135.5147
1700.000000	94.927	-135.0950
1725.000000	95.040	-134.6834
1750.000000	95.154	-134.2829
1775.000000	95.270	-133.8952
1800.000000	95.387	-133.5193
1825.000000	95.507	-133.1561
1850.000000	95.628	-132.8086
1875.000000	95.752	-132.4780
1900.000000	95.877	-132.1651
1925.000000	96.003	-131.8698
1950.000000	96.131	-131.5890
1975.000000	96.260	-131.3207
2000.000000	96.390	-131.0676
2030.000000	96.550	-130.7834
2060.000000	96.713	-130.5245
2090.000000	96.880	-130.2968
2120.000000	97.050	-130.1020
2140.000000	97.165	-129.9911
2180.000000	97.400	-129.8253
2200.000000	97.519	-129.7691
2240.000000	97.763	-129.7188
2270.000000	97.948	-129.7429
2300.000000	98.135	-129.8232
2330.000000	98.323	-129.9605
2360.000000	98.513	-130.1571
2400.000000	98.766	-130.5171
2430.000000	98.955	-130.8638
2470.000000	99.206	-131.4315
2500.000000	99.391	-131.9379
2540.000000	99.633	-132.7224
2580.000000	99.867	-133.6357
2620.000000	100.091	-134.6735
2650.000000	100.251	-135.5276
2690.000000	100.453	-136.7657
2720.000000	100.593	-137.7724
2760.000000	100.763	-139.2043
2800.000000	100.911	-140.7144
2850.000000	101.065	-142.6790
2900.000000	101.185	-144.6979
2950.000000	101.273	-146.7503
3000.000000	101.329	-148.8259
3040.000000	101.349	-150.4963
3070.000000	101.349	-151.7457
3110.000000	101.329	-153.3904
3150.000000	101.284	-154.9852
3200.000000	101.199	-156.8701
3250.000000	101.085	-158.6017
3300.000000	100.950	-160.1574
3350.000000	100.801	-161.5298
3400.000000	100.643	-162.7225
3450.000000	100.483	-163.7530
3500.000000	100.324	-164.6440
3550.000000	100.168	-165.4185
3600.000000	100.015	-166.0930
3650.000000	99.866	-166.6796
3700.000000	99.721	-167.1865
3750.000000	99.582	-167.6262
3820.000000	99.395	-168.1471
3870.000000	99.269	-168.4668
3950.000000	99.079	-168.9222
4000.000000	98.967	-169.1869
4060.000000	98.836	-169.5006
4120.000000	98.709	-169.8204
4180.000000	98.583	-170.1558
4250.000000	98.431	-170.5695
4310.000000	98.294	-170.9348
4370.000000	98.148	-171.2924
4440.000000	97.965	-171.6684
4500.000000	97.797	-171.9252
4550.000000	97.651	-172.0753
4620.000000	97.441	-172.1685
4680.000000	97.261	-172.1338
4750.000000	97.055	-171.9643
4820.000000	96.861	-171.6802
4870.000000	96.732	-171.4262
4940.000000	96.564	-171.0290
5000.000000	96.433	-170.6762
5080.000000	96.271	-170.2260
5150.000000	96.139	-169.8696
5220.000000	96.013	-169.5571
5300.000000	95.869	-169.2542
5380.000000	95.722	-169.0032
5450.000000	95.588	-168.8118
5520.000000	95.445	-168.6291
5600.000000	95.271	-168.4026
5700.000000	95.035	-168.0326
5800.000000	94.781	-167.4882
5900.000000	94.520	-166.7030
6000.000000	94.265	-165.6415
6080.000000	94.074	-164.5957
6150.000000	93.924	-163.5512
6220.000000	93.790	-162.4030
6300.000000	93.663	-160.9872
6400.000000	93.545	-159.0952
6500.000000	93.478	-157.1079
6600.000000	93.468	-155.0713
6700.000000	93.518	-153.0368
6800.000000	93.634	-151.0622
6900.000000	93.822	-149.2226
7000.000000	94.087	-147.6068
7100.000000	94.433	-146.3335
7200.000000	94.862	-145.5715
7300.000000	95.364	-145.5271
7400.000000	95.916	-146.4033
7500.000000	96.486	-148.3186
7620.000000	97.156	-152.2098
7750.000000	97.726	-158.7715
7880.000000	97.921	-167.2661
8000.000000	97.656	-175.5960
8120.000000	96.975	176.9618
8250.000000	95.905	171.0276
8380.000000	94.676	167.7382
8500.000000	93.546	166.8966
8620.000000	92.512	167.8000
8750.000000	91.571	170.2687
8850.000000	91.008	172.8199
9000.000000	90.420	176.7786
9120.000000	90.089	179.6094
9250.000000	89.795	-177.4148
9380.000000	89.584	-174.2113
9500.000000	89.503	-171.1049
9620.000000	89.553	-168.0673
9750.000000	89.764	-165.1409
9880.000000	90.128	-162.9500
10000.000000	90.574	-161.8874
10150.000000	91.213	-162.2150
10300.000000	91.835	-164.5482
10440.000000	92.292	-168.3346
10600.000000	92.581	-173.8908
10750.000000	92.612	-179.5176
10900.000000	92.461	174.9957
11060.000000	92.166	169.5072
11200.000000	91.835	164.9737
11380.000000	91.328	159.3885
11500.000000	90.933	155.7988
11720.000000	90.077	149.7497
11800.000000	89.728	147.8430
12060.000000	88.543	143.1978
12200.000000	87.944	141.6997
12410.000000	87.195	140.5019
12500.000000	86.945	140.2685
12650.000000	86.643	140.0888
12800.000000	86.496	139.9897
13150.000000	86.810	138.8147
13200.000000	86.930	138.4049
13400.000000	87.587	135.7830
13600.000000	88.475	131.1000
13800.000000	89.487	123.8209
14000.000000	90.463	113.7898
14300.000000	91.542	94.5307
14500.000000	91.890	80.1328
14750.000000	91.984	61.9305
15000.000000	91.914	43.9103
15250.000000	91.811	25.4969
15500.000000	91.704	5.9993
15750.000000	91.561	-15.3190
16000.000000	91.208	-38.9292
16250.000000	90.413	-63.8849
16500.000000	89.260	-88.6465
16750.000000	88.037	-113.3274
17000.000000	86.837	-138.8884
17250.000000	85.664	-165.8287
17500.000000	84.603	165.1606
17750.000000	83.715	132.8864
18000.000000	82.926	96.0800
18250.000000	81.993	54.0408
18500.000000	80.631	7.0638
18750.000000	78.700	-44.0020
19000.000000	76.279	-98.8218
19250.000000	73.479	-158.0273
19500.000000	70.247	137.4771
19750.000000	66.583	65.1567
20000.000000	63.472	-9.6260
