* Measurement data measured by REW V5.31.3
* Source: USB-C to 3.5mm Headphone Jack Adapter, no input selected, 0, volume: no control
* Format: 256k Log Swept Sine, 4 sweeps at -12.0 dBFS with no timing reference
* Dated: Mar 28, 2026 7:20:08 PM
* REW Settings:
*  C-weighting compensation: Off
*  Target level: 75.0 dB
* Note: ; 
* Measurement: Crinear Daybreak R
* Smoothing: 1/24 octave
* Frequency Step: 1/48 octave
* Start Frequency: 20.300 Hz
*
* Freq(Hz)	SPL(dB)	Phase(degrees)
20.299999	102.255	-164.7320
20.600000	102.256	-165.3310
20.900000	102.251	-165.9620
21.200001	102.243	-166.5737
21.400000	102.238	-166.9717
21.799999	102.233	-167.7566
22.000000	102.232	-168.1480
22.400000	102.232	-168.9317
22.700001	102.231	-169.5140
23.000000	102.228	-170.0821
23.299999	102.222	-170.6279
23.600000	102.215	-171.1487
24.000000	102.204	-171.8119
24.299999	102.197	-172.2988
24.700001	102.188	-172.9551
25.000000	102.181	-173.4612
25.400000	102.169	-174.1524
25.799999	102.154	-174.8443
26.200001	102.135	-175.5119
26.500000	102.121	-175.9863
26.900000	102.103	-176.5829
27.200001	102.092	-177.0098
27.600000	102.080	-177.5656
28.000000	102.069	-178.1183
28.500000	102.055	-178.8119
29.000000	102.039	-179.5037
29.500000	102.020	179.8141
30.000000	101.998	179.1472
30.400000	101.978	178.6285
30.700001	101.963	178.2501
31.100000	101.941	177.7600
31.500000	101.919	177.2823
32.000000	101.892	176.6891
32.500000	101.867	176.0862
33.000000	101.840	175.4728
33.500000	101.810	174.8674
34.000000	101.778	174.2936
34.500000	101.746	173.7609
35.000000	101.715	173.2550
35.500000	101.685	172.7514
36.000000	101.653	172.2359
36.500000	101.619	171.7141
37.000000	101.584	171.1985
37.500000	101.552	170.6924
38.200001	101.512	169.9921
38.700001	101.482	169.5041
39.500000	101.427	168.7802
40.000000	101.389	168.3621
40.599998	101.339	167.8704
41.200001	101.288	167.3771
41.799999	101.238	166.8856
42.500000	101.188	166.3091
43.099998	101.146	165.8137
43.700001	101.102	165.3457
44.400002	101.049	164.8562
45.000000	101.008	164.4488
45.500000	100.976	164.0888
46.200001	100.927	163.5620
46.799999	100.882	163.1280
47.500000	100.825	162.6690
48.200001	100.765	162.2506
48.700001	100.721	161.9598
49.400002	100.662	161.5345
50.000000	100.614	161.1423
50.799999	100.551	160.6191
51.500000	100.497	160.2028
52.200001	100.445	159.8177
53.000000	100.382	159.3834
53.799999	100.315	158.9524
54.500000	100.254	158.5856
55.200001	100.194	158.2288
56.000000	100.128	157.8263
57.000000	100.050	157.3274
58.000000	99.973	156.8739
59.000000	99.890	156.4823
60.000000	99.802	156.0616
60.799999	99.732	155.6829
61.500000	99.673	155.3654
62.200001	99.619	155.0957
63.000000	99.557	154.8451
64.000000	99.475	154.5582
65.000000	99.390	154.2487
66.000000	99.306	153.9367
67.000000	99.223	153.6381
68.000000	99.142	153.3417
69.000000	99.063	153.0439
70.000000	98.987	152.7505
71.000000	98.909	152.4794
72.000000	98.829	152.2341
73.000000	98.748	152.0009
74.000000	98.664	151.7876
75.000000	98.584	151.5948
76.199997	98.492	151.3540
77.500000	98.389	151.1215
78.800003	98.287	150.9308
80.000000	98.196	150.7582
81.199997	98.107	150.5758
82.500000	98.010	150.3969
83.800003	97.913	150.2556
85.000000	97.824	150.1490
86.199997	97.735	150.0419
87.500000	97.640	149.9389
88.500000	97.570	149.8673
90.000000	97.465	149.7790
91.199997	97.381	149.7287
92.500000	97.292	149.6844
93.800003	97.202	149.6428
95.000000	97.121	149.6169
96.199997	97.042	149.6014
97.500000	96.959	149.5958
98.800003	96.876	149.5961
100.000000	96.801	149.6078
101.500000	96.707	149.6500
103.000000	96.614	149.6969
104.400002	96.530	149.7462
106.000000	96.436	149.8321
107.500000	96.349	149.9220
109.000000	96.264	150.0074
110.599998	96.177	150.1134
112.000000	96.101	150.2186
113.800003	96.006	150.3516
115.000000	95.944	150.4453
117.199997	95.831	150.6461
118.000000	95.791	150.7181
120.599998	95.666	150.9672
122.000000	95.601	151.1289
124.099998	95.506	151.3726
125.000000	95.466	151.4778
126.500000	95.401	151.6521
128.000000	95.338	151.8313
131.500000	95.192	152.2738
132.000000	95.172	152.3356
134.000000	95.093	152.5788
136.000000	95.019	152.8473
138.000000	94.949	153.1254
140.000000	94.880	153.3973
143.000000	94.778	153.8069
145.000000	94.715	154.0805
147.500000	94.642	154.4045
150.000000	94.575	154.7250
152.500000	94.498	155.1285
155.000000	94.428	155.5040
157.500000	94.365	155.8523
160.000000	94.303	156.1968
162.500000	94.244	156.5609
165.000000	94.188	156.9224
167.500000	94.134	157.2667
170.000000	94.084	157.6002
172.500000	94.036	157.9335
175.000000	93.989	158.2719
177.500000	93.946	158.6273
180.000000	93.904	158.9848
182.500000	93.866	159.3250
185.000000	93.829	159.6459
187.500000	93.794	159.9526
190.000000	93.760	160.2537
192.500000	93.727	160.5556
195.000000	93.692	160.8538
197.500000	93.657	161.1303
200.000000	93.624	161.3980
203.000000	93.593	161.7679
206.000000	93.563	162.1297
209.000000	93.533	162.4753
212.000000	93.506	162.8217
214.000000	93.489	163.0468
218.000000	93.456	163.4796
220.000000	93.440	163.6899
224.000000	93.411	164.0867
227.000000	93.391	164.3647
230.000000	93.371	164.6378
233.000000	93.351	164.9032
236.000000	93.332	165.1594
240.000000	93.308	165.4915
243.000000	93.291	165.7512
247.000000	93.267	166.1343
250.000000	93.249	166.4287
254.000000	93.226	166.6704
258.000000	93.205	166.9406
262.000000	93.185	167.2373
265.000000	93.171	167.4568
269.000000	93.154	167.7440
272.000000	93.140	167.9538
276.000000	93.123	168.2247
280.000000	93.106	168.4807
285.000000	93.086	168.7898
290.000000	93.066	169.1015
295.000000	93.046	169.4122
300.000000	93.027	169.7198
304.000000	93.013	169.9457
307.000000	93.002	170.1122
311.000000	92.988	170.3332
315.000000	92.973	170.5477
320.000000	92.956	170.8080
325.000000	92.938	171.0682
330.000000	92.921	171.3253
335.000000	92.905	171.5736
340.000000	92.887	171.8144
345.000000	92.869	172.0507
350.000000	92.851	172.2838
355.000000	92.837	172.5112
360.000000	92.822	172.7360
365.000000	92.806	172.9554
370.000000	92.789	173.1736
375.000000	92.773	173.3845
382.000000	92.751	173.6773
387.000000	92.734	173.8853
395.000000	92.708	174.2167
400.000000	92.692	174.4200
406.000000	92.671	174.6612
412.000000	92.650	174.8968
418.000000	92.629	175.1287
425.000000	92.604	175.3993
431.000000	92.583	175.6317
437.000000	92.560	175.8657
444.000000	92.532	176.1462
450.000000	92.506	176.3881
455.000000	92.490	176.5764
462.000000	92.468	176.8416
468.000000	92.447	177.0735
475.000000	92.421	177.3486
482.000000	92.394	177.6300
487.000000	92.375	177.8302
494.000000	92.349	178.1132
500.000000	92.327	178.3600
508.000000	92.297	178.6787
515.000000	92.270	178.9635
522.000000	92.243	179.2581
530.000000	92.212	179.5970
538.000000	92.179	179.9419
545.000000	92.149	-179.7392
552.000000	92.121	-179.4199
560.000000	92.093	-179.0719
570.000000	92.057	-178.6096
580.000000	92.019	-178.1235
590.000000	91.983	-177.6115
600.000000	91.951	-177.0685
608.000000	91.929	-176.6229
615.000000	91.914	-176.2246
622.000000	91.902	-175.8232
630.000000	91.893	-175.3703
640.000000	91.892	-174.8403
650.000000	91.898	-174.3985
660.000000	91.903	-174.0547
670.000000	91.899	-173.8119
680.000000	91.876	-173.6230
690.000000	91.836	-173.4167
700.000000	91.783	-173.1302
710.000000	91.723	-172.7466
720.000000	91.662	-172.2803
730.000000	91.604	-171.7460
740.000000	91.550	-171.1612
750.000000	91.501	-170.5374
762.000000	91.450	-169.7508
775.000000	91.401	-168.8589
788.000000	91.359	-167.9325
800.000000	91.326	-167.0546
812.000000	91.300	-166.1624
825.000000	91.279	-165.1745
838.000000	91.264	-164.1588
850.000000	91.256	-163.2055
862.000000	91.256	-162.2635
875.000000	91.264	-161.2338
885.000000	91.274	-160.4334
900.000000	91.297	-159.2332
912.000000	91.323	-158.2796
925.000000	91.360	-157.2540
938.000000	91.403	-156.2347
950.000000	91.449	-155.3076
962.000000	91.502	-154.4087
975.000000	91.567	-153.4619
988.000000	91.638	-152.5449
1000.000000	91.707	-151.7229
1015.000000	91.801	-150.7386
1030.000000	91.901	-149.8088
1044.000000	92.000	-148.9852
1060.000000	92.116	-148.1053
1075.000000	92.228	-147.3427
1090.000000	92.342	-146.6346
1106.000000	92.465	-145.9410
1120.000000	92.573	-145.3836
1138.000000	92.710	-144.7267
1150.000000	92.801	-144.3238
1172.000000	92.965	-143.6701
1180.000000	93.023	-143.4529
1206.000000	93.207	-142.8091
1220.000000	93.302	-142.4990
1241.000000	93.439	-142.0661
1250.000000	93.495	-141.8914
1265.000000	93.589	-141.6219
1280.000000	93.679	-141.3734
1315.000000	93.878	-140.8337
1320.000000	93.905	-140.7605
1340.000000	94.011	-140.4786
1360.000000	94.112	-140.1988
1380.000000	94.209	-139.9174
1400.000000	94.303	-139.6414
1430.000000	94.438	-139.2297
1450.000000	94.525	-138.9508
1475.000000	94.633	-138.6034
1500.000000	94.738	-138.2446
1525.000000	94.842	-137.8762
1550.000000	94.945	-137.5039
1575.000000	95.049	-137.1271
1600.000000	95.153	-136.7443
1625.000000	95.258	-136.3585
1650.000000	95.364	-135.9724
1675.000000	95.473	-135.5804
1700.000000	95.583	-135.1934
1725.000000	95.696	-134.8157
1750.000000	95.810	-134.4474
1775.000000	95.928	-134.0903
1800.000000	96.048	-133.7463
1825.000000	96.170	-133.4212
1850.000000	96.293	-133.1137
1875.000000	96.419	-132.8226
1900.000000	96.545	-132.5476
1925.000000	96.674	-132.2892
1950.000000	96.804	-132.0473
1975.000000	96.935	-131.8244
2000.000000	97.068	-131.6185
2030.000000	97.229	-131.3936
2060.000000	97.394	-131.1956
2090.000000	97.562	-131.0271
2120.000000	97.733	-130.8901
2140.000000	97.849	-130.8193
2180.000000	98.086	-130.7342
2200.000000	98.207	-130.7209
2240.000000	98.451	-130.7627
2270.000000	98.637	-130.8604
2300.000000	98.824	-131.0168
2330.000000	99.012	-131.2320
2360.000000	99.200	-131.5064
2400.000000	99.452	-131.9688
2430.000000	99.639	-132.3941
2470.000000	99.887	-133.0699
2500.000000	100.070	-133.6606
2540.000000	100.307	-134.5623
2580.000000	100.536	-135.5926
2620.000000	100.753	-136.7508
2650.000000	100.907	-137.7009
2690.000000	101.098	-139.0691
2720.000000	101.229	-140.1656
2760.000000	101.385	-141.7115
2800.000000	101.519	-143.3409
2850.000000	101.653	-145.4657
2900.000000	101.747	-147.6514
2950.000000	101.800	-149.8544
3000.000000	101.813	-152.0330
3040.000000	101.797	-153.7302
3070.000000	101.770	-154.9633
3110.000000	101.715	-156.5422
3150.000000	101.642	-158.0350
3200.000000	101.529	-159.7652
3250.000000	101.397	-161.3313
3300.000000	101.251	-162.7258
3350.000000	101.098	-163.9515
3400.000000	100.941	-165.0214
3450.000000	100.787	-165.9568
3500.000000	100.635	-166.7790
3550.000000	100.487	-167.5106
3600.000000	100.343	-168.1646
3650.000000	100.203	-168.7492
3700.000000	100.068	-169.2754
3750.000000	99.937	-169.7548
3820.000000	99.764	-170.3661
3870.000000	99.646	-170.7791
3950.000000	99.465	-171.4334
4000.000000	99.355	-171.8543
4060.000000	99.223	-172.3839
4120.000000	99.088	-172.9433
4180.000000	98.945	-173.5314
4250.000000	98.764	-174.2408
4310.000000	98.593	-174.8450
4370.000000	98.405	-175.4121
4440.000000	98.165	-175.9800
4500.000000	97.943	-176.3527
4550.000000	97.750	-176.5605
4620.000000	97.473	-176.6741
4680.000000	97.234	-176.5991
4750.000000	96.964	-176.3210
4820.000000	96.710	-175.8714
4870.000000	96.541	-175.4722
4940.000000	96.323	-174.8433
5000.000000	96.154	-174.2708
5080.000000	95.951	-173.5114
5150.000000	95.790	-172.8855
5220.000000	95.640	-172.3158
5300.000000	95.474	-171.7421
5380.000000	95.308	-171.2429
5450.000000	95.157	-170.8489
5520.000000	94.998	-170.4701
5600.000000	94.806	-170.0193
5700.000000	94.549	-169.3709
5800.000000	94.280	-168.5678
5900.000000	94.005	-167.5645
6000.000000	93.733	-166.3379
6080.000000	93.525	-165.1908
6150.000000	93.352	-164.0685
6220.000000	93.192	-162.8401
6300.000000	93.028	-161.3180
6400.000000	92.855	-159.2600
6500.000000	92.724	-157.0576
6600.000000	92.639	-154.7471
6700.000000	92.607	-152.3710
6800.000000	92.631	-149.9714
6900.000000	92.716	-147.5989
7000.000000	92.865	-145.3035
7100.000000	93.086	-143.1577
7200.000000	93.380	-141.2754
7300.000000	93.743	-139.7886
7400.000000	94.161	-138.7868
7500.000000	94.633	-138.2636
7620.000000	95.286	-138.5253
7750.000000	96.040	-140.4933
7880.000000	96.724	-144.4279
8000.000000	97.176	-149.6704
8120.000000	97.355	-155.9411
8250.000000	97.182	-162.9058
8380.000000	96.661	-168.9262
8500.000000	95.966	-172.8996
8620.000000	95.186	-175.0150
8750.000000	94.402	-175.2647
8850.000000	93.938	-174.4615
9000.000000	93.490	-173.1677
9120.000000	93.206	-172.5330
9250.000000	92.898	-171.5713
9380.000000	92.661	-169.9581
9500.000000	92.570	-168.0925
9620.000000	92.631	-166.2386
9750.000000	92.872	-164.6873
9880.000000	93.265	-164.0602
10000.000000	93.717	-164.6452
10150.000000	94.303	-167.1779
10300.000000	94.788	-171.6015
10440.000000	95.057	-176.9491
10600.000000	95.112	176.3238
10750.000000	94.958	170.0613
10900.000000	94.669	164.1255
11060.000000	94.273	158.1273
11200.000000	93.872	153.0193
11380.000000	93.268	146.5214
11500.000000	92.794	142.2968
11720.000000	91.764	135.2597
11800.000000	91.350	133.0739
12060.000000	89.986	127.6511
12200.000000	89.307	125.7277
12410.000000	88.455	123.8122
12500.000000	88.169	123.2052
12650.000000	87.808	122.2731
12800.000000	87.597	121.2261
13150.000000	87.652	116.9823
13200.000000	87.713	116.0511
13400.000000	88.044	111.2542
13600.000000	88.436	104.5941
13800.000000	88.778	96.1734
14000.000000	88.983	86.4444
14300.000000	89.000	70.7526
14500.000000	88.884	60.1585
14750.000000	88.708	46.8526
15000.000000	88.568	33.0804
15250.000000	88.499	18.3516
15500.000000	88.515	1.8536
15750.000000	88.443	-17.2323
16000.000000	88.050	-38.0938
16250.000000	87.420	-59.5521
16500.000000	86.734	-82.0133
16750.000000	85.922	-106.0450
17000.000000	84.919	-131.1051
17250.000000	83.920	-156.9788
17500.000000	83.222	175.1147
17750.000000	82.965	142.8730
18000.000000	82.905	104.1174
18250.000000	82.486	58.3153
18500.000000	81.233	7.0120
18750.000000	79.061	-47.6386
19000.000000	76.203	-104.7921
19250.000000	72.877	-165.1500
19500.000000	69.167	130.2644
19750.000000	65.174	58.7617
20000.000000	61.876	-15.1743
