* Measurement data measured by REW V5.31.3
* Source: USB-C to 3.5mm Headphone Jack Adapter, USB-C to 3.5mm Headphone Jack Adapter, 0, volume: 0.295
* Format: 256k Log Swept Sine, 4 sweeps at -12.0 dBFS with no timing reference
* Dated: Apr 16, 2025 3:26:41 PM
* REW Settings:
*  C-weighting compensation: Off
*  Target level: 75.0 dB
* Note: ; 
* Measurement: CrinEar Meta Silicone R
* Smoothing: 1/24 octave
* Frequency Step: 1/48 octave
* Start Frequency: 20.300 Hz
*
* Freq(Hz)	SPL(dB)	Phase(degrees)
20.299999	101.419	1.0129
20.600000	101.419	0.6190
20.900000	101.417	0.1683
21.200001	101.412	-0.3063
21.400000	101.407	-0.6276
21.799999	101.392	-1.2551
22.000000	101.383	-1.5497
22.400000	101.364	-2.0870
22.700001	101.352	-2.4540
23.000000	101.345	-2.8131
23.299999	101.341	-3.1876
23.600000	101.337	-3.5905
24.000000	101.328	-4.1607
24.299999	101.318	-4.5852
24.700001	101.302	-5.1027
25.000000	101.290	-5.4427
25.400000	101.279	-5.8501
25.799999	101.269	-6.2467
26.200001	101.253	-6.6609
26.500000	101.234	-6.9809
26.900000	101.202	-7.4073
27.200001	101.177	-7.7276
27.600000	101.148	-8.1738
28.000000	101.127	-8.6548
28.500000	101.102	-9.2475
29.000000	101.077	-9.6766
29.500000	101.070	-9.8650
30.000000	101.093	-9.9860
30.400000	101.120	-10.2275
30.700001	101.129	-10.5431
31.100000	101.109	-11.0963
31.500000	101.052	-11.6759
32.000000	100.958	-12.2578
32.500000	100.883	-12.6674
33.000000	100.850	-13.0608
33.500000	100.835	-13.5381
34.000000	100.814	-14.0272
34.500000	100.783	-14.4207
35.000000	100.754	-14.7321
35.500000	100.729	-15.0632
36.000000	100.695	-15.4604
36.500000	100.648	-15.8629
37.000000	100.594	-16.1941
37.500000	100.549	-16.4563
38.200001	100.509	-16.8390
38.700001	100.487	-17.1808
39.500000	100.447	-17.7774
40.000000	100.421	-18.1284
40.599998	100.391	-18.5306
41.200001	100.360	-18.9477
41.799999	100.319	-19.3873
42.500000	100.259	-19.8879
43.099998	100.203	-20.2768
43.700001	100.151	-20.6282
44.400002	100.094	-20.9988
45.000000	100.049	-21.2905
45.500000	100.013	-21.5328
46.200001	99.960	-21.8979
46.799999	99.909	-22.2196
47.500000	99.852	-22.5628
48.200001	99.809	-22.8958
48.700001	99.786	-23.1615
49.400002	99.749	-23.5420
50.000000	99.707	-23.7879
50.799999	99.642	-23.9486
51.500000	99.580	-24.0603
52.200001	99.508	-24.2749
53.000000	99.416	-24.6403
53.799999	99.325	-25.0538
54.500000	99.250	-25.4249
55.200001	99.188	-25.8319
56.000000	99.149	-26.3981
57.000000	99.158	-27.1371
58.000000	99.148	-27.4242
59.000000	99.020	-27.0264
60.000000	98.852	-26.9185
60.799999	98.767	-27.7533
61.500000	98.725	-28.6645
62.200001	98.704	-29.0330
63.000000	98.683	-28.7444
64.000000	98.590	-28.3674
65.000000	98.452	-28.6327
66.000000	98.375	-29.1693
67.000000	98.326	-29.3824
68.000000	98.243	-29.4025
69.000000	98.143	-29.6249
70.000000	98.062	-29.9386
71.000000	97.984	-30.0924
72.000000	97.897	-30.1618
73.000000	97.817	-30.3564
74.000000	97.746	-30.5838
75.000000	97.671	-30.6952
76.199997	97.565	-30.7696
77.500000	97.447	-30.8970
78.800003	97.339	-31.0307
80.000000	97.252	-31.1468
81.199997	97.155	-31.2642
82.500000	97.047	-31.3241
83.800003	96.954	-31.4248
85.000000	96.862	-31.4727
86.199997	96.772	-31.5314
87.500000	96.682	-31.6350
88.500000	96.616	-31.6390
90.000000	96.498	-31.5708
91.199997	96.393	-31.5050
92.500000	96.287	-31.4614
93.800003	96.189	-31.4341
95.000000	96.108	-31.3868
96.199997	96.025	-31.3428
97.500000	95.932	-31.3117
98.800003	95.842	-31.3224
100.000000	95.754	-31.3253
101.500000	95.644	-31.1477
103.000000	95.545	-30.8615
104.400002	95.452	-30.6490
106.000000	95.342	-30.4581
107.500000	95.245	-30.2520
109.000000	95.158	-30.0829
110.599998	95.064	-29.9452
112.000000	94.973	-29.7974
113.800003	94.844	-29.3823
115.000000	94.757	-29.0586
117.199997	94.615	-28.7811
118.000000	94.575	-28.6943
120.599998	94.428	-28.1665
122.000000	94.345	-27.8468
124.099998	94.220	-27.4588
125.000000	94.155	-27.2852
126.500000	94.044	-26.8416
128.000000	93.961	-26.1577
131.500000	93.862	-24.5380
132.000000	93.857	-24.4061
134.000000	93.836	-24.0071
136.000000	93.802	-23.7103
138.000000	93.774	-23.2806
140.000000	93.748	-22.9825
143.000000	93.611	-22.7491
145.000000	93.508	-22.2880
147.500000	93.417	-21.6184
150.000000	93.344	-21.0825
152.500000	93.246	-20.4128
155.000000	93.162	-19.6828
157.500000	93.115	-18.9778
160.000000	93.063	-18.3714
162.500000	93.003	-17.7070
165.000000	92.935	-17.0677
167.500000	92.876	-16.4192
170.000000	92.819	-15.7964
172.500000	92.760	-15.1771
175.000000	92.703	-14.5442
177.500000	92.655	-13.9279
180.000000	92.610	-13.2844
182.500000	92.562	-12.5579
185.000000	92.521	-11.8701
187.500000	92.500	-11.1363
190.000000	92.501	-10.3083
192.500000	92.512	-9.6086
195.000000	92.522	-9.0837
197.500000	92.526	-8.6669
200.000000	92.524	-8.3106
203.000000	92.516	-7.8524
206.000000	92.500	-7.3173
209.000000	92.486	-6.7218
212.000000	92.471	-6.1303
214.000000	92.461	-5.7610
218.000000	92.450	-4.9575
220.000000	92.453	-4.5295
224.000000	92.476	-3.7452
227.000000	92.492	-3.2738
230.000000	92.499	-2.8447
233.000000	92.506	-2.4409
236.000000	92.514	-2.0192
240.000000	92.521	-1.4638
243.000000	92.524	-1.0803
247.000000	92.526	-0.6211
250.000000	92.536	-0.2901
254.000000	92.551	0.3173
258.000000	92.563	0.8053
262.000000	92.579	1.2902
265.000000	92.587	1.6561
269.000000	92.596	2.1259
272.000000	92.608	2.4269
276.000000	92.628	2.7981
280.000000	92.633	3.1997
285.000000	92.632	3.6912
290.000000	92.639	4.1604
295.000000	92.649	4.6469
300.000000	92.661	5.1179
304.000000	92.667	5.4631
307.000000	92.669	5.7163
311.000000	92.674	6.0612
315.000000	92.682	6.3997
320.000000	92.697	6.8056
325.000000	92.708	7.1754
330.000000	92.716	7.5258
335.000000	92.720	7.8640
340.000000	92.723	8.2128
345.000000	92.723	8.5579
350.000000	92.722	8.9043
355.000000	92.727	9.2526
360.000000	92.731	9.5957
365.000000	92.732	9.9265
370.000000	92.733	10.2518
375.000000	92.734	10.5769
382.000000	92.733	11.0252
387.000000	92.731	11.3396
395.000000	92.726	11.8180
400.000000	92.721	12.1110
406.000000	92.713	12.4792
412.000000	92.703	12.8542
418.000000	92.692	13.2292
425.000000	92.681	13.6686
431.000000	92.671	14.0443
437.000000	92.662	14.4249
444.000000	92.650	14.8497
450.000000	92.639	15.2069
455.000000	92.629	15.5364
462.000000	92.614	16.0059
468.000000	92.602	16.3966
475.000000	92.587	16.8511
482.000000	92.572	17.3143
487.000000	92.561	17.6487
494.000000	92.547	18.1213
500.000000	92.535	18.5250
508.000000	92.515	19.0545
515.000000	92.499	19.5276
522.000000	92.484	20.0071
530.000000	92.469	20.5474
538.000000	92.456	21.0834
545.000000	92.447	21.5371
552.000000	92.434	22.0044
560.000000	92.413	22.5662
570.000000	92.390	23.2477
580.000000	92.367	23.9236
590.000000	92.343	24.6033
600.000000	92.318	25.2952
608.000000	92.299	25.8556
615.000000	92.281	26.3531
622.000000	92.264	26.8603
630.000000	92.244	27.4477
640.000000	92.218	28.1892
650.000000	92.193	28.9419
660.000000	92.170	29.7013
670.000000	92.148	30.4771
680.000000	92.126	31.2650
690.000000	92.106	32.0644
700.000000	92.087	32.8701
710.000000	92.069	33.6907
720.000000	92.052	34.5195
730.000000	92.036	35.3587
740.000000	92.022	36.2116
750.000000	92.011	37.0698
762.000000	91.998	38.0937
775.000000	91.987	39.2240
788.000000	91.977	40.3708
800.000000	91.969	41.4441
812.000000	91.965	42.5148
825.000000	91.961	43.6916
838.000000	91.960	44.8741
850.000000	91.963	45.9648
862.000000	91.971	47.0655
875.000000	91.984	48.2531
885.000000	91.997	49.1574
900.000000	92.023	50.5058
912.000000	92.047	51.5957
925.000000	92.078	52.7591
938.000000	92.113	53.8996
950.000000	92.149	54.9355
962.000000	92.190	55.9533
975.000000	92.237	57.0346
988.000000	92.288	58.0902
1000.000000	92.337	59.0425
1015.000000	92.401	60.2059
1030.000000	92.466	61.3250
1044.000000	92.529	62.3279
1060.000000	92.603	63.4380
1075.000000	92.673	64.4399
1090.000000	92.743	65.3982
1106.000000	92.815	66.3793
1120.000000	92.877	67.2104
1138.000000	92.955	68.2387
1150.000000	93.005	68.8968
1172.000000	93.092	70.0611
1180.000000	93.121	70.4764
1206.000000	93.212	71.7939
1220.000000	93.257	72.4853
1241.000000	93.322	73.5188
1250.000000	93.349	73.9579
1265.000000	93.396	74.6809
1280.000000	93.442	75.4009
1315.000000	93.542	77.1024
1320.000000	93.555	77.3498
1340.000000	93.606	78.3409
1360.000000	93.654	79.3414
1380.000000	93.699	80.3590
1400.000000	93.742	81.3978
1430.000000	93.805	82.9940
1450.000000	93.846	84.0733
1475.000000	93.899	85.4412
1500.000000	93.952	86.8339
1525.000000	94.006	88.2516
1550.000000	94.061	89.6929
1575.000000	94.119	91.1561
1600.000000	94.178	92.6317
1625.000000	94.239	94.1295
1650.000000	94.301	95.6360
1675.000000	94.366	97.1383
1700.000000	94.436	98.6474
1725.000000	94.510	100.1639
1750.000000	94.589	101.6822
1775.000000	94.673	103.1940
1800.000000	94.761	104.7035
1825.000000	94.856	106.2108
1850.000000	94.956	107.7087
1875.000000	95.062	109.1895
1900.000000	95.172	110.6526
1925.000000	95.289	112.0990
1950.000000	95.410	113.5230
1975.000000	95.536	114.9176
2000.000000	95.669	116.2872
2030.000000	95.836	117.8941
2060.000000	96.010	119.4594
2090.000000	96.192	120.9750
2120.000000	96.381	122.4413
2140.000000	96.512	123.3870
2180.000000	96.780	125.1903
2200.000000	96.919	126.0445
2240.000000	97.204	127.6485
2270.000000	97.423	128.7569
2300.000000	97.646	129.7762
2330.000000	97.872	130.6963
2360.000000	98.100	131.5137
2400.000000	98.403	132.4348
2430.000000	98.630	132.9958
2470.000000	98.929	133.5634
2500.000000	99.148	133.8514
2540.000000	99.429	134.0489
2580.000000	99.692	134.0403
2620.000000	99.931	133.8466
2650.000000	100.093	133.5935
2690.000000	100.282	133.1295
2720.000000	100.403	132.6969
2760.000000	100.533	132.0274
2800.000000	100.624	131.2847
2850.000000	100.682	130.3233
2900.000000	100.677	129.4120
2950.000000	100.614	128.6327
3000.000000	100.501	128.0616
3040.000000	100.381	127.7928
3070.000000	100.278	127.7146
3110.000000	100.128	127.7906
3150.000000	99.971	128.0829
3200.000000	99.779	128.7368
3250.000000	99.603	129.6379
3300.000000	99.449	130.6794
3350.000000	99.310	131.7829
3400.000000	99.177	132.9346
3450.000000	99.049	134.1621
3500.000000	98.926	135.4875
3550.000000	98.816	136.9133
3600.000000	98.722	138.4194
3650.000000	98.649	139.9661
3700.000000	98.597	141.5101
3750.000000	98.565	143.0199
3820.000000	98.552	145.0196
3870.000000	98.563	146.3204
3950.000000	98.607	148.0875
4000.000000	98.641	148.9378
4060.000000	98.674	149.6557
4120.000000	98.684	150.0348
4180.000000	98.657	150.0854
4250.000000	98.547	149.8018
4310.000000	98.357	149.4709
4370.000000	98.076	149.3777
4440.000000	97.665	149.9262
4500.000000	97.291	151.1004
4550.000000	96.997	152.5534
4620.000000	96.652	155.1219
4680.000000	96.438	157.5610
4750.000000	96.279	160.3545
4820.000000	96.192	162.8549
4870.000000	96.155	164.3979
4940.000000	96.116	166.1928
5000.000000	96.076	167.4085
5080.000000	95.983	168.7226
5150.000000	95.864	169.7607
5220.000000	95.712	170.7978
5300.000000	95.506	172.0766
5380.000000	95.279	173.5424
5450.000000	95.076	175.0012
5520.000000	94.878	176.6013
5600.000000	94.664	178.5694
5700.000000	94.420	-178.7749
5800.000000	94.211	-175.9070
5900.000000	94.047	-172.8367
6000.000000	93.946	-169.5636
6080.000000	93.927	-166.8434
6150.000000	93.965	-164.4619
6220.000000	94.060	-162.1561
6300.000000	94.243	-159.6999
6400.000000	94.579	-156.9935
6500.000000	95.019	-154.7408
6600.000000	95.556	-153.0181
6700.000000	96.198	-152.0278
6800.000000	96.938	-152.0990
6900.000000	97.733	-153.6046
7000.000000	98.505	-156.8179
7100.000000	99.148	-161.7340
7200.000000	99.558	-167.9952
7300.000000	99.655	-174.9127
7400.000000	99.421	178.4970
7500.000000	98.931	173.1145
7620.000000	98.171	168.7819
7750.000000	97.329	166.5863
7880.000000	96.600	166.3713
8000.000000	96.058	167.3269
8120.000000	95.628	168.9144
8250.000000	95.301	170.9350
8380.000000	95.120	172.9200
8500.000000	95.059	174.4737
8620.000000	95.069	175.5830
8750.000000	95.113	176.1604
8850.000000	95.140	176.1410
9000.000000	95.111	175.4573
9120.000000	94.990	174.5441
9250.000000	94.735	173.5046
9380.000000	94.352	172.7539
9500.000000	93.904	172.5673
9620.000000	93.391	173.0180
9750.000000	92.799	174.2943
9880.000000	92.203	176.3736
10000.000000	91.678	178.9413
10150.000000	91.080	-177.1221
10300.000000	90.564	-172.5684
10440.000000	90.160	-167.9078
10600.000000	89.793	-162.1800
10750.000000	89.557	-156.4537
10900.000000	89.452	-150.4507
11060.000000	89.521	-143.9947
11200.000000	89.750	-138.6692
11380.000000	90.265	-132.7068
11500.000000	90.741	-129.5623
11720.000000	91.790	-126.5417
11800.000000	92.180	-126.4327
12060.000000	93.262	-129.3845
12200.000000	93.632	-132.6462
12410.000000	93.808	-138.5685
12500.000000	93.749	-141.1021
12650.000000	93.507	-144.8730
12800.000000	93.141	-147.7858
13150.000000	92.191	-150.9146
13200.000000	92.076	-151.0239
13400.000000	91.727	-150.9780
13600.000000	91.590	-150.6857
13800.000000	91.693	-150.8806
14000.000000	92.031	-152.3506
14300.000000	92.863	-158.9615
14500.000000	93.396	-167.5290
14750.000000	93.560	177.2121
15000.000000	92.775	159.7817
15250.000000	91.110	144.1055
15500.000000	89.010	132.0365
15750.000000	86.931	123.0720
16000.000000	85.162	115.6569
16250.000000	83.859	108.3907
16500.000000	82.998	100.2165
16750.000000	82.527	90.2753
17000.000000	82.449	77.7112
17250.000000	82.771	61.4723
17500.000000	83.431	40.1704
17750.000000	84.147	12.4255
18000.000000	84.376	-21.9256
18250.000000	83.625	-60.8168
18500.000000	81.824	-101.3403
18750.000000	79.285	-142.1280
19000.000000	76.374	176.0703
19250.000000	73.360	131.1985
19500.000000	70.322	80.5777
19750.000000	67.167	20.8967
20000.000000	64.593	-42.5811
