* Measurement data measured by REW V5.31.3
* Source: USB-C to 3.5mm Headphone Jack Adapter, no input selected, 0, volume: 0.295
* Format: 256k Log Swept Sine, 4 sweeps at -12.0 dBFS with no timing reference
* Dated: Mar 28, 2026 7:17:09 PM
* REW Settings:
*  C-weighting compensation: Off
*  Target level: 75.0 dB
* Note: ; 
* Measurement: Crinear Daybreak Wide R
* Smoothing: 1/24 octave
* Frequency Step: 1/48 octave
* Start Frequency: 20.300 Hz
*
* Freq(Hz)	SPL(dB)	Phase(degrees)
20.299999	102.202	-164.9671
20.600000	102.201	-165.5441
20.900000	102.196	-166.1693
21.200001	102.189	-166.7976
21.400000	102.185	-167.2168
21.799999	102.179	-168.0540
22.000000	102.176	-168.4693
22.400000	102.171	-169.2829
22.700001	102.166	-169.8688
23.000000	102.160	-170.4272
23.299999	102.153	-170.9562
23.600000	102.146	-171.4592
24.000000	102.138	-172.1046
24.299999	102.134	-172.5852
24.700001	102.132	-173.2426
25.000000	102.130	-173.7553
25.400000	102.126	-174.4602
25.799999	102.115	-175.1673
26.200001	102.099	-175.8468
26.500000	102.084	-176.3265
26.900000	102.064	-176.9260
27.200001	102.050	-177.3548
27.600000	102.033	-177.9166
28.000000	102.017	-178.4796
28.500000	101.995	-179.1815
29.000000	101.971	-179.8604
29.500000	101.948	179.4905
30.000000	101.928	178.8506
30.400000	101.911	178.3293
30.700001	101.897	177.9312
31.100000	101.875	177.3970
31.500000	101.850	176.8676
32.000000	101.818	176.2213
32.500000	101.789	175.5948
33.000000	101.762	174.9921
33.500000	101.739	174.4193
34.000000	101.718	173.8726
34.500000	101.697	173.3387
35.000000	101.670	172.8112
35.500000	101.636	172.2994
36.000000	101.598	171.8122
36.500000	101.560	171.3401
37.000000	101.525	170.8621
37.500000	101.489	170.3678
38.200001	101.436	169.6679
38.700001	101.396	169.1816
39.500000	101.333	168.4358
40.000000	101.295	167.9885
40.599998	101.249	167.4703
41.200001	101.205	166.9646
41.799999	101.160	166.4580
42.500000	101.108	165.8575
43.099998	101.061	165.3456
43.700001	101.012	164.8647
44.400002	100.955	164.3777
45.000000	100.908	164.0112
45.500000	100.872	163.7021
46.200001	100.824	163.2112
46.799999	100.780	162.7516
47.500000	100.729	162.2497
48.200001	100.687	161.8147
48.700001	100.660	161.5013
49.400002	100.613	160.9951
50.000000	100.553	160.5219
50.799999	100.455	159.9623
51.500000	100.382	159.5592
52.200001	100.323	159.1638
53.000000	100.253	158.7299
53.799999	100.174	158.3770
54.500000	100.109	158.0681
55.200001	100.046	157.6991
56.000000	99.970	157.3046
57.000000	99.879	157.0346
58.000000	99.806	156.8721
59.000000	99.744	156.5052
60.000000	99.674	155.9554
60.799999	99.618	155.5883
61.500000	99.576	155.3438
62.200001	99.534	155.1051
63.000000	99.472	154.8340
64.000000	99.386	154.5516
65.000000	99.300	154.2376
66.000000	99.203	153.8409
67.000000	99.106	153.3925
68.000000	99.017	152.9400
69.000000	98.937	152.6272
70.000000	98.873	152.3529
71.000000	98.804	152.0233
72.000000	98.724	151.8160
73.000000	98.647	151.7531
74.000000	98.571	151.6438
75.000000	98.485	151.3873
76.199997	98.373	151.0414
77.500000	98.274	150.7501
78.800003	98.188	150.5631
80.000000	98.093	150.4469
81.199997	97.980	150.2365
82.500000	97.870	149.9061
83.800003	97.787	149.7411
85.000000	97.705	149.7241
86.199997	97.612	149.6180
87.500000	97.515	149.4506
88.500000	97.444	149.3752
90.000000	97.331	149.2802
91.199997	97.245	149.2058
92.500000	97.154	149.1595
93.800003	97.062	149.1312
95.000000	96.977	149.0897
96.199997	96.892	149.0803
97.500000	96.806	149.1096
98.800003	96.717	149.1819
100.000000	96.632	149.2699
101.500000	96.530	149.2825
103.000000	96.425	149.3590
104.400002	96.328	149.4512
106.000000	96.207	149.6298
107.500000	96.101	149.9194
109.000000	96.013	150.3016
110.599998	95.939	150.7166
112.000000	95.864	150.8988
113.800003	95.774	151.2734
115.000000	95.728	151.5676
117.199997	95.683	151.8144
118.000000	95.660	151.7638
120.599998	95.604	151.7103
122.000000	95.574	151.6854
124.099998	95.493	151.6706
125.000000	95.460	151.7109
126.500000	95.409	151.7916
128.000000	95.352	151.8799
131.500000	95.190	152.2201
132.000000	95.168	152.2681
134.000000	95.088	152.4297
136.000000	95.009	152.5965
138.000000	94.926	152.7973
140.000000	94.843	153.0439
143.000000	94.733	153.3762
145.000000	94.670	153.6392
147.500000	94.597	154.0011
150.000000	94.518	154.4911
152.500000	94.438	154.6848
155.000000	94.362	154.9522
157.500000	94.295	155.2871
160.000000	94.230	155.6317
162.500000	94.165	155.9814
165.000000	94.105	156.3312
167.500000	94.048	156.6584
170.000000	93.991	156.9728
172.500000	93.929	157.2998
175.000000	93.872	157.6423
177.500000	93.827	158.0020
180.000000	93.785	158.3695
182.500000	93.742	158.6759
185.000000	93.705	159.0637
187.500000	93.671	159.5160
190.000000	93.636	159.8392
192.500000	93.608	160.0936
195.000000	93.586	160.3572
197.500000	93.563	160.6404
200.000000	93.534	160.9002
203.000000	93.507	161.2381
206.000000	93.487	161.5655
209.000000	93.456	161.8845
212.000000	93.419	162.1357
214.000000	93.397	162.3046
218.000000	93.356	162.6693
220.000000	93.340	162.8546
224.000000	93.304	163.2578
227.000000	93.275	163.5739
230.000000	93.250	163.8962
233.000000	93.223	164.2219
236.000000	93.199	164.5179
240.000000	93.177	164.8677
243.000000	93.157	165.1207
247.000000	93.128	165.5235
250.000000	93.110	165.8146
254.000000	93.097	166.0577
258.000000	93.085	166.3293
262.000000	93.066	166.5939
265.000000	93.051	166.7947
269.000000	93.031	167.0618
272.000000	93.015	167.2696
276.000000	92.994	167.5508
280.000000	92.975	167.7986
285.000000	92.954	168.1031
290.000000	92.931	168.4195
295.000000	92.910	168.7325
300.000000	92.893	169.0318
304.000000	92.877	169.2637
307.000000	92.864	169.4287
311.000000	92.847	169.6408
315.000000	92.832	169.8645
320.000000	92.816	170.1331
325.000000	92.799	170.3865
330.000000	92.784	170.6787
335.000000	92.768	170.9388
340.000000	92.751	171.1905
345.000000	92.733	171.4506
350.000000	92.717	171.7035
355.000000	92.705	171.9123
360.000000	92.694	172.1257
365.000000	92.682	172.3376
370.000000	92.669	172.5410
375.000000	92.655	172.7365
382.000000	92.635	172.9984
387.000000	92.620	173.1738
395.000000	92.594	173.4482
400.000000	92.576	173.6154
406.000000	92.555	173.8445
412.000000	92.533	174.0754
418.000000	92.511	174.2932
425.000000	92.485	174.5434
431.000000	92.462	174.7647
437.000000	92.440	174.9820
444.000000	92.415	175.2310
450.000000	92.393	175.4442
455.000000	92.373	175.6353
462.000000	92.345	175.9055
468.000000	92.322	176.1318
475.000000	92.296	176.3921
482.000000	92.270	176.6546
487.000000	92.251	176.8432
494.000000	92.224	177.1111
500.000000	92.200	177.3476
508.000000	92.168	177.6500
515.000000	92.141	177.9171
522.000000	92.114	178.1897
530.000000	92.082	178.5028
538.000000	92.049	178.8320
545.000000	92.022	179.1379
552.000000	91.993	179.4413
560.000000	91.960	179.7692
570.000000	91.920	-179.7935
580.000000	91.881	-179.3217
590.000000	91.843	-178.8179
600.000000	91.808	-178.2988
608.000000	91.782	-177.8790
615.000000	91.763	-177.4975
622.000000	91.749	-177.1126
630.000000	91.738	-176.6740
640.000000	91.732	-176.1546
650.000000	91.732	-175.7128
660.000000	91.734	-175.3423
670.000000	91.729	-175.0755
680.000000	91.708	-174.8645
690.000000	91.671	-174.6481
700.000000	91.620	-174.3730
710.000000	91.562	-174.0119
720.000000	91.502	-173.5655
730.000000	91.445	-173.0552
740.000000	91.392	-172.4900
750.000000	91.343	-171.8869
762.000000	91.289	-171.1294
775.000000	91.239	-170.2630
788.000000	91.196	-169.3568
800.000000	91.164	-168.5048
812.000000	91.136	-167.6315
825.000000	91.114	-166.6588
838.000000	91.097	-165.6590
850.000000	91.087	-164.7243
862.000000	91.086	-163.8061
875.000000	91.093	-162.8026
885.000000	91.103	-162.0228
900.000000	91.127	-160.8551
912.000000	91.152	-159.9253
925.000000	91.187	-158.9223
938.000000	91.230	-157.9389
950.000000	91.276	-157.0514
962.000000	91.327	-156.1759
975.000000	91.388	-155.2539
988.000000	91.456	-154.3640
1000.000000	91.524	-153.5693
1015.000000	91.615	-152.6172
1030.000000	91.712	-151.7157
1044.000000	91.807	-150.9221
1060.000000	91.919	-150.0766
1075.000000	92.029	-149.3390
1090.000000	92.140	-148.6548
1106.000000	92.259	-147.9899
1120.000000	92.364	-147.4568
1138.000000	92.498	-146.8281
1150.000000	92.586	-146.4460
1172.000000	92.743	-145.8267
1180.000000	92.799	-145.6230
1206.000000	92.976	-145.0179
1220.000000	93.068	-144.7230
1241.000000	93.200	-144.3119
1250.000000	93.255	-144.1497
1265.000000	93.343	-143.9084
1280.000000	93.428	-143.6824
1315.000000	93.615	-143.1788
1320.000000	93.641	-143.1105
1340.000000	93.741	-142.8427
1360.000000	93.836	-142.5794
1380.000000	93.928	-142.3179
1400.000000	94.016	-142.0563
1430.000000	94.143	-141.6632
1450.000000	94.225	-141.3977
1475.000000	94.326	-141.0590
1500.000000	94.425	-140.7135
1525.000000	94.524	-140.3628
1550.000000	94.622	-140.0099
1575.000000	94.720	-139.6385
1600.000000	94.818	-139.2625
1625.000000	94.918	-138.8889
1650.000000	95.019	-138.5154
1675.000000	95.122	-138.1472
1700.000000	95.227	-137.7803
1725.000000	95.334	-137.4195
1750.000000	95.444	-137.0710
1775.000000	95.555	-136.7340
1800.000000	95.670	-136.4108
1825.000000	95.785	-136.0981
1850.000000	95.902	-135.7991
1875.000000	96.022	-135.5206
1900.000000	96.142	-135.2589
1925.000000	96.264	-135.0127
1950.000000	96.387	-134.7835
1975.000000	96.512	-134.5747
2000.000000	96.638	-134.3795
2030.000000	96.792	-134.1664
2060.000000	96.948	-133.9794
2090.000000	97.108	-133.8192
2120.000000	97.271	-133.6915
2140.000000	97.382	-133.6260
2180.000000	97.608	-133.5468
2200.000000	97.723	-133.5359
2240.000000	97.957	-133.5787
2270.000000	98.134	-133.6740
2300.000000	98.313	-133.8273
2330.000000	98.493	-134.0370
2360.000000	98.673	-134.3047
2400.000000	98.914	-134.7604
2430.000000	99.094	-135.1795
2470.000000	99.332	-135.8441
2500.000000	99.506	-136.4247
2540.000000	99.734	-137.3093
2580.000000	99.953	-138.3246
2620.000000	100.161	-139.4680
2650.000000	100.308	-140.4057
2690.000000	100.491	-141.7585
2720.000000	100.616	-142.8461
2760.000000	100.764	-144.3829
2800.000000	100.890	-146.0042
2850.000000	101.014	-148.1217
2900.000000	101.098	-150.3065
2950.000000	101.140	-152.5130
3000.000000	101.141	-154.6974
3040.000000	101.113	-156.4015
3070.000000	101.077	-157.6412
3110.000000	101.009	-159.2280
3150.000000	100.922	-160.7269
3200.000000	100.789	-162.4599
3250.000000	100.635	-164.0186
3300.000000	100.465	-165.3954
3350.000000	100.285	-166.5902
3400.000000	100.102	-167.6138
3450.000000	99.918	-168.4852
3500.000000	99.735	-169.2253
3550.000000	99.556	-169.8505
3600.000000	99.380	-170.3714
3650.000000	99.207	-170.7958
3700.000000	99.040	-171.1310
3750.000000	98.879	-171.3873
3820.000000	98.665	-171.6347
3870.000000	98.522	-171.7467
3950.000000	98.307	-171.8435
4000.000000	98.182	-171.8699
4060.000000	98.040	-171.8848
4120.000000	97.905	-171.8940
4180.000000	97.776	-171.9084
4250.000000	97.630	-171.9353
4310.000000	97.505	-171.9648
4370.000000	97.379	-171.9979
4440.000000	97.229	-172.0293
4500.000000	97.097	-172.0381
4550.000000	96.985	-172.0233
4620.000000	96.825	-171.9522
4680.000000	96.688	-171.8362
4750.000000	96.530	-171.6387
4820.000000	96.379	-171.3786
4870.000000	96.277	-171.1662
4940.000000	96.142	-170.8541
5000.000000	96.035	-170.5902
5080.000000	95.901	-170.2696
5150.000000	95.790	-170.0399
5220.000000	95.680	-169.8645
5300.000000	95.550	-169.7300
5380.000000	95.411	-169.6456
5450.000000	95.280	-169.5935
5520.000000	95.138	-169.5416
5600.000000	94.962	-169.4513
5700.000000	94.723	-169.2440
5800.000000	94.468	-168.8786
5900.000000	94.202	-168.3120
6000.000000	93.936	-167.5189
6080.000000	93.728	-166.7104
6150.000000	93.553	-165.8724
6220.000000	93.389	-164.9204
6300.000000	93.218	-163.7010
6400.000000	93.038	-162.0011
6500.000000	92.900	-160.1517
6600.000000	92.810	-158.1996
6700.000000	92.772	-156.1844
6800.000000	92.788	-154.1527
6900.000000	92.864	-152.1581
7000.000000	93.003	-150.2552
7100.000000	93.209	-148.5018
7200.000000	93.486	-146.9848
7300.000000	93.834	-145.8090
7400.000000	94.251	-145.0640
7500.000000	94.744	-144.7938
7620.000000	95.464	-145.4835
7750.000000	96.341	-148.3837
7880.000000	97.146	-154.0955
8000.000000	97.622	-161.7825
8120.000000	97.657	-170.8638
8250.000000	97.123	179.5500
8380.000000	96.105	172.0561
8500.000000	94.939	167.8442
8620.000000	93.750	166.2549
8750.000000	92.610	166.9684
8850.000000	91.922	168.5820
9000.000000	91.193	171.1539
9120.000000	90.731	172.8234
9250.000000	90.264	174.8204
9380.000000	89.881	177.3428
9500.000000	89.653	179.9697
9620.000000	89.567	-177.4159
9750.000000	89.637	-174.9577
9880.000000	89.854	-173.2630
10000.000000	90.150	-172.6687
10150.000000	90.566	-173.4958
10300.000000	90.928	-176.0530
10440.000000	91.129	-179.6611
10600.000000	91.145	175.4348
10750.000000	90.965	170.6965
10900.000000	90.640	166.2006
11060.000000	90.189	161.8056
11200.000000	89.741	158.2566
11380.000000	89.114	153.9603
11500.000000	88.661	151.2067
11720.000000	87.735	146.4864
11800.000000	87.368	144.9567
12060.000000	86.107	141.0428
12200.000000	85.424	139.7080
12410.000000	84.466	138.7502
12500.000000	84.099	138.6819
12650.000000	83.568	138.9312
12800.000000	83.154	139.5103
13150.000000	82.724	141.3032
13200.000000	82.728	141.5316
13400.000000	82.921	142.1777
13600.000000	83.402	142.1284
13800.000000	84.171	141.0095
14000.000000	85.223	138.4257
14300.000000	87.320	130.7957
14500.000000	89.011	122.2495
14750.000000	91.238	106.4871
15000.000000	93.213	84.7102
15250.000000	94.526	58.0745
15500.000000	95.029	29.0750
15750.000000	94.880	-0.4683
16000.000000	94.217	-29.9559
16250.000000	93.133	-58.9934
16500.000000	91.749	-87.6374
16750.000000	90.061	-116.0137
17000.000000	88.062	-143.5033
17250.000000	85.961	-169.8292
17500.000000	84.072	163.9272
17750.000000	82.616	135.6935
18000.000000	81.597	103.0989
18250.000000	80.740	64.3596
18500.000000	79.606	19.1025
18750.000000	77.848	-31.7151
19000.000000	75.464	-87.2448
19250.000000	72.659	-147.7878
19500.000000	69.441	145.7075
19750.000000	65.754	70.9153
20000.000000	62.553	-6.8011
