* Measurement data measured by REW V5.31.3
* Source: USB-C to 3.5mm Headphone Jack Adapter, no input selected, 0, volume: no control
* Format: 256k Log Swept Sine, 4 sweeps at -12.0 dBFS with no timing reference
* Dated: Mar 28, 2026 7:22:26 PM
* REW Settings:
*  C-weighting compensation: Off
*  Target level: 75.0 dB
* Note: ; 
* Measurement: Crinear Daybreak Foam L
* Smoothing: 1/24 octave
* Frequency Step: 1/48 octave
* Start Frequency: 20.300 Hz
*
* Freq(Hz)	SPL(dB)	Phase(degrees)
20.299999	101.694	-168.8339
20.600000	101.689	-169.3710
20.900000	101.682	-169.9530
21.200001	101.673	-170.5435
21.400000	101.667	-170.9414
21.799999	101.655	-171.7408
22.000000	101.648	-172.1364
22.400000	101.637	-172.9032
22.700001	101.629	-173.4504
23.000000	101.623	-173.9756
23.299999	101.618	-174.4868
23.600000	101.614	-174.9935
24.000000	101.607	-175.6715
24.299999	101.598	-176.1801
24.700001	101.581	-176.8455
25.000000	101.565	-177.3263
25.400000	101.544	-177.9403
25.799999	101.525	-178.5352
26.200001	101.509	-179.1309
26.500000	101.497	-179.5852
26.900000	101.480	179.8019
27.200001	101.465	179.3459
27.600000	101.444	178.7570
28.000000	101.421	178.1977
28.500000	101.395	177.5337
29.000000	101.370	176.8881
29.500000	101.342	176.2471
30.000000	101.311	175.6125
30.400000	101.283	175.1129
30.700001	101.262	174.7432
31.100000	101.233	174.2558
31.500000	101.205	173.7746
32.000000	101.172	173.1856
32.500000	101.138	172.6174
33.000000	101.105	172.0731
33.500000	101.073	171.5473
34.000000	101.039	171.0302
34.500000	101.004	170.5150
35.000000	100.967	170.0034
35.500000	100.928	169.5034
36.000000	100.889	169.0213
36.500000	100.851	168.5532
37.000000	100.814	168.0873
37.500000	100.777	167.6163
38.200001	100.720	166.9656
38.700001	100.678	166.5294
39.500000	100.614	165.8768
40.000000	100.575	165.4650
40.599998	100.525	164.9476
41.200001	100.468	164.4292
41.799999	100.409	163.9459
42.500000	100.347	163.4338
43.099998	100.303	163.0143
43.700001	100.260	162.5968
44.400002	100.207	162.1210
45.000000	100.158	161.7322
45.500000	100.116	161.4115
46.200001	100.058	160.9369
46.799999	100.005	160.5110
47.500000	99.938	160.0475
48.200001	99.875	159.6380
48.700001	99.834	159.3464
49.400002	99.776	158.9175
50.000000	99.721	158.5634
50.799999	99.647	158.1551
51.500000	99.585	157.8328
52.200001	99.523	157.5150
53.000000	99.450	157.1476
53.799999	99.377	156.7833
54.500000	99.319	156.4672
55.200001	99.266	156.1063
56.000000	99.197	155.6548
57.000000	99.096	155.2231
58.000000	99.006	154.8704
59.000000	98.913	154.5685
60.000000	98.842	154.2974
60.799999	98.778	153.8831
61.500000	98.690	153.4977
62.200001	98.596	153.2485
63.000000	98.519	153.0711
64.000000	98.456	152.8378
65.000000	98.391	152.6169
66.000000	98.308	152.3907
67.000000	98.215	152.1342
68.000000	98.128	151.8686
69.000000	98.045	151.6196
70.000000	97.959	151.3906
71.000000	97.872	151.1881
72.000000	97.789	151.0297
73.000000	97.706	150.8926
74.000000	97.621	150.7619
75.000000	97.539	150.6319
76.199997	97.444	150.4659
77.500000	97.340	150.3296
78.800003	97.245	150.2181
80.000000	97.152	150.1027
81.199997	97.041	149.9692
82.500000	96.930	149.8034
83.800003	96.839	149.6718
85.000000	96.755	149.6739
86.199997	96.663	149.7283
87.500000	96.568	149.7479
88.500000	96.497	149.7291
90.000000	96.391	149.7404
91.199997	96.309	149.7432
92.500000	96.220	149.7476
93.800003	96.132	149.7958
95.000000	96.053	149.8642
96.199997	95.974	149.9309
97.500000	95.883	149.9891
98.800003	95.790	150.0177
100.000000	95.710	150.0660
101.500000	95.627	150.2241
103.000000	95.547	150.4134
104.400002	95.467	150.5762
106.000000	95.373	150.7292
107.500000	95.287	150.8641
109.000000	95.207	151.0301
110.599998	95.125	151.2268
112.000000	95.052	151.3760
113.800003	94.957	151.6015
115.000000	94.897	151.7720
117.199997	94.793	152.0800
118.000000	94.756	152.1928
120.599998	94.641	152.5827
122.000000	94.581	152.8072
124.099998	94.493	153.1509
125.000000	94.455	153.2902
126.500000	94.396	153.5239
128.000000	94.339	153.7719
131.500000	94.217	154.3473
132.000000	94.200	154.4354
134.000000	94.133	154.8092
136.000000	94.065	155.1603
138.000000	94.002	155.4860
140.000000	93.942	155.7781
143.000000	93.860	156.2421
145.000000	93.804	156.5615
147.500000	93.741	156.8339
150.000000	93.690	156.9047
152.500000	93.625	157.5983
155.000000	93.564	158.2193
157.500000	93.512	158.6724
160.000000	93.467	159.0645
162.500000	93.417	159.4557
165.000000	93.376	159.8696
167.500000	93.342	160.2437
170.000000	93.307	160.6077
172.500000	93.269	160.9771
175.000000	93.232	161.3520
177.500000	93.200	161.7258
180.000000	93.170	162.1003
182.500000	93.141	162.4272
185.000000	93.113	162.7310
187.500000	93.087	163.0460
190.000000	93.062	163.3783
192.500000	93.038	163.6928
195.000000	93.017	163.9998
197.500000	92.998	164.2954
200.000000	92.981	164.5836
203.000000	92.955	164.9753
206.000000	92.931	165.3554
209.000000	92.912	165.7038
212.000000	92.894	166.0031
214.000000	92.882	166.2147
218.000000	92.865	166.6378
220.000000	92.857	166.8286
224.000000	92.841	167.2396
227.000000	92.826	167.5414
230.000000	92.812	167.8192
233.000000	92.802	168.0876
236.000000	92.794	168.3322
240.000000	92.785	168.6437
243.000000	92.774	168.8785
247.000000	92.760	169.1987
250.000000	92.752	169.4605
254.000000	92.744	169.7474
258.000000	92.733	170.0396
262.000000	92.722	170.3088
265.000000	92.716	170.4900
269.000000	92.707	170.7457
272.000000	92.700	170.9506
276.000000	92.690	171.2105
280.000000	92.679	171.4559
285.000000	92.667	171.7507
290.000000	92.658	172.0226
295.000000	92.648	172.2852
300.000000	92.638	172.5471
304.000000	92.630	172.7571
307.000000	92.625	172.9113
311.000000	92.617	173.1146
315.000000	92.609	173.3167
320.000000	92.599	173.5580
325.000000	92.589	173.7927
330.000000	92.579	174.0208
335.000000	92.569	174.2439
340.000000	92.560	174.4622
345.000000	92.554	174.6700
350.000000	92.550	174.8761
355.000000	92.535	175.0950
360.000000	92.519	175.3033
365.000000	92.507	175.5010
370.000000	92.497	175.6977
375.000000	92.487	175.8992
382.000000	92.473	176.1744
387.000000	92.462	176.3589
395.000000	92.445	176.6479
400.000000	92.434	176.8277
406.000000	92.423	177.0425
412.000000	92.412	177.2479
418.000000	92.399	177.4477
425.000000	92.383	177.6829
431.000000	92.369	177.8793
437.000000	92.354	178.0764
444.000000	92.335	178.2934
450.000000	92.316	178.4732
455.000000	92.303	178.6453
462.000000	92.287	178.8882
468.000000	92.272	179.0856
475.000000	92.254	179.3146
482.000000	92.235	179.5428
487.000000	92.221	179.7060
494.000000	92.200	179.9360
500.000000	92.182	-179.8603
508.000000	92.159	-179.6036
515.000000	92.137	-179.3806
522.000000	92.115	-179.1537
530.000000	92.089	-178.8838
538.000000	92.062	-178.6115
545.000000	92.035	-178.3741
552.000000	92.009	-178.1320
560.000000	91.988	-177.8504
570.000000	91.956	-177.4936
580.000000	91.921	-177.1243
590.000000	91.885	-176.7473
600.000000	91.848	-176.3593
608.000000	91.819	-176.0444
615.000000	91.793	-175.7642
622.000000	91.766	-175.4749
630.000000	91.735	-175.1338
640.000000	91.698	-174.6933
650.000000	91.660	-174.2333
660.000000	91.622	-173.7562
670.000000	91.586	-173.2681
680.000000	91.551	-172.7631
690.000000	91.518	-172.2402
700.000000	91.487	-171.6991
710.000000	91.457	-171.1445
720.000000	91.429	-170.5812
730.000000	91.405	-170.0107
740.000000	91.384	-169.4329
750.000000	91.364	-168.8547
762.000000	91.340	-168.1489
775.000000	91.315	-167.3717
788.000000	91.293	-166.5798
800.000000	91.275	-165.8269
812.000000	91.258	-165.0484
825.000000	91.244	-164.1797
838.000000	91.235	-163.2915
850.000000	91.233	-162.4498
862.000000	91.235	-161.6044
875.000000	91.243	-160.6756
885.000000	91.254	-159.9515
900.000000	91.278	-158.8603
912.000000	91.304	-157.9927
925.000000	91.338	-157.0579
938.000000	91.378	-156.1324
950.000000	91.421	-155.2904
962.000000	91.471	-154.4578
975.000000	91.531	-153.5730
988.000000	91.596	-152.7166
1000.000000	91.662	-151.9518
1015.000000	91.750	-151.0327
1030.000000	91.843	-150.1582
1044.000000	91.935	-149.3846
1060.000000	92.044	-148.5577
1075.000000	92.149	-147.8360
1090.000000	92.256	-147.1597
1106.000000	92.372	-146.4907
1120.000000	92.474	-145.9516
1138.000000	92.605	-145.3160
1150.000000	92.692	-144.9272
1172.000000	92.847	-144.2784
1180.000000	92.903	-144.0632
1206.000000	93.079	-143.4267
1220.000000	93.171	-143.1138
1241.000000	93.305	-142.6738
1250.000000	93.361	-142.4988
1265.000000	93.451	-142.2351
1280.000000	93.539	-141.9886
1315.000000	93.734	-141.4466
1320.000000	93.760	-141.3730
1340.000000	93.864	-141.0874
1360.000000	93.965	-140.8056
1380.000000	94.062	-140.5242
1400.000000	94.157	-140.2482
1430.000000	94.294	-139.8343
1450.000000	94.383	-139.5587
1475.000000	94.494	-139.2140
1500.000000	94.602	-138.8680
1525.000000	94.709	-138.5139
1550.000000	94.816	-138.1568
1575.000000	94.925	-137.7961
1600.000000	95.034	-137.4394
1625.000000	95.144	-137.0891
1650.000000	95.256	-136.7390
1675.000000	95.369	-136.4013
1700.000000	95.483	-136.0721
1725.000000	95.599	-135.7564
1750.000000	95.716	-135.4531
1775.000000	95.834	-135.1614
1800.000000	95.952	-134.8814
1825.000000	96.073	-134.6109
1850.000000	96.194	-134.3512
1875.000000	96.318	-134.1053
1900.000000	96.443	-133.8712
1925.000000	96.571	-133.6487
1950.000000	96.701	-133.4425
1975.000000	96.832	-133.2563
2000.000000	96.966	-133.0902
2030.000000	97.129	-132.9166
2060.000000	97.295	-132.7779
2090.000000	97.466	-132.6758
2120.000000	97.639	-132.6129
2140.000000	97.757	-132.5961
2180.000000	97.994	-132.6297
2200.000000	98.114	-132.6819
2240.000000	98.357	-132.8575
2270.000000	98.541	-133.0575
2300.000000	98.725	-133.3207
2330.000000	98.910	-133.6487
2360.000000	99.094	-134.0425
2400.000000	99.336	-134.6726
2430.000000	99.514	-135.2269
2470.000000	99.746	-136.0780
2500.000000	99.915	-136.7998
2540.000000	100.131	-137.8688
2580.000000	100.334	-139.0604
2620.000000	100.521	-140.3701
2650.000000	100.651	-141.4245
2690.000000	100.806	-142.9151
2720.000000	100.908	-144.0882
2760.000000	101.024	-145.7149
2800.000000	101.115	-147.3946
2850.000000	101.192	-149.5353
2900.000000	101.229	-151.6803
2950.000000	101.226	-153.7855
3000.000000	101.187	-155.8106
3040.000000	101.131	-157.3506
3070.000000	101.078	-158.4509
3110.000000	100.993	-159.8389
3150.000000	100.894	-161.1281
3200.000000	100.755	-162.5924
3250.000000	100.603	-163.8944
3300.000000	100.443	-165.0375
3350.000000	100.278	-166.0274
3400.000000	100.113	-166.8751
3450.000000	99.949	-167.5916
3500.000000	99.790	-168.1917
3550.000000	99.635	-168.6896
3600.000000	99.487	-169.1009
3650.000000	99.348	-169.4395
3700.000000	99.216	-169.7186
3750.000000	99.093	-169.9541
3820.000000	98.935	-170.2384
3870.000000	98.831	-170.4272
3950.000000	98.678	-170.7335
4000.000000	98.589	-170.9461
4060.000000	98.486	-171.2359
4120.000000	98.384	-171.5712
4180.000000	98.280	-171.9570
4250.000000	98.151	-172.4655
4310.000000	98.030	-172.9362
4370.000000	97.896	-173.4219
4440.000000	97.722	-173.9727
4500.000000	97.558	-174.3968
4550.000000	97.410	-174.6953
4620.000000	97.192	-175.0025
4680.000000	96.998	-175.1436
4750.000000	96.770	-175.1603
4820.000000	96.548	-175.0292
4870.000000	96.395	-174.8604
4940.000000	96.192	-174.5441
5000.000000	96.030	-174.2258
5080.000000	95.829	-173.7777
5150.000000	95.666	-173.3937
5220.000000	95.509	-173.0337
5300.000000	95.334	-172.6596
5380.000000	95.158	-172.3138
5450.000000	95.000	-172.0179
5520.000000	94.836	-171.7085
5600.000000	94.644	-171.3162
5700.000000	94.394	-170.7237
5800.000000	94.140	-169.9780
5900.000000	93.889	-169.0537
6000.000000	93.648	-167.9360
6080.000000	93.469	-166.9073
6150.000000	93.325	-165.9131
6220.000000	93.196	-164.8389
6300.000000	93.070	-163.5294
6400.000000	92.948	-161.8006
6500.000000	92.870	-160.0074
6600.000000	92.842	-158.1948
6700.000000	92.866	-156.4182
6800.000000	92.945	-154.7418
6900.000000	93.080	-153.2277
7000.000000	93.273	-151.9509
7100.000000	93.524	-151.0004
7200.000000	93.830	-150.5003
7300.000000	94.181	-150.5909
7400.000000	94.556	-151.4014
7500.000000	94.930	-153.0388
7620.000000	95.323	-156.1999
7750.000000	95.584	-160.9614
7880.000000	95.588	-166.6129
8000.000000	95.320	-171.9472
8120.000000	94.801	-176.6615
8250.000000	94.021	179.6216
8380.000000	93.122	177.8441
8500.000000	92.317	178.2155
8620.000000	91.735	-179.8595
8750.000000	91.431	-178.3847
8850.000000	91.190	-178.3793
9000.000000	90.668	-177.7331
9120.000000	90.292	-176.1253
9250.000000	90.030	-173.9250
9380.000000	89.923	-171.7672
9500.000000	89.942	-170.1243
9620.000000	90.049	-169.0351
9750.000000	90.224	-168.6474
9880.000000	90.412	-169.1213
10000.000000	90.553	-170.2210
10150.000000	90.656	-172.1832
10300.000000	90.683	-174.4115
10440.000000	90.675	-176.5404
10600.000000	90.673	-179.1371
10750.000000	90.687	177.9595
10900.000000	90.684	174.3618
11060.000000	90.606	169.7602
11200.000000	90.436	165.2665
11380.000000	90.052	159.2174
11500.000000	89.692	155.2398
11720.000000	88.843	148.5815
11800.000000	88.487	146.4858
12060.000000	87.260	141.2651
12200.000000	86.625	139.4777
12410.000000	85.803	137.8737
12500.000000	85.517	137.4753
12650.000000	85.144	137.0357
12800.000000	84.914	136.7053
13150.000000	84.968	135.2008
13200.000000	85.044	134.7901
13400.000000	85.509	132.3564
13600.000000	86.205	128.2373
13800.000000	87.063	121.9030
14000.000000	87.971	112.9976
14300.000000	89.125	94.9025
14500.000000	89.570	80.3730
14750.000000	89.654	60.9921
15000.000000	89.341	41.7880
15250.000000	88.900	22.8870
15500.000000	88.409	3.1096
15750.000000	87.660	-17.9504
16000.000000	86.485	-38.8396
16250.000000	85.103	-57.8939
16500.000000	84.020	-75.7974
16750.000000	83.498	-95.5489
17000.000000	83.264	-119.6227
17250.000000	82.888	-148.2583
17500.000000	82.174	179.4329
17750.000000	81.125	144.0058
18000.000000	79.751	105.5211
18250.000000	78.006	64.1381
18500.000000	75.929	20.0454
18750.000000	73.695	-27.3798
19000.000000	71.323	-79.2769
19250.000000	68.647	-136.3259
19500.000000	65.530	161.1079
19750.000000	62.002	90.6794
20000.000000	59.058	18.2289
