* Measurement data measured by REW V5.31.3
* Source: USB-C to 3.5mm Headphone Jack Adapter, no input selected, 0, volume: no control
* Format: 256k Log Swept Sine, 4 sweeps at -12.0 dBFS with no timing reference
* Dated: Apr 4, 2026 6:26:23 PM
* REW Settings:
*  C-weighting compensation: Off
*  Target level: 75.0 dB
* Note: ; 
* Measurement: Crinear Daybreak SE100 R
* Smoothing: 1/24 octave
* Frequency Step: 1/48 octave
* Start Frequency: 20.300 Hz
*
* Freq(Hz)	SPL(dB)	Phase(degrees)
20.299999	102.046	-163.9895
20.600000	102.049	-164.5571
20.900000	102.048	-165.1655
21.200001	102.045	-165.7767
21.400000	102.043	-166.1890
21.799999	102.041	-167.0322
22.000000	102.041	-167.4622
22.400000	102.039	-168.3251
22.700001	102.037	-168.9576
23.000000	102.034	-169.5631
23.299999	102.031	-170.1341
23.600000	102.027	-170.6703
24.000000	102.022	-171.3396
24.299999	102.018	-171.8150
24.700001	102.011	-172.4215
25.000000	102.007	-172.8604
25.400000	102.004	-173.4361
25.799999	102.007	-174.0236
26.200001	102.012	-174.6460
26.500000	102.014	-175.1358
26.900000	102.004	-175.7897
27.200001	101.986	-176.2469
27.600000	101.951	-176.7673
28.000000	101.911	-177.1772
28.500000	101.873	-177.6209
29.000000	101.854	-178.1577
29.500000	101.843	-178.8907
30.000000	101.826	-179.7583
30.400000	101.808	179.5482
30.700001	101.796	179.0666
31.100000	101.785	178.4856
31.500000	101.778	177.9589
32.000000	101.766	177.3447
32.500000	101.741	176.7702
33.000000	101.704	176.2362
33.500000	101.667	175.7167
34.000000	101.637	175.1676
34.500000	101.612	174.5757
35.000000	101.588	173.9779
35.500000	101.562	173.4240
36.000000	101.534	172.9302
36.500000	101.503	172.4728
37.000000	101.468	172.0178
37.500000	101.431	171.5469
38.200001	101.381	170.8658
38.700001	101.349	170.3784
39.500000	101.305	169.6244
40.000000	101.276	169.1749
40.599998	101.237	168.6506
41.200001	101.192	168.1347
41.799999	101.144	167.6326
42.500000	101.092	167.0787
43.099998	101.054	166.6260
43.700001	101.017	166.1794
44.400002	100.968	165.6600
45.000000	100.924	165.2114
45.500000	100.888	164.8294
46.200001	100.840	164.2971
46.799999	100.801	163.8744
47.500000	100.754	163.4278
48.200001	100.695	163.0068
48.700001	100.645	162.7263
49.400002	100.578	162.3587
50.000000	100.535	162.0091
50.799999	100.491	161.4236
51.500000	100.442	160.8999
52.200001	100.383	160.4811
53.000000	100.319	160.0836
53.799999	100.257	159.6876
54.500000	100.202	159.3541
55.200001	100.151	159.0276
56.000000	100.092	158.6122
57.000000	100.009	158.0817
58.000000	99.931	157.7277
59.000000	99.872	157.4000
60.000000	99.786	156.9114
60.799999	99.704	156.5198
61.500000	99.645	156.1955
62.200001	99.594	155.8715
63.000000	99.535	155.5399
64.000000	99.452	155.1884
65.000000	99.363	154.8445
66.000000	99.284	154.5176
67.000000	99.212	154.1819
68.000000	99.133	153.8478
69.000000	99.053	153.5381
70.000000	98.975	153.2283
71.000000	98.892	152.9289
72.000000	98.808	152.6756
73.000000	98.732	152.4348
74.000000	98.658	152.1884
75.000000	98.578	151.9914
76.199997	98.487	151.7725
77.500000	98.396	151.5162
78.800003	98.300	151.3375
80.000000	98.199	151.1838
81.199997	98.102	151.0263
82.500000	98.012	150.8513
83.800003	97.917	150.6641
85.000000	97.828	150.4851
86.199997	97.741	150.2750
87.500000	97.645	150.0138
88.500000	97.569	149.9022
90.000000	97.468	149.9292
91.199997	97.387	149.8824
92.500000	97.298	149.8298
93.800003	97.204	149.8486
95.000000	97.090	149.9403
96.199997	96.994	150.0326
97.500000	96.926	149.8084
98.800003	96.878	149.3889
100.000000	96.822	149.0918
101.500000	96.701	149.5464
103.000000	96.616	150.0881
104.400002	96.550	150.0694
106.000000	96.441	150.1004
107.500000	96.342	150.2271
109.000000	96.264	150.2082
110.599998	96.175	150.2184
112.000000	96.094	150.3849
113.800003	96.015	150.6181
115.000000	95.979	150.7498
117.199997	95.887	150.7728
118.000000	95.848	150.7393
120.599998	95.704	150.8599
122.000000	95.624	150.9388
124.099998	95.508	151.1589
125.000000	95.456	151.2779
126.500000	95.372	151.4907
128.000000	95.297	151.7653
131.500000	95.123	152.5713
132.000000	95.102	152.7149
134.000000	95.044	153.3228
136.000000	95.048	153.6936
138.000000	95.056	153.8718
140.000000	95.018	153.9427
143.000000	94.930	154.1858
145.000000	94.868	154.3700
147.500000	94.805	154.4164
150.000000	94.749	154.4558
152.500000	94.639	154.7493
155.000000	94.544	154.9493
157.500000	94.476	155.2007
160.000000	94.416	155.5326
162.500000	94.349	155.8660
165.000000	94.279	156.0948
167.500000	94.214	156.3878
170.000000	94.157	156.7334
172.500000	94.100	157.0508
175.000000	94.048	157.3206
177.500000	94.001	157.6188
180.000000	93.951	157.9539
182.500000	93.905	158.2685
185.000000	93.859	158.5377
187.500000	93.815	158.8181
190.000000	93.775	159.1101
192.500000	93.736	159.4024
195.000000	93.693	159.7009
197.500000	93.638	160.0428
200.000000	93.583	160.4142
203.000000	93.560	160.7429
206.000000	93.539	161.0868
209.000000	93.513	161.4297
212.000000	93.491	161.7523
214.000000	93.478	161.9513
218.000000	93.450	162.2926
220.000000	93.432	162.4671
224.000000	93.394	162.8104
227.000000	93.366	163.0564
230.000000	93.340	163.3038
233.000000	93.314	163.5660
236.000000	93.289	163.8369
240.000000	93.256	164.1655
243.000000	93.233	164.3925
247.000000	93.209	164.7203
250.000000	93.192	164.9777
254.000000	93.154	165.2744
258.000000	93.122	165.5745
262.000000	93.097	165.8814
265.000000	93.077	166.1037
269.000000	93.050	166.3829
272.000000	93.031	166.5900
276.000000	93.008	166.8609
280.000000	92.983	167.1297
285.000000	92.952	167.4718
290.000000	92.920	167.8275
295.000000	92.894	168.1975
300.000000	92.875	168.5469
304.000000	92.857	168.8005
307.000000	92.844	168.9881
311.000000	92.830	169.2308
315.000000	92.818	169.4692
320.000000	92.804	169.7436
325.000000	92.788	169.9904
330.000000	92.770	170.2454
335.000000	92.750	170.4945
340.000000	92.730	170.7212
345.000000	92.715	170.9487
350.000000	92.699	171.1791
355.000000	92.676	171.4324
360.000000	92.654	171.6754
365.000000	92.634	171.9160
370.000000	92.615	172.1357
375.000000	92.597	172.3463
382.000000	92.572	172.6475
387.000000	92.554	172.8538
395.000000	92.526	173.1927
400.000000	92.507	173.4069
406.000000	92.482	173.6488
412.000000	92.458	173.8919
418.000000	92.435	174.1303
425.000000	92.408	174.4051
431.000000	92.384	174.6462
437.000000	92.359	174.8912
444.000000	92.330	175.1814
450.000000	92.306	175.4341
455.000000	92.287	175.6205
462.000000	92.260	175.8835
468.000000	92.236	176.1204
475.000000	92.207	176.3987
482.000000	92.178	176.6784
487.000000	92.157	176.8781
494.000000	92.128	177.1645
500.000000	92.102	177.4117
508.000000	92.068	177.7282
515.000000	92.038	178.0137
522.000000	92.008	178.3122
530.000000	91.973	178.6568
538.000000	91.939	179.0016
545.000000	91.911	179.3038
552.000000	91.881	179.6156
560.000000	91.843	179.9846
570.000000	91.799	-179.5459
580.000000	91.756	-179.0588
590.000000	91.713	-178.5478
600.000000	91.673	-178.0264
608.000000	91.642	-177.5996
615.000000	91.616	-177.2111
622.000000	91.592	-176.8117
630.000000	91.566	-176.3475
640.000000	91.538	-175.7594
650.000000	91.516	-175.1697
660.000000	91.503	-174.5882
670.000000	91.496	-174.0390
680.000000	91.492	-173.5427
690.000000	91.487	-173.1115
700.000000	91.476	-172.7410
710.000000	91.456	-172.4052
720.000000	91.425	-172.0651
730.000000	91.385	-171.6925
740.000000	91.337	-171.2662
750.000000	91.287	-170.7729
762.000000	91.228	-170.0948
775.000000	91.169	-169.2850
788.000000	91.116	-168.4066
800.000000	91.073	-167.5547
812.000000	91.037	-166.6687
825.000000	91.007	-165.6713
838.000000	90.984	-164.6533
850.000000	90.971	-163.6973
862.000000	90.964	-162.7283
875.000000	90.964	-161.6795
885.000000	90.970	-160.8657
900.000000	90.987	-159.6401
912.000000	91.008	-158.6626
925.000000	91.037	-157.6076
938.000000	91.075	-156.5607
950.000000	91.117	-155.6075
962.000000	91.166	-154.6755
975.000000	91.225	-153.6889
988.000000	91.292	-152.7255
1000.000000	91.359	-151.8629
1015.000000	91.450	-150.8244
1030.000000	91.547	-149.8343
1044.000000	91.644	-148.9619
1060.000000	91.759	-148.0318
1075.000000	91.870	-147.2211
1090.000000	91.984	-146.4637
1106.000000	92.107	-145.7200
1120.000000	92.216	-145.1221
1138.000000	92.355	-144.4202
1150.000000	92.447	-143.9917
1172.000000	92.612	-143.2785
1180.000000	92.671	-143.0399
1206.000000	92.856	-142.3317
1220.000000	92.952	-141.9887
1241.000000	93.091	-141.5174
1250.000000	93.149	-141.3295
1265.000000	93.242	-141.0326
1280.000000	93.332	-140.7509
1315.000000	93.531	-140.1379
1320.000000	93.559	-140.0529
1340.000000	93.664	-139.7197
1360.000000	93.766	-139.3995
1380.000000	93.864	-139.0826
1400.000000	93.959	-138.7636
1430.000000	94.096	-138.2895
1450.000000	94.185	-137.9688
1475.000000	94.295	-137.5595
1500.000000	94.402	-137.1504
1525.000000	94.509	-136.7361
1550.000000	94.616	-136.3160
1575.000000	94.722	-135.8875
1600.000000	94.829	-135.4573
1625.000000	94.937	-135.0248
1650.000000	95.048	-134.5948
1675.000000	95.158	-134.1682
1700.000000	95.271	-133.7423
1725.000000	95.386	-133.3189
1750.000000	95.504	-132.9044
1775.000000	95.624	-132.5020
1800.000000	95.747	-132.1122
1825.000000	95.873	-131.7380
1850.000000	96.000	-131.3809
1875.000000	96.129	-131.0410
1900.000000	96.260	-130.7227
1925.000000	96.392	-130.4247
1950.000000	96.526	-130.1432
1975.000000	96.661	-129.8769
2000.000000	96.798	-129.6266
2030.000000	96.965	-129.3461
2060.000000	97.135	-129.0904
2090.000000	97.309	-128.8661
2120.000000	97.485	-128.6773
2140.000000	97.605	-128.5716
2180.000000	97.850	-128.4135
2200.000000	97.974	-128.3647
2240.000000	98.227	-128.3352
2270.000000	98.419	-128.3754
2300.000000	98.612	-128.4700
2330.000000	98.806	-128.6203
2360.000000	99.002	-128.8271
2400.000000	99.263	-129.1940
2430.000000	99.459	-129.5432
2470.000000	99.719	-130.1141
2500.000000	99.913	-130.6248
2540.000000	100.166	-131.4196
2580.000000	100.412	-132.3407
2620.000000	100.649	-133.3865
2650.000000	100.820	-134.2530
2690.000000	101.037	-135.5143
2720.000000	101.190	-136.5383
2760.000000	101.379	-138.0068
2800.000000	101.549	-139.5850
2850.000000	101.728	-141.6876
2900.000000	101.867	-143.8931
2950.000000	101.963	-146.1529
3000.000000	102.018	-148.4188
3040.000000	102.032	-150.2035
3070.000000	102.027	-151.5111
3110.000000	102.000	-153.1996
3150.000000	101.953	-154.8122
3200.000000	101.869	-156.7041
3250.000000	101.764	-158.4426
3300.000000	101.642	-160.0183
3350.000000	101.508	-161.4307
3400.000000	101.369	-162.6862
3450.000000	101.230	-163.8017
3500.000000	101.092	-164.8011
3550.000000	100.958	-165.7101
3600.000000	100.827	-166.5466
3650.000000	100.700	-167.3214
3700.000000	100.576	-168.0464
3750.000000	100.456	-168.7326
3820.000000	100.295	-169.6532
3870.000000	100.183	-170.3023
3950.000000	100.006	-171.3557
4000.000000	99.895	-172.0378
4060.000000	99.756	-172.8901
4120.000000	99.606	-173.7783
4180.000000	99.442	-174.6893
4250.000000	99.226	-175.7504
4310.000000	99.018	-176.6212
4370.000000	98.787	-177.4113
4440.000000	98.490	-178.1730
4500.000000	98.217	-178.6448
4550.000000	97.982	-178.8880
4620.000000	97.648	-178.9809
4680.000000	97.367	-178.8340
4750.000000	97.053	-178.4265
4820.000000	96.764	-177.8140
4870.000000	96.575	-177.2868
4940.000000	96.337	-176.4776
5000.000000	96.157	-175.7626
5080.000000	95.945	-174.8341
5150.000000	95.781	-174.0823
5220.000000	95.629	-173.4086
5300.000000	95.462	-172.7379
5380.000000	95.296	-172.1568
5450.000000	95.146	-171.6967
5520.000000	94.988	-171.2548
5600.000000	94.798	-170.7389
5700.000000	94.547	-170.0159
5800.000000	94.285	-169.1470
5900.000000	94.020	-168.0909
6000.000000	93.760	-166.8225
6080.000000	93.563	-165.6517
6150.000000	93.403	-164.5176
6220.000000	93.255	-163.2867
6300.000000	93.106	-161.7749
6400.000000	92.955	-159.7540
6500.000000	92.848	-157.6211
6600.000000	92.789	-155.4173
6700.000000	92.783	-153.1859
6800.000000	92.833	-150.9722
6900.000000	92.944	-148.8291
7000.000000	93.120	-146.8212
7100.000000	93.366	-145.0412
7200.000000	93.683	-143.6234
7300.000000	94.060	-142.7214
7400.000000	94.476	-142.4615
7500.000000	94.910	-142.8102
7620.000000	95.463	-144.1236
7750.000000	96.034	-147.1556
7880.000000	96.442	-151.7693
8000.000000	96.585	-156.9310
8120.000000	96.465	-162.2539
8250.000000	96.061	-167.3562
8380.000000	95.457	-171.1208
8500.000000	94.821	-173.1735
8620.000000	94.194	-173.9156
8750.000000	93.602	-173.4953
8850.000000	93.248	-172.6071
9000.000000	92.889	-171.1078
9120.000000	92.688	-170.1154
9250.000000	92.500	-168.9986
9380.000000	92.373	-167.5297
9500.000000	92.360	-165.9462
9620.000000	92.476	-164.4076
9750.000000	92.757	-163.1524
9880.000000	93.188	-162.7565
10000.000000	93.681	-163.5183
10150.000000	94.336	-166.3575
10300.000000	94.897	-171.3178
10440.000000	95.219	-177.4242
10600.000000	95.288	174.7839
10750.000000	95.093	167.5259
10900.000000	94.726	160.7159
11060.000000	94.221	153.9371
11200.000000	93.705	148.2755
11380.000000	92.932	141.3001
11500.000000	92.337	136.9443
11720.000000	91.097	130.0777
11800.000000	90.618	128.0675
12060.000000	89.107	123.4715
12200.000000	88.399	121.9832
12410.000000	87.549	120.4504
12500.000000	87.270	119.8901
12650.000000	86.918	118.8814
12800.000000	86.702	117.5918
13150.000000	86.628	112.4142
13200.000000	86.651	111.3499
13400.000000	86.776	106.2007
13600.000000	86.891	99.7440
13800.000000	86.932	92.3386
14000.000000	86.881	84.4773
14300.000000	86.717	72.6359
14500.000000	86.643	64.7924
14750.000000	86.694	54.6093
15000.000000	86.933	43.0781
15250.000000	87.274	29.3912
15500.000000	87.615	13.2993
15750.000000	87.886	-5.3201
16000.000000	87.979	-26.6516
16250.000000	87.714	-50.0488
16500.000000	87.158	-74.2697
16750.000000	86.576	-99.5272
17000.000000	86.036	-127.0324
17250.000000	85.477	-157.5168
17500.000000	84.879	168.3453
17750.000000	84.109	129.8501
18000.000000	82.887	87.2258
18250.000000	81.052	41.7178
18500.000000	78.725	-5.7969
18750.000000	76.129	-55.5948
19000.000000	73.375	-108.6967
19250.000000	70.401	-166.0072
19500.000000	67.076	131.7400
19750.000000	63.403	61.5933
20000.000000	60.354	-11.0061
