* Measurement data measured by REW V5.31.3
* Source: USB-C to 3.5mm Headphone Jack Adapter, no input selected, 0, volume: no control
* Format: 256k Log Swept Sine, 4 sweeps at -12.0 dBFS with no timing reference
* Dated: Apr 4, 2026 6:11:43 PM
* REW Settings:
*  C-weighting compensation: Off
*  Target level: 75.0 dB
* Note: ; 
* Measurement: Crinear Daybreak Sancai L
* Smoothing: 1/24 octave
* Frequency Step: 1/48 octave
* Start Frequency: 20.300 Hz
*
* Freq(Hz)	SPL(dB)	Phase(degrees)
20.299999	101.740	-164.7300
20.600000	101.740	-165.2555
20.900000	101.741	-165.8114
21.200001	101.743	-166.3714
21.400000	101.745	-166.7536
21.799999	101.752	-167.5465
22.000000	101.754	-167.9541
22.400000	101.756	-168.7700
22.700001	101.754	-169.3636
23.000000	101.751	-169.9311
23.299999	101.749	-170.4738
23.600000	101.749	-171.0006
24.000000	101.749	-171.6950
24.299999	101.747	-172.2140
24.700001	101.738	-172.8918
25.000000	101.725	-173.3762
25.400000	101.703	-173.9798
25.799999	101.679	-174.5479
26.200001	101.656	-175.1151
26.500000	101.639	-175.5592
26.900000	101.618	-176.1827
27.200001	101.603	-176.6644
27.600000	101.584	-177.3020
28.000000	101.571	-177.9152
28.500000	101.563	-178.6429
29.000000	101.558	-179.3386
29.500000	101.543	179.9994
30.000000	101.516	179.3832
30.400000	101.489	178.9164
30.700001	101.468	178.5682
31.100000	101.442	178.0901
31.500000	101.418	177.5895
32.000000	101.389	176.9530
32.500000	101.361	176.3463
33.000000	101.334	175.7931
33.500000	101.309	175.2784
34.000000	101.283	174.7691
34.500000	101.254	174.2418
35.000000	101.221	173.6944
35.500000	101.186	173.1438
36.000000	101.150	172.6156
36.500000	101.115	172.1262
37.000000	101.082	171.6689
37.500000	101.051	171.2189
38.200001	101.008	170.5695
38.700001	100.975	170.0992
39.500000	100.925	169.3676
40.000000	100.894	168.9257
40.599998	100.852	168.4154
41.200001	100.803	167.9383
41.799999	100.753	167.4823
42.500000	100.700	166.9299
43.099998	100.658	166.4370
43.700001	100.619	165.9668
44.400002	100.575	165.4677
45.000000	100.535	165.0490
45.500000	100.497	164.6915
46.200001	100.435	164.2036
46.799999	100.383	163.8229
47.500000	100.331	163.4086
48.200001	100.280	162.9976
48.700001	100.237	162.7126
49.400002	100.169	162.3402
50.000000	100.110	162.0251
50.799999	100.040	161.5568
51.500000	99.986	161.1151
52.200001	99.938	160.6978
53.000000	99.883	160.2765
53.799999	99.825	159.8852
54.500000	99.766	159.5281
55.200001	99.700	159.1678
56.000000	99.623	158.8311
57.000000	99.557	158.4713
58.000000	99.495	157.9867
59.000000	99.405	157.5277
60.000000	99.316	157.1287
60.799999	99.250	156.8157
61.500000	99.195	156.6027
62.200001	99.145	156.4262
63.000000	99.084	156.1909
64.000000	98.996	155.8231
65.000000	98.907	155.4432
66.000000	98.824	155.1107
67.000000	98.742	154.8367
68.000000	98.660	154.5844
69.000000	98.579	154.3463
70.000000	98.500	154.1364
71.000000	98.423	153.9117
72.000000	98.346	153.6567
73.000000	98.266	153.4377
74.000000	98.188	153.2745
75.000000	98.111	153.1183
76.199997	98.018	152.9164
77.500000	97.918	152.7320
78.800003	97.821	152.5560
80.000000	97.729	152.3909
81.199997	97.638	152.2738
82.500000	97.545	152.1645
83.800003	97.452	152.0320
85.000000	97.365	151.9446
86.199997	97.281	151.8688
87.500000	97.189	151.7816
88.500000	97.120	151.7457
90.000000	97.019	151.7188
91.199997	96.940	151.6725
92.500000	96.855	151.6398
93.800003	96.771	151.6403
95.000000	96.689	151.6415
96.199997	96.605	151.6622
97.500000	96.513	151.7774
98.800003	96.413	151.9387
100.000000	96.334	152.0259
101.500000	96.266	151.9231
103.000000	96.183	151.9322
104.400002	96.095	152.0982
106.000000	96.004	152.3044
107.500000	95.940	152.4931
109.000000	95.885	152.5702
110.599998	95.808	152.6424
112.000000	95.728	152.7000
113.800003	95.619	152.8313
115.000000	95.550	152.9840
117.199997	95.441	153.2577
118.000000	95.406	153.3423
120.599998	95.305	153.6460
122.000000	95.251	153.8563
124.099998	95.163	154.1141
125.000000	95.126	154.1856
126.500000	95.062	154.2965
128.000000	94.999	154.4304
131.500000	94.899	154.8779
132.000000	94.882	154.9763
134.000000	94.802	155.4766
136.000000	94.720	155.8854
138.000000	94.662	156.0690
140.000000	94.615	156.3055
143.000000	94.517	156.7219
145.000000	94.466	157.0764
147.500000	94.384	157.4335
150.000000	94.294	157.6360
152.500000	94.259	158.1816
155.000000	94.214	158.5912
157.500000	94.161	158.9797
160.000000	94.112	159.3109
162.500000	94.072	159.6357
165.000000	94.029	159.9932
167.500000	93.982	160.3849
170.000000	93.934	160.7293
172.500000	93.890	161.0725
175.000000	93.850	161.4132
177.500000	93.811	161.7493
180.000000	93.778	162.0758
182.500000	93.748	162.4048
185.000000	93.717	162.7454
187.500000	93.687	163.0828
190.000000	93.661	163.4065
192.500000	93.637	163.7109
195.000000	93.620	164.0152
197.500000	93.610	164.3318
200.000000	93.596	164.6438
203.000000	93.560	164.9318
206.000000	93.528	165.2181
209.000000	93.506	165.5403
212.000000	93.485	165.8812
214.000000	93.471	166.1064
218.000000	93.447	166.5220
220.000000	93.439	166.7302
224.000000	93.425	167.1156
227.000000	93.413	167.3777
230.000000	93.402	167.6222
233.000000	93.392	167.8555
236.000000	93.381	168.0764
240.000000	93.363	168.3686
243.000000	93.350	168.5896
247.000000	93.335	168.9349
250.000000	93.325	169.1992
254.000000	93.307	169.4322
258.000000	93.291	169.6852
262.000000	93.277	169.9603
265.000000	93.268	170.1497
269.000000	93.255	170.3962
272.000000	93.246	170.5856
276.000000	93.235	170.8360
280.000000	93.223	171.0783
285.000000	93.206	171.3767
290.000000	93.190	171.6697
295.000000	93.176	171.9291
300.000000	93.162	172.1786
304.000000	93.153	172.4041
307.000000	93.147	172.5750
311.000000	93.137	172.7819
315.000000	93.125	172.9684
320.000000	93.111	173.2007
325.000000	93.097	173.4485
330.000000	93.082	173.7072
335.000000	93.069	173.9626
340.000000	93.058	174.2165
345.000000	93.047	174.4539
350.000000	93.038	174.6739
355.000000	93.034	174.8942
360.000000	93.028	175.1033
365.000000	93.021	175.2942
370.000000	93.012	175.4716
375.000000	93.002	175.6464
382.000000	92.987	175.8988
387.000000	92.977	176.0766
395.000000	92.960	176.3483
400.000000	92.949	176.5076
406.000000	92.933	176.7143
412.000000	92.918	176.9275
418.000000	92.904	177.1307
425.000000	92.889	177.3542
431.000000	92.875	177.5369
437.000000	92.859	177.7206
444.000000	92.839	177.9442
450.000000	92.821	178.1342
455.000000	92.806	178.2834
462.000000	92.786	178.4933
468.000000	92.768	178.6794
475.000000	92.747	178.8994
482.000000	92.725	179.1252
487.000000	92.709	179.2863
494.000000	92.686	179.5076
500.000000	92.666	179.6960
508.000000	92.639	179.9561
515.000000	92.616	-179.8129
522.000000	92.592	-179.5811
530.000000	92.564	-179.3123
538.000000	92.536	-179.0432
545.000000	92.510	-178.8042
552.000000	92.485	-178.5603
560.000000	92.455	-178.2739
570.000000	92.419	-177.9085
580.000000	92.382	-177.5398
590.000000	92.344	-177.1653
600.000000	92.305	-176.7771
608.000000	92.274	-176.4591
615.000000	92.246	-176.1758
622.000000	92.218	-175.8883
630.000000	92.186	-175.5511
640.000000	92.145	-175.1095
650.000000	92.105	-174.6509
660.000000	92.066	-174.1790
670.000000	92.027	-173.6902
680.000000	91.989	-173.1801
690.000000	91.953	-172.6557
700.000000	91.919	-172.1187
710.000000	91.886	-171.5706
720.000000	91.856	-171.0132
730.000000	91.827	-170.4472
740.000000	91.798	-169.8711
750.000000	91.770	-169.2825
762.000000	91.739	-168.5573
775.000000	91.708	-167.7431
788.000000	91.679	-166.9000
800.000000	91.655	-166.0986
812.000000	91.636	-165.2710
825.000000	91.621	-164.3461
838.000000	91.611	-163.3984
850.000000	91.608	-162.5081
862.000000	91.609	-161.6094
875.000000	91.618	-160.6268
885.000000	91.630	-159.8673
900.000000	91.656	-158.7162
912.000000	91.685	-157.7963
925.000000	91.723	-156.8105
938.000000	91.768	-155.8323
950.000000	91.816	-154.9435
962.000000	91.870	-154.0706
975.000000	91.936	-153.1463
988.000000	92.009	-152.2496
1000.000000	92.081	-151.4514
1015.000000	92.178	-150.4985
1030.000000	92.281	-149.5964
1044.000000	92.381	-148.7995
1060.000000	92.501	-147.9505
1075.000000	92.617	-147.2141
1090.000000	92.734	-146.5357
1106.000000	92.861	-145.8740
1120.000000	92.972	-145.3463
1138.000000	93.115	-144.7325
1150.000000	93.210	-144.3609
1172.000000	93.378	-143.7560
1180.000000	93.438	-143.5557
1206.000000	93.629	-142.9673
1220.000000	93.728	-142.6909
1241.000000	93.871	-142.3256
1250.000000	93.931	-142.1812
1265.000000	94.026	-141.9492
1280.000000	94.119	-141.7317
1315.000000	94.325	-141.2841
1320.000000	94.354	-141.2249
1340.000000	94.463	-140.9967
1360.000000	94.567	-140.7769
1380.000000	94.668	-140.5605
1400.000000	94.765	-140.3473
1430.000000	94.906	-140.0273
1450.000000	94.997	-139.8102
1475.000000	95.108	-139.5377
1500.000000	95.217	-139.2597
1525.000000	95.324	-138.9735
1550.000000	95.430	-138.6839
1575.000000	95.536	-138.3882
1600.000000	95.643	-138.0895
1625.000000	95.750	-137.7952
1650.000000	95.858	-137.5034
1675.000000	95.967	-137.2093
1700.000000	96.077	-136.9228
1725.000000	96.188	-136.6459
1750.000000	96.300	-136.3764
1775.000000	96.414	-136.1151
1800.000000	96.529	-135.8619
1825.000000	96.645	-135.6177
1850.000000	96.763	-135.3834
1875.000000	96.883	-135.1607
1900.000000	97.005	-134.9487
1925.000000	97.128	-134.7515
1950.000000	97.253	-134.5699
1975.000000	97.380	-134.4025
2000.000000	97.509	-134.2492
2030.000000	97.667	-134.0899
2060.000000	97.829	-133.9594
2090.000000	97.994	-133.8617
2120.000000	98.163	-133.8046
2140.000000	98.277	-133.7912
2180.000000	98.510	-133.8252
2200.000000	98.628	-133.8746
2240.000000	98.867	-134.0456
2270.000000	99.047	-134.2380
2300.000000	99.229	-134.4865
2330.000000	99.411	-134.7962
2360.000000	99.593	-135.1702
2400.000000	99.835	-135.7717
2430.000000	100.015	-136.3025
2470.000000	100.250	-137.1203
2500.000000	100.422	-137.8175
2540.000000	100.644	-138.8597
2580.000000	100.855	-140.0275
2620.000000	101.052	-141.3176
2650.000000	101.190	-142.3619
2690.000000	101.359	-143.8481
2720.000000	101.472	-145.0275
2760.000000	101.603	-146.6745
2800.000000	101.711	-148.3907
2850.000000	101.810	-150.6051
2900.000000	101.869	-152.8546
2950.000000	101.886	-155.0957
3000.000000	101.865	-157.2852
3040.000000	101.821	-158.9750
3070.000000	101.775	-160.1951
3110.000000	101.697	-161.7492
3150.000000	101.603	-163.2120
3200.000000	101.466	-164.9031
3250.000000	101.313	-166.4347
3300.000000	101.149	-167.8072
3350.000000	100.976	-169.0276
3400.000000	100.799	-170.1034
3450.000000	100.620	-171.0415
3500.000000	100.441	-171.8517
3550.000000	100.264	-172.5439
3600.000000	100.092	-173.1291
3650.000000	99.925	-173.6219
3700.000000	99.766	-174.0387
3750.000000	99.615	-174.3927
3820.000000	99.416	-174.8137
3870.000000	99.283	-175.0785
3950.000000	99.084	-175.4753
4000.000000	98.967	-175.7231
4060.000000	98.832	-176.0362
4120.000000	98.700	-176.3767
4180.000000	98.568	-176.7500
4250.000000	98.410	-177.2278
4310.000000	98.267	-177.6677
4370.000000	98.115	-178.1220
4440.000000	97.924	-178.6402
4500.000000	97.748	-179.0499
4550.000000	97.592	-179.3496
4620.000000	97.364	-179.6807
4680.000000	97.162	-179.8694
4750.000000	96.925	-179.9720
4820.000000	96.690	-179.9553
4870.000000	96.526	-179.8838
4940.000000	96.306	-179.7233
5000.000000	96.124	-179.5529
5080.000000	95.892	-179.3135
5150.000000	95.695	-179.1173
5220.000000	95.500	-178.9471
5300.000000	95.275	-178.7885
5380.000000	95.041	-178.6509
5450.000000	94.825	-178.5253
5520.000000	94.599	-178.3717
5600.000000	94.326	-178.1286
5700.000000	93.966	-177.6714
5800.000000	93.593	-176.9889
5900.000000	93.213	-176.0572
6000.000000	92.837	-174.8617
6080.000000	92.544	-173.7138
6150.000000	92.296	-172.5771
6220.000000	92.059	-171.3233
6300.000000	91.804	-169.7568
6400.000000	91.512	-167.6155
6500.000000	91.255	-165.3018
6600.000000	91.035	-162.8373
6700.000000	90.854	-160.2439
6800.000000	90.718	-157.5473
6900.000000	90.627	-154.7685
7000.000000	90.588	-151.9312
7100.000000	90.605	-149.0797
7200.000000	90.680	-146.2777
7300.000000	90.813	-143.5802
7400.000000	90.999	-141.0136
7500.000000	91.242	-138.5911
7620.000000	91.615	-135.9252
7750.000000	92.127	-133.4753
7880.000000	92.755	-131.7020
8000.000000	93.430	-130.8983
8120.000000	94.177	-131.1575
8250.000000	95.015	-132.9433
8380.000000	95.796	-136.4418
8500.000000	96.382	-140.9807
8620.000000	96.817	-146.3999
8750.000000	97.095	-153.3463
8850.000000	97.061	-159.3376
9000.000000	96.518	-167.2538
9120.000000	95.859	-171.4258
9250.000000	95.150	-173.9061
9380.000000	94.561	-174.9536
9500.000000	94.161	-175.2323
9620.000000	93.900	-175.3126
9750.000000	93.753	-175.6007
9880.000000	93.704	-176.4272
10000.000000	93.697	-177.8116
10150.000000	93.669	179.6803
10300.000000	93.568	176.6463
10440.000000	93.407	173.7274
10600.000000	93.195	170.5322
10750.000000	93.023	167.5254
10900.000000	92.890	164.1073
11060.000000	92.742	159.6633
11200.000000	92.548	155.0870
11380.000000	92.142	148.5901
11500.000000	91.755	144.1364
11720.000000	90.807	136.3734
11800.000000	90.396	133.8408
12060.000000	88.911	127.2475
12200.000000	88.087	124.8689
12410.000000	86.931	122.7217
12500.000000	86.489	122.2218
12650.000000	85.842	121.7972
12800.000000	85.324	121.7317
13150.000000	84.683	121.9681
13200.000000	84.660	121.9505
13400.000000	84.747	121.5022
13600.000000	85.119	120.1118
13800.000000	85.766	117.3120
14000.000000	86.661	112.5732
14300.000000	88.333	100.5686
14500.000000	89.472	88.5918
14750.000000	90.577	69.2781
15000.000000	91.047	46.8418
15250.000000	90.867	23.7146
15500.000000	90.294	1.2758
15750.000000	89.581	-21.0234
16000.000000	88.646	-44.0203
16250.000000	87.297	-66.7819
16500.000000	85.660	-87.6823
16750.000000	84.182	-106.8939
17000.000000	83.188	-126.9727
17250.000000	82.501	-150.3083
17500.000000	81.759	-177.2810
17750.000000	80.808	152.6793
18000.000000	79.723	119.6429
18250.000000	78.608	82.8337
18500.000000	77.429	41.2408
18750.000000	76.111	-5.9296
19000.000000	74.613	-59.6864
19250.000000	72.709	-120.8304
19500.000000	70.092	170.6929
19750.000000	66.679	93.5996
20000.000000	63.516	13.5867
