* Measurement data measured by REW V5.31.3
* Source: USB-C to 3.5mm Headphone Jack Adapter, USB-C to 3.5mm Headphone Jack Adapter, 0, volume: 0.295
* Format: 256k Log Swept Sine, 4 sweeps at -12.0 dBFS with no timing reference
* Dated: Apr 19, 2025 8:06:21 PM
* REW Settings:
*  C-weighting compensation: Off
*  Target level: 75.0 dB
* Note: ; 
* Measurement: CrinEar Meta ASMR Max L
* Smoothing: 1/24 octave
* Frequency Step: 1/48 octave
* Start Frequency: 20.300 Hz
*
* Freq(Hz)	SPL(dB)	Phase(degrees)
20.299999	101.606	-0.6046
20.600000	101.591	-1.0021
20.900000	101.573	-1.4284
21.200001	101.555	-1.8522
21.400000	101.546	-2.1327
21.799999	101.534	-2.6897
22.000000	101.531	-2.9662
22.400000	101.530	-3.5132
22.700001	101.529	-3.9149
23.000000	101.526	-4.3053
23.299999	101.519	-4.6810
23.600000	101.507	-5.0406
24.000000	101.488	-5.5002
24.299999	101.472	-5.8386
24.700001	101.453	-6.2983
25.000000	101.440	-6.6577
25.400000	101.424	-7.1563
25.799999	101.408	-7.6606
26.200001	101.390	-8.1435
26.500000	101.375	-8.4778
26.900000	101.354	-8.8818
27.200001	101.337	-9.1601
27.600000	101.315	-9.5174
28.000000	101.292	-9.8806
28.500000	101.262	-10.3626
29.000000	101.230	-10.8705
29.500000	101.199	-11.3823
30.000000	101.169	-11.8794
30.400000	101.147	-12.2629
30.700001	101.130	-12.5430
31.100000	101.106	-12.9079
31.500000	101.080	-13.2631
32.000000	101.047	-13.6932
32.500000	101.013	-14.1106
33.000000	100.982	-14.5235
33.500000	100.951	-14.9389
34.000000	100.919	-15.3537
34.500000	100.884	-15.7552
35.000000	100.846	-16.1337
35.500000	100.810	-16.4952
36.000000	100.775	-16.8591
36.500000	100.742	-17.2411
37.000000	100.707	-17.6364
37.500000	100.669	-18.0189
38.200001	100.616	-18.4854
38.700001	100.582	-18.7753
39.500000	100.533	-19.2536
40.000000	100.497	-19.5882
40.599998	100.444	-19.9942
41.200001	100.391	-20.3792
41.799999	100.350	-20.7810
42.500000	100.312	-21.3212
43.099998	100.270	-21.7780
43.700001	100.214	-22.1219
44.400002	100.145	-22.3663
45.000000	100.092	-22.5546
45.500000	100.051	-22.7687
46.200001	99.992	-23.1471
46.799999	99.940	-23.4536
47.500000	99.890	-23.7436
48.200001	99.849	-24.0941
48.700001	99.808	-24.4345
49.400002	99.719	-24.9069
50.000000	99.637	-25.1573
50.799999	99.570	-25.3532
51.500000	99.540	-25.6255
52.200001	99.496	-25.9621
53.000000	99.429	-26.2543
53.799999	99.366	-26.5174
54.500000	99.310	-26.7904
55.200001	99.250	-27.0536
56.000000	99.181	-27.3207
57.000000	99.094	-27.6471
58.000000	99.006	-27.9772
59.000000	98.921	-28.2938
60.000000	98.839	-28.5721
60.799999	98.774	-28.8003
61.500000	98.716	-29.0153
62.200001	98.655	-29.2296
63.000000	98.587	-29.4461
64.000000	98.505	-29.6517
65.000000	98.425	-29.8452
66.000000	98.337	-30.0713
67.000000	98.244	-30.2982
68.000000	98.154	-30.4952
69.000000	98.068	-30.6662
70.000000	97.980	-30.8271
71.000000	97.895	-30.9638
72.000000	97.811	-31.0672
73.000000	97.726	-31.1493
74.000000	97.644	-31.2621
75.000000	97.563	-31.4250
76.199997	97.458	-31.6045
77.500000	97.342	-31.7679
78.800003	97.241	-31.8750
80.000000	97.146	-31.8658
81.199997	97.038	-31.8572
82.500000	96.921	-31.9455
83.800003	96.812	-31.9913
85.000000	96.717	-32.0290
86.199997	96.625	-32.0485
87.500000	96.530	-31.9549
88.500000	96.454	-31.8743
90.000000	96.330	-31.8184
91.199997	96.232	-31.7324
92.500000	96.133	-31.6174
93.800003	96.031	-31.5590
95.000000	95.934	-31.5458
96.199997	95.844	-31.4295
97.500000	95.741	-31.0948
98.800003	95.606	-30.7054
100.000000	95.500	-30.5322
101.500000	95.442	-30.6429
103.000000	95.380	-30.6084
104.400002	95.295	-30.3869
106.000000	95.195	-30.1082
107.500000	95.093	-29.6434
109.000000	95.003	-29.2735
110.599998	94.899	-29.2111
112.000000	94.807	-29.0554
113.800003	94.696	-28.6851
115.000000	94.630	-28.4034
117.199997	94.512	-27.9042
118.000000	94.468	-27.7474
120.599998	94.329	-27.2014
122.000000	94.263	-26.8812
124.099998	94.159	-26.3900
125.000000	94.111	-26.1439
126.500000	94.034	-25.7522
128.000000	93.959	-25.3899
131.500000	93.797	-24.4337
132.000000	93.776	-24.2762
134.000000	93.702	-23.6349
136.000000	93.636	-23.0458
138.000000	93.577	-22.4809
140.000000	93.528	-21.9979
143.000000	93.454	-21.3487
145.000000	93.398	-20.8142
147.500000	93.334	-20.0791
150.000000	93.289	-19.2917
152.500000	93.209	-18.7346
155.000000	93.139	-18.0460
157.500000	93.081	-17.3235
160.000000	93.038	-16.6684
162.500000	92.993	-15.9841
165.000000	92.942	-15.2721
167.500000	92.892	-14.5437
170.000000	92.845	-13.8828
172.500000	92.809	-13.2347
175.000000	92.780	-12.6339
177.500000	92.756	-12.0442
180.000000	92.736	-11.4129
182.500000	92.718	-10.7563
185.000000	92.692	-10.1258
187.500000	92.662	-9.5404
190.000000	92.640	-8.9925
192.500000	92.624	-8.4565
195.000000	92.601	-7.9191
197.500000	92.578	-7.3819
200.000000	92.572	-6.8816
203.000000	92.585	-6.2391
206.000000	92.594	-5.5922
209.000000	92.600	-4.9804
212.000000	92.607	-4.4254
214.000000	92.610	-4.0847
218.000000	92.625	-3.4479
220.000000	92.641	-3.0794
224.000000	92.660	-2.4129
227.000000	92.669	-1.9767
230.000000	92.680	-1.5406
233.000000	92.693	-1.1134
236.000000	92.704	-0.6775
240.000000	92.718	-0.1174
243.000000	92.728	0.2405
247.000000	92.748	0.7130
250.000000	92.763	1.0904
254.000000	92.770	1.5816
258.000000	92.780	2.0435
262.000000	92.792	2.4736
265.000000	92.803	2.7881
269.000000	92.819	3.2092
272.000000	92.829	3.5086
276.000000	92.840	3.9027
280.000000	92.851	4.2933
285.000000	92.865	4.7645
290.000000	92.879	5.2038
295.000000	92.894	5.6164
300.000000	92.906	6.0116
304.000000	92.912	6.3572
307.000000	92.917	6.6166
311.000000	92.926	6.9435
315.000000	92.937	7.2398
320.000000	92.947	7.5914
325.000000	92.955	7.9433
330.000000	92.961	8.3032
335.000000	92.966	8.6538
340.000000	92.971	8.9963
345.000000	92.975	9.3351
350.000000	92.977	9.6675
355.000000	92.979	9.9877
360.000000	92.981	10.3102
365.000000	92.981	10.6439
370.000000	92.980	10.9741
375.000000	92.979	11.2942
382.000000	92.978	11.7446
387.000000	92.976	12.0680
395.000000	92.973	12.5817
400.000000	92.970	12.9042
406.000000	92.967	13.2992
412.000000	92.963	13.6859
418.000000	92.960	14.0768
425.000000	92.956	14.5310
431.000000	92.952	14.9161
437.000000	92.950	15.3039
444.000000	92.950	15.7482
450.000000	92.951	16.1154
455.000000	92.948	16.4219
462.000000	92.944	16.8455
468.000000	92.940	17.2075
475.000000	92.936	17.6156
482.000000	92.931	18.0030
487.000000	92.926	18.2773
494.000000	92.918	18.6638
500.000000	92.910	18.9951
508.000000	92.897	19.4433
515.000000	92.885	19.8383
522.000000	92.871	20.2356
530.000000	92.854	20.6959
538.000000	92.836	21.1576
545.000000	92.819	21.5704
552.000000	92.801	21.9961
560.000000	92.782	22.4919
570.000000	92.756	23.1240
580.000000	92.731	23.7653
590.000000	92.705	24.4118
600.000000	92.678	25.0749
608.000000	92.657	25.6104
615.000000	92.639	26.0839
622.000000	92.621	26.5607
630.000000	92.601	27.1141
640.000000	92.578	27.8212
650.000000	92.555	28.5415
660.000000	92.528	29.2635
670.000000	92.503	30.0008
680.000000	92.479	30.7500
690.000000	92.458	31.5075
700.000000	92.437	32.2755
710.000000	92.417	33.0520
720.000000	92.398	33.8393
730.000000	92.379	34.6305
740.000000	92.361	35.4319
750.000000	92.344	36.2509
762.000000	92.328	37.2583
775.000000	92.316	38.3521
788.000000	92.304	39.4572
800.000000	92.295	40.4893
812.000000	92.287	41.5224
825.000000	92.278	42.6430
838.000000	92.272	43.7714
850.000000	92.269	44.8187
862.000000	92.271	45.8726
875.000000	92.277	47.0124
885.000000	92.283	47.8784
900.000000	92.296	49.1817
912.000000	92.310	50.2369
925.000000	92.329	51.3793
938.000000	92.355	52.5154
950.000000	92.382	53.5603
962.000000	92.413	54.6013
975.000000	92.452	55.7107
988.000000	92.496	56.7986
1000.000000	92.540	57.7796
1015.000000	92.599	58.9644
1030.000000	92.662	60.1063
1044.000000	92.723	61.1323
1060.000000	92.796	62.2592
1075.000000	92.865	63.2722
1090.000000	92.935	64.2421
1106.000000	93.008	65.2241
1120.000000	93.072	66.0462
1138.000000	93.150	67.0559
1150.000000	93.201	67.6983
1172.000000	93.287	68.8275
1180.000000	93.317	69.2237
1206.000000	93.403	70.4630
1220.000000	93.443	71.1183
1241.000000	93.496	72.1125
1250.000000	93.520	72.5533
1265.000000	93.564	73.3037
1280.000000	93.614	74.0383
1315.000000	93.720	75.6125
1320.000000	93.733	75.8293
1340.000000	93.776	76.6987
1360.000000	93.810	77.5848
1380.000000	93.835	78.5112
1400.000000	93.857	79.4947
1430.000000	93.888	81.0540
1450.000000	93.911	82.1326
1475.000000	93.942	83.5040
1500.000000	93.973	84.8651
1525.000000	93.995	86.2069
1550.000000	93.998	87.6116
1575.000000	93.987	89.2278
1600.000000	93.986	91.1586
1625.000000	94.031	93.3275
1650.000000	94.143	95.4294
1675.000000	94.292	97.1477
1700.000000	94.427	98.4796
1725.000000	94.525	99.6773
1750.000000	94.597	100.9445
1775.000000	94.663	102.3338
1800.000000	94.736	103.7727
1825.000000	94.815	105.1951
1850.000000	94.892	106.6002
1875.000000	94.967	108.0212
1900.000000	95.044	109.4802
1925.000000	95.123	110.9599
1950.000000	95.204	112.4530
1975.000000	95.288	113.9700
2000.000000	95.376	115.5230
2030.000000	95.488	117.4555
2060.000000	95.612	119.4866
2090.000000	95.759	121.6337
2120.000000	95.942	123.8645
2140.000000	96.088	125.3523
2180.000000	96.447	128.1692
2200.000000	96.657	129.4108
2240.000000	97.114	131.3464
2270.000000	97.449	132.2636
2300.000000	97.747	132.8509
2330.000000	97.999	133.3140
2360.000000	98.218	133.8134
2400.000000	98.489	134.6452
2430.000000	98.701	135.3673
2470.000000	99.015	136.3250
2500.000000	99.279	136.8699
2540.000000	99.638	137.1647
2580.000000	99.967	137.0388
2620.000000	100.249	136.6538
2650.000000	100.430	136.2822
2690.000000	100.636	135.7802
2720.000000	100.777	135.4225
2760.000000	100.959	134.9118
2800.000000	101.135	134.2190
2850.000000	101.312	132.9513
2900.000000	101.394	131.3919
2950.000000	101.369	129.8977
3000.000000	101.264	128.7336
3040.000000	101.147	128.0886
3070.000000	101.050	127.7500
3110.000000	100.911	127.4482
3150.000000	100.764	127.2835
3200.000000	100.567	127.2636
3250.000000	100.354	127.4610
3300.000000	100.132	127.9178
3350.000000	99.910	128.6263
3400.000000	99.694	129.5692
3450.000000	99.492	130.7313
3500.000000	99.312	132.0622
3550.000000	99.156	133.4962
3600.000000	99.024	134.9799
3650.000000	98.910	136.4922
3700.000000	98.815	138.0266
3750.000000	98.741	139.5650
3820.000000	98.675	141.6677
3870.000000	98.655	143.0758
3950.000000	98.662	145.0150
4000.000000	98.678	145.9692
4060.000000	98.693	146.8193
4120.000000	98.691	147.3416
4180.000000	98.659	147.5531
4250.000000	98.561	147.4830
4310.000000	98.407	147.2817
4370.000000	98.181	147.1386
4440.000000	97.837	147.3251
4500.000000	97.503	147.9652
4550.000000	97.223	148.8610
4620.000000	96.862	150.5659
4680.000000	96.601	152.2767
4750.000000	96.362	154.2953
4820.000000	96.172	156.0807
4870.000000	96.044	157.1573
4940.000000	95.857	158.4552
5000.000000	95.683	159.4427
5080.000000	95.428	160.6160
5150.000000	95.174	161.5486
5220.000000	94.884	162.4772
5300.000000	94.506	163.6887
5380.000000	94.095	165.2406
5450.000000	93.732	166.9010
5520.000000	93.378	168.7891
5600.000000	92.990	171.1960
5700.000000	92.543	174.5316
5800.000000	92.148	178.1638
5900.000000	91.814	-177.9776
6000.000000	91.550	-173.9569
6080.000000	91.397	-170.6847
6150.000000	91.308	-167.8354
6220.000000	91.261	-165.0303
6300.000000	91.267	-161.9026
6400.000000	91.368	-158.1642
6500.000000	91.558	-154.6775
6600.000000	91.822	-151.4974
6700.000000	92.153	-148.6618
6800.000000	92.549	-146.1969
6900.000000	93.002	-144.1132
7000.000000	93.517	-142.2941
7100.000000	94.172	-140.5630
7200.000000	95.074	-139.9501
7300.000000	95.983	-142.1274
7400.000000	96.656	-145.9268
7500.000000	97.132	-150.2731
7620.000000	97.466	-155.8880
7750.000000	97.525	-161.7924
7880.000000	97.324	-166.6333
8000.000000	96.996	-169.6923
8120.000000	96.613	-171.3791
8250.000000	96.244	-171.9707
8380.000000	95.993	-171.7407
8500.000000	95.883	-171.1680
8620.000000	95.891	-170.5683
8750.000000	96.018	-170.2606
8850.000000	96.175	-170.4933
9000.000000	96.443	-171.9180
9120.000000	96.614	-174.0951
9250.000000	96.672	-177.3686
9380.000000	96.527	178.8101
9500.000000	96.187	175.3206
9620.000000	95.659	172.3693
9750.000000	94.925	170.1966
9880.000000	94.092	169.3037
10000.000000	93.294	169.6171
10150.000000	92.326	171.3698
10300.000000	91.432	174.3447
10440.000000	90.684	177.9704
10600.000000	89.946	-177.0986
10750.000000	89.382	-171.8624
10900.000000	88.966	-166.1767
11060.000000	88.716	-159.8687
11200.000000	88.687	-154.5131
11380.000000	88.899	-148.6133
11500.000000	89.153	-145.6547
11720.000000	89.723	-142.5665
11800.000000	89.934	-142.2078
12060.000000	90.496	-143.7519
12200.000000	90.639	-146.0651
12410.000000	90.540	-150.6714
12500.000000	90.374	-152.7526
12650.000000	89.953	-155.9438
12800.000000	89.383	-158.4488
13150.000000	87.787	-160.6703
13200.000000	87.559	-160.5904
13400.000000	86.700	-159.4911
13600.000000	85.972	-157.4941
13800.000000	85.401	-155.0035
14000.000000	84.999	-152.3496
14300.000000	84.734	-148.6348
14500.000000	84.803	-146.7485
14750.000000	85.192	-145.6725
15000.000000	85.941	-146.8689
15250.000000	87.045	-151.6683
15500.000000	88.363	-161.8056
15750.000000	89.492	-178.5414
16000.000000	89.884	159.1958
16250.000000	89.264	135.2158
16500.000000	87.850	113.2557
16750.000000	86.167	94.3111
17000.000000	84.656	77.0915
17250.000000	83.515	59.6343
17500.000000	82.781	40.1454
17750.000000	82.404	16.9911
18000.000000	82.211	-11.2667
18250.000000	81.811	-45.2229
18500.000000	80.817	-83.8995
18750.000000	79.228	-125.8332
19000.000000	77.357	-171.4983
19250.000000	75.325	137.1889
19500.000000	72.887	78.8104
19750.000000	69.824	11.5352
20000.000000	67.022	-59.3474
