* Measurement data measured by REW V5.31.3
* Source: USB-C to 3.5mm Headphone Jack Adapter, no input selected, 0, volume: no control
* Format: 256k Log Swept Sine, 4 sweeps at -12.0 dBFS with no timing reference
* Dated: Mar 28, 2026 7:23:42 PM
* REW Settings:
*  C-weighting compensation: Off
*  Target level: 75.0 dB
* Note: ; 
* Measurement: Crinear Daybreak Foam R
* Smoothing: 1/24 octave
* Frequency Step: 1/48 octave
* Start Frequency: 20.300 Hz
*
* Freq(Hz)	SPL(dB)	Phase(degrees)
20.299999	101.894	-164.1745
20.600000	101.893	-164.7386
20.900000	101.891	-165.3486
21.200001	101.889	-165.9655
21.400000	101.888	-166.3807
21.799999	101.888	-167.2182
22.000000	101.889	-167.6367
22.400000	101.892	-168.4615
22.700001	101.893	-169.0612
23.000000	101.893	-169.6409
23.299999	101.891	-170.2010
23.600000	101.887	-170.7440
24.000000	101.879	-171.4474
24.299999	101.870	-171.9627
24.700001	101.858	-172.6371
25.000000	101.849	-173.1359
25.400000	101.838	-173.7959
25.799999	101.828	-174.4542
26.200001	101.818	-175.1104
26.500000	101.809	-175.5970
26.900000	101.795	-176.2296
27.200001	101.783	-176.6874
27.600000	101.766	-177.2763
28.000000	101.751	-177.8511
28.500000	101.733	-178.5722
29.000000	101.713	-179.3062
29.500000	101.689	179.9670
30.000000	101.662	179.2785
30.400000	101.640	178.7625
30.700001	101.624	178.3906
31.100000	101.604	177.9040
31.500000	101.585	177.4190
32.000000	101.560	176.8119
32.500000	101.532	176.2095
33.000000	101.504	175.6154
33.500000	101.475	175.0289
34.000000	101.446	174.4531
34.500000	101.415	173.8947
35.000000	101.382	173.3571
35.500000	101.349	172.8361
36.000000	101.316	172.3228
36.500000	101.283	171.8089
37.000000	101.250	171.2905
37.500000	101.216	170.7742
38.200001	101.168	170.0888
38.700001	101.134	169.6367
39.500000	101.084	168.9185
40.000000	101.048	168.4406
40.599998	100.996	167.8695
41.200001	100.942	167.3563
41.799999	100.897	166.8920
42.500000	100.857	166.3351
43.099998	100.821	165.8354
43.700001	100.778	165.3535
44.400002	100.725	164.8202
45.000000	100.677	164.3659
45.500000	100.635	163.9949
46.200001	100.576	163.5062
46.799999	100.530	163.0999
47.500000	100.476	162.6143
48.200001	100.418	162.1354
48.700001	100.377	161.8073
49.400002	100.321	161.3537
50.000000	100.272	160.9684
50.799999	100.205	160.4925
51.500000	100.150	160.1055
52.200001	100.097	159.7029
53.000000	100.031	159.2310
53.799999	99.961	158.8054
54.500000	99.904	158.4649
55.200001	99.849	158.1106
56.000000	99.783	157.6835
57.000000	99.698	157.1771
58.000000	99.616	156.7265
59.000000	99.536	156.3073
60.000000	99.452	155.9029
60.799999	99.382	155.5875
61.500000	99.324	155.3097
62.200001	99.268	155.0212
63.000000	99.200	154.6948
64.000000	99.111	154.3394
65.000000	99.028	154.0140
66.000000	98.947	153.6797
67.000000	98.864	153.3635
68.000000	98.782	153.0604
69.000000	98.701	152.7587
70.000000	98.617	152.4539
71.000000	98.530	152.1927
72.000000	98.451	152.0023
73.000000	98.384	151.8109
74.000000	98.312	151.6105
75.000000	98.229	151.4120
76.199997	98.125	151.1503
77.500000	98.019	150.8875
78.800003	97.915	150.6780
80.000000	97.819	150.5106
81.199997	97.725	150.3399
82.500000	97.628	150.1811
83.800003	97.530	150.0488
85.000000	97.440	149.9549
86.199997	97.352	149.8639
87.500000	97.258	149.7418
88.500000	97.188	149.6532
90.000000	97.086	149.5625
91.199997	97.001	149.5141
92.500000	96.906	149.4730
93.800003	96.816	149.4290
95.000000	96.737	149.3975
96.199997	96.658	149.3976
97.500000	96.571	149.4083
98.800003	96.485	149.4120
100.000000	96.410	149.4073
101.500000	96.317	149.4023
103.000000	96.225	149.4193
104.400002	96.143	149.4590
106.000000	96.053	149.5494
107.500000	95.967	149.6696
109.000000	95.877	149.8268
110.599998	95.777	149.9830
112.000000	95.695	150.0608
113.800003	95.605	150.1288
115.000000	95.550	150.1991
117.199997	95.442	150.4265
118.000000	95.399	150.5189
120.599998	95.265	150.7419
122.000000	95.205	150.8734
124.099998	95.115	151.1304
125.000000	95.073	151.2396
126.500000	95.006	151.4008
128.000000	94.942	151.5685
131.500000	94.794	151.9898
132.000000	94.774	152.0494
134.000000	94.697	152.3222
136.000000	94.620	152.5866
138.000000	94.549	152.8677
140.000000	94.478	153.1489
143.000000	94.375	153.5594
145.000000	94.313	153.8512
147.500000	94.243	154.1901
150.000000	94.179	154.4466
152.500000	94.097	154.8753
155.000000	94.022	155.2840
157.500000	93.958	155.6475
160.000000	93.895	156.0043
162.500000	93.836	156.3586
165.000000	93.783	156.7237
167.500000	93.732	157.0773
170.000000	93.681	157.4125
172.500000	93.633	157.7332
175.000000	93.590	158.0671
177.500000	93.547	158.4246
180.000000	93.506	158.7588
182.500000	93.467	159.0550
185.000000	93.427	159.3709
187.500000	93.387	159.6953
190.000000	93.348	160.0046
192.500000	93.311	160.3118
195.000000	93.276	160.6259
197.500000	93.240	160.9383
200.000000	93.207	161.2487
203.000000	93.180	161.6137
206.000000	93.153	161.9599
209.000000	93.123	162.2927
212.000000	93.096	162.6339
214.000000	93.079	162.8599
218.000000	93.047	163.2798
220.000000	93.032	163.4818
224.000000	93.002	163.8698
227.000000	92.981	164.1542
230.000000	92.960	164.4426
233.000000	92.941	164.7095
236.000000	92.923	164.9610
240.000000	92.897	165.2934
243.000000	92.877	165.5442
247.000000	92.852	165.8996
250.000000	92.834	166.1717
254.000000	92.810	166.4354
258.000000	92.788	166.7189
262.000000	92.767	167.0012
265.000000	92.752	167.2141
269.000000	92.731	167.5056
272.000000	92.716	167.7171
276.000000	92.698	167.9942
280.000000	92.680	168.2700
285.000000	92.659	168.6009
290.000000	92.640	168.9249
295.000000	92.620	169.2374
300.000000	92.599	169.5424
304.000000	92.583	169.7738
307.000000	92.572	169.9464
311.000000	92.557	170.1757
315.000000	92.543	170.4041
320.000000	92.525	170.6690
325.000000	92.507	170.9213
330.000000	92.490	171.1799
335.000000	92.474	171.4484
340.000000	92.458	171.7092
345.000000	92.446	171.9423
350.000000	92.436	172.1560
355.000000	92.416	172.4068
360.000000	92.395	172.6552
365.000000	92.378	172.8846
370.000000	92.361	173.1130
375.000000	92.345	173.3376
382.000000	92.323	173.6375
387.000000	92.308	173.8478
395.000000	92.286	174.1737
400.000000	92.271	174.3757
406.000000	92.251	174.6197
412.000000	92.230	174.8533
418.000000	92.210	175.0893
425.000000	92.186	175.3651
431.000000	92.165	175.5947
437.000000	92.144	175.8237
444.000000	92.117	176.0870
450.000000	92.092	176.3095
455.000000	92.076	176.5085
462.000000	92.054	176.7869
468.000000	92.033	177.0193
475.000000	92.008	177.2899
482.000000	91.983	177.5621
487.000000	91.964	177.7576
494.000000	91.938	178.0300
500.000000	91.915	178.2639
508.000000	91.884	178.5868
515.000000	91.857	178.8742
522.000000	91.830	179.1632
530.000000	91.800	179.5005
538.000000	91.770	179.8427
545.000000	91.748	-179.8506
552.000000	91.723	-179.5342
560.000000	91.687	-179.1692
570.000000	91.645	-178.7022
580.000000	91.609	-178.2143
590.000000	91.575	-177.6983
600.000000	91.543	-177.1638
608.000000	91.522	-176.7232
615.000000	91.507	-176.3273
622.000000	91.496	-175.9316
630.000000	91.490	-175.4953
640.000000	91.492	-175.0033
650.000000	91.499	-174.6057
660.000000	91.501	-174.2915
670.000000	91.491	-174.0717
680.000000	91.464	-173.8807
690.000000	91.420	-173.6506
700.000000	91.365	-173.3477
710.000000	91.306	-172.9551
720.000000	91.247	-172.4860
730.000000	91.191	-171.9588
740.000000	91.139	-171.3843
750.000000	91.092	-170.7721
762.000000	91.040	-169.9975
775.000000	90.990	-169.1174
788.000000	90.948	-168.2139
800.000000	90.916	-167.3544
812.000000	90.888	-166.4652
825.000000	90.865	-165.4882
838.000000	90.850	-164.4937
850.000000	90.840	-163.5578
862.000000	90.839	-162.6287
875.000000	90.844	-161.6188
885.000000	90.852	-160.8332
900.000000	90.875	-159.6604
912.000000	90.899	-158.7223
925.000000	90.931	-157.7133
938.000000	90.972	-156.7244
950.000000	91.016	-155.8279
962.000000	91.065	-154.9342
975.000000	91.124	-153.9919
988.000000	91.190	-153.0829
1000.000000	91.255	-152.2686
1015.000000	91.343	-151.2918
1030.000000	91.437	-150.3657
1044.000000	91.530	-149.5439
1060.000000	91.640	-148.6609
1075.000000	91.746	-147.8909
1090.000000	91.855	-147.1736
1106.000000	91.973	-146.4666
1120.000000	92.077	-145.8944
1138.000000	92.208	-145.2263
1150.000000	92.295	-144.8167
1172.000000	92.453	-144.1214
1180.000000	92.509	-143.8901
1206.000000	92.685	-143.2054
1220.000000	92.777	-142.8782
1241.000000	92.910	-142.4296
1250.000000	92.966	-142.2486
1265.000000	93.055	-141.9527
1280.000000	93.141	-141.6696
1315.000000	93.333	-141.0585
1320.000000	93.360	-140.9745
1340.000000	93.462	-140.6432
1360.000000	93.561	-140.3259
1380.000000	93.656	-140.0187
1400.000000	93.748	-139.7093
1430.000000	93.882	-139.2377
1450.000000	93.968	-138.9257
1475.000000	94.075	-138.5255
1500.000000	94.180	-138.1173
1525.000000	94.284	-137.7103
1550.000000	94.388	-137.2988
1575.000000	94.492	-136.8806
1600.000000	94.597	-136.4591
1625.000000	94.704	-136.0390
1650.000000	94.812	-135.6182
1675.000000	94.922	-135.2029
1700.000000	95.034	-134.7956
1725.000000	95.149	-134.3963
1750.000000	95.265	-134.0032
1775.000000	95.384	-133.6226
1800.000000	95.505	-133.2567
1825.000000	95.629	-132.9030
1850.000000	95.754	-132.5669
1875.000000	95.880	-132.2497
1900.000000	96.009	-131.9513
1925.000000	96.140	-131.6707
1950.000000	96.272	-131.4099
1975.000000	96.405	-131.1694
2000.000000	96.540	-130.9470
2030.000000	96.704	-130.7025
2060.000000	96.872	-130.4860
2090.000000	97.043	-130.3016
2120.000000	97.216	-130.1509
2140.000000	97.334	-130.0706
2180.000000	97.573	-129.9687
2200.000000	97.694	-129.9489
2240.000000	97.941	-129.9734
2270.000000	98.128	-130.0558
2300.000000	98.316	-130.1947
2330.000000	98.505	-130.3887
2360.000000	98.696	-130.6446
2400.000000	98.949	-131.0872
2430.000000	99.138	-131.4962
2470.000000	99.387	-132.1514
2500.000000	99.571	-132.7266
2540.000000	99.811	-133.6056
2580.000000	100.042	-134.6150
2620.000000	100.262	-135.7524
2650.000000	100.418	-136.6873
2690.000000	100.611	-138.0345
2720.000000	100.744	-139.1148
2760.000000	100.904	-140.6405
2800.000000	101.042	-142.2497
2850.000000	101.179	-144.3511
2900.000000	101.277	-146.5153
2950.000000	101.333	-148.6968
3000.000000	101.350	-150.8506
3040.000000	101.336	-152.5299
3070.000000	101.311	-153.7514
3110.000000	101.259	-155.3167
3150.000000	101.188	-156.7970
3200.000000	101.077	-158.5091
3250.000000	100.947	-160.0522
3300.000000	100.804	-161.4202
3350.000000	100.653	-162.6216
3400.000000	100.500	-163.6678
3450.000000	100.347	-164.5761
3500.000000	100.197	-165.3708
3550.000000	100.052	-166.0726
3600.000000	99.910	-166.6931
3650.000000	99.772	-167.2406
3700.000000	99.639	-167.7243
3750.000000	99.512	-168.1545
3820.000000	99.343	-168.6909
3870.000000	99.229	-169.0453
3950.000000	99.056	-169.5952
4000.000000	98.952	-169.9431
4060.000000	98.829	-170.3783
4120.000000	98.705	-170.8409
4180.000000	98.576	-171.3299
4250.000000	98.414	-171.9216
4310.000000	98.264	-172.4307
4370.000000	98.099	-172.9151
4440.000000	97.890	-173.4074
4500.000000	97.696	-173.7338
4550.000000	97.527	-173.9182
4620.000000	97.285	-174.0219
4680.000000	97.078	-173.9606
4750.000000	96.843	-173.7244
4820.000000	96.624	-173.3389
4870.000000	96.478	-172.9965
4940.000000	96.292	-172.4616
5000.000000	96.150	-171.9830
5080.000000	95.980	-171.3650
5150.000000	95.846	-170.8722
5220.000000	95.721	-170.4406
5300.000000	95.581	-170.0291
5380.000000	95.440	-169.6909
5450.000000	95.311	-169.4318
5520.000000	95.174	-169.1850
5600.000000	95.007	-168.8861
5700.000000	94.786	-168.4411
5800.000000	94.553	-167.8598
5900.000000	94.317	-167.0999
6000.000000	94.087	-166.1441
6080.000000	93.912	-165.2375
6150.000000	93.771	-164.3439
6220.000000	93.643	-163.3636
6300.000000	93.516	-162.1493
6400.000000	93.393	-160.5176
6500.000000	93.313	-158.8028
6600.000000	93.282	-157.0481
6700.000000	93.305	-155.3121
6800.000000	93.385	-153.6576
6900.000000	93.525	-152.1555
7000.000000	93.727	-150.8891
7100.000000	93.990	-149.9608
7200.000000	94.313	-149.5083
7300.000000	94.680	-149.7055
7400.000000	95.062	-150.6759
7500.000000	95.431	-152.3960
7620.000000	95.834	-155.5538
7750.000000	96.121	-160.4592
7880.000000	96.133	-166.3640
8000.000000	95.856	-171.8997
8120.000000	95.322	-176.7477
8250.000000	94.533	179.4138
8380.000000	93.634	177.3638
8500.000000	92.798	177.0774
8620.000000	92.033	178.2189
8750.000000	91.374	-179.2201
8850.000000	91.042	-176.8013
9000.000000	90.785	-173.8169
9120.000000	90.629	-172.1673
9250.000000	90.453	-170.2694
9380.000000	90.348	-167.9486
9500.000000	90.370	-165.6520
9620.000000	90.525	-163.5333
9750.000000	90.839	-161.8204
9880.000000	91.275	-161.0944
10000.000000	91.740	-161.5575
10150.000000	92.315	-163.8127
10300.000000	92.774	-167.7527
10440.000000	93.027	-172.4606
10600.000000	93.091	-178.3252
10750.000000	92.972	176.2291
10900.000000	92.738	171.0427
11060.000000	92.409	165.7570
11200.000000	92.069	161.2296
11380.000000	91.553	155.4558
11500.000000	91.147	151.6921
11720.000000	90.262	145.3733
11800.000000	89.906	143.3907
12060.000000	88.730	138.3996
12200.000000	88.146	136.5941
12410.000000	87.420	134.7900
12500.000000	87.183	134.2272
12650.000000	86.901	133.3874
12800.000000	86.768	132.4751
13150.000000	87.030	128.7444
13200.000000	87.126	127.9004
13400.000000	87.626	123.4410
13600.000000	88.233	116.9850
13800.000000	88.831	108.4461
14000.000000	89.305	98.1429
14300.000000	89.674	80.7440
14500.000000	89.727	68.6336
14750.000000	89.676	53.2938
15000.000000	89.587	37.5588
15250.000000	89.532	20.9338
15500.000000	89.521	2.4724
15750.000000	89.349	-18.5205
16000.000000	88.803	-41.0688
16250.000000	87.995	-64.0765
16500.000000	87.098	-88.0395
16750.000000	86.034	-113.4547
17000.000000	84.745	-139.8577
17250.000000	83.375	-167.1221
17500.000000	82.115	163.8912
17750.000000	81.058	131.7951
18000.000000	80.133	95.1572
18250.000000	79.069	53.3035
18500.000000	77.588	6.7562
18750.000000	75.618	-43.7187
19000.000000	73.252	-98.0512
19250.000000	70.525	-156.5792
19500.000000	67.390	139.5507
19750.000000	63.896	67.6794
20000.000000	60.988	-6.1025
