* Measurement data measured by REW V5.31.3
* Source: USB-C to 3.5mm Headphone Jack Adapter, no input selected, 0, volume: no control
* Format: 256k Log Swept Sine, 4 sweeps at -12.0 dBFS with no timing reference
* Dated: Apr 4, 2026 6:00:01 PM
* REW Settings:
*  C-weighting compensation: Off
*  Target level: 75.0 dB
* Note: ; 
* Measurement: Crinear Daybreak AzlaS R
* Smoothing: 1/24 octave
* Frequency Step: 1/48 octave
* Start Frequency: 20.300 Hz
*
* Freq(Hz)	SPL(dB)	Phase(degrees)
20.299999	101.852	-163.7870
20.600000	101.855	-164.2924
20.900000	101.858	-164.8403
21.200001	101.862	-165.4073
21.400000	101.865	-165.8004
21.799999	101.874	-166.6229
22.000000	101.877	-167.0462
22.400000	101.881	-167.8920
22.700001	101.880	-168.5049
23.000000	101.878	-169.0858
23.299999	101.873	-169.6304
23.600000	101.867	-170.1419
24.000000	101.858	-170.7879
24.299999	101.852	-171.2599
24.700001	101.845	-171.8926
25.000000	101.841	-172.3790
25.400000	101.836	-173.0485
25.799999	101.830	-173.7341
26.200001	101.822	-174.4158
26.500000	101.814	-174.9094
26.900000	101.802	-175.5284
27.200001	101.793	-175.9606
27.600000	101.781	-176.5033
28.000000	101.770	-177.0292
28.500000	101.756	-177.6982
29.000000	101.739	-178.3975
29.500000	101.718	-179.1109
30.000000	101.693	-179.8060
30.400000	101.673	179.6662
30.700001	101.659	179.2878
31.100000	101.641	178.8002
31.500000	101.624	178.3215
32.000000	101.602	177.7224
32.500000	101.578	177.1215
33.000000	101.552	176.5304
33.500000	101.526	175.9597
34.000000	101.500	175.4081
34.500000	101.473	174.8687
35.000000	101.444	174.3416
35.500000	101.412	173.8320
36.000000	101.381	173.3361
36.500000	101.352	172.8376
37.000000	101.325	172.3268
37.500000	101.295	171.8155
38.200001	101.247	171.1430
38.700001	101.211	170.7022
39.500000	101.157	170.0142
40.000000	101.126	169.5692
40.599998	101.088	169.0262
41.200001	101.047	168.4977
41.799999	101.004	167.9965
42.500000	100.952	167.4368
43.099998	100.910	166.9622
43.700001	100.873	166.4846
44.400002	100.829	165.9315
45.000000	100.785	165.4861
45.500000	100.742	165.1482
46.200001	100.684	164.6892
46.799999	100.642	164.2422
47.500000	100.597	163.6746
48.200001	100.553	163.2299
48.700001	100.529	163.0331
49.400002	100.503	162.7873
50.000000	100.471	162.4554
50.799999	100.391	161.8428
51.500000	100.307	161.2926
52.200001	100.235	160.8057
53.000000	100.172	160.3461
53.799999	100.117	159.9621
54.500000	100.064	159.6224
55.200001	100.005	159.2622
56.000000	99.936	158.8489
57.000000	99.860	158.3270
58.000000	99.784	157.8442
59.000000	99.710	157.4142
60.000000	99.632	156.9880
60.799999	99.563	156.6769
61.500000	99.507	156.4137
62.200001	99.454	156.1230
63.000000	99.392	155.7770
64.000000	99.311	155.4330
65.000000	99.236	155.1499
66.000000	99.156	154.8167
67.000000	99.073	154.4672
68.000000	98.997	154.1340
69.000000	98.925	153.8289
70.000000	98.851	153.5649
71.000000	98.773	153.3043
72.000000	98.694	153.0403
73.000000	98.617	152.7943
74.000000	98.541	152.5645
75.000000	98.464	152.3576
76.199997	98.372	152.1248
77.500000	98.275	151.8772
78.800003	98.182	151.6435
80.000000	98.097	151.4464
81.199997	98.010	151.2632
82.500000	97.914	151.0716
83.800003	97.815	150.9068
85.000000	97.731	150.7645
86.199997	97.652	150.5294
87.500000	97.557	150.3849
88.500000	97.488	150.3900
90.000000	97.383	150.3153
91.199997	97.296	150.1907
92.500000	97.210	150.1147
93.800003	97.129	150.0854
95.000000	97.056	150.0373
96.199997	96.986	149.9610
97.500000	96.901	149.8577
98.800003	96.807	149.7374
100.000000	96.724	149.7017
101.500000	96.639	149.7981
103.000000	96.556	149.8603
104.400002	96.478	149.8889
106.000000	96.384	149.9101
107.500000	96.294	149.9590
109.000000	96.207	150.0029
110.599998	96.119	150.0496
112.000000	96.048	150.1060
113.800003	95.952	150.2455
115.000000	95.889	150.3403
117.199997	95.779	150.4579
118.000000	95.735	150.5122
120.599998	95.593	150.7302
122.000000	95.520	150.8841
124.099998	95.430	151.1909
125.000000	95.399	151.3405
126.500000	95.348	151.5412
128.000000	95.289	151.6710
131.500000	95.146	151.9708
132.000000	95.128	152.0131
134.000000	95.054	152.1540
136.000000	94.971	152.2566
138.000000	94.879	152.4666
140.000000	94.803	152.7753
143.000000	94.688	153.1997
145.000000	94.621	153.5447
147.500000	94.567	153.9368
150.000000	94.537	154.1445
152.500000	94.471	154.6604
155.000000	94.415	154.9414
157.500000	94.348	155.1091
160.000000	94.272	155.3431
162.500000	94.207	155.6360
165.000000	94.145	155.8869
167.500000	94.087	156.1729
170.000000	94.029	156.4515
172.500000	93.964	156.7786
175.000000	93.906	157.1000
177.500000	93.860	157.3892
180.000000	93.818	157.6507
182.500000	93.772	157.9248
185.000000	93.725	158.2523
187.500000	93.680	158.5862
190.000000	93.643	158.8944
192.500000	93.613	159.1678
195.000000	93.582	159.4194
197.500000	93.552	159.6730
200.000000	93.520	159.9523
203.000000	93.472	160.2982
206.000000	93.429	160.5659
209.000000	93.391	160.8467
212.000000	93.354	161.1459
214.000000	93.329	161.3478
218.000000	93.281	161.7634
220.000000	93.260	161.9775
224.000000	93.223	162.3842
227.000000	93.200	162.6856
230.000000	93.180	162.9531
233.000000	93.158	163.1888
236.000000	93.135	163.4164
240.000000	93.103	163.7363
243.000000	93.079	163.9743
247.000000	93.051	164.2679
250.000000	93.032	164.4782
254.000000	92.997	164.7903
258.000000	92.964	165.0950
262.000000	92.936	165.3943
265.000000	92.916	165.6138
269.000000	92.890	165.8900
272.000000	92.871	166.0906
276.000000	92.845	166.3652
280.000000	92.819	166.6383
285.000000	92.786	166.9660
290.000000	92.755	167.2865
295.000000	92.726	167.6159
300.000000	92.704	167.9448
304.000000	92.686	168.2116
307.000000	92.672	168.4249
311.000000	92.655	168.7100
315.000000	92.643	168.9791
320.000000	92.630	169.2574
325.000000	92.612	169.5214
330.000000	92.593	169.7895
335.000000	92.576	170.0476
340.000000	92.560	170.3009
345.000000	92.546	170.5284
350.000000	92.530	170.7387
355.000000	92.513	170.9587
360.000000	92.495	171.1708
365.000000	92.476	171.3782
370.000000	92.456	171.5889
375.000000	92.438	171.8063
382.000000	92.411	172.0949
387.000000	92.391	172.2933
395.000000	92.358	172.6180
400.000000	92.337	172.8136
406.000000	92.312	173.0424
412.000000	92.288	173.2793
418.000000	92.264	173.5244
425.000000	92.236	173.8090
431.000000	92.211	174.0464
437.000000	92.186	174.2815
444.000000	92.156	174.5544
450.000000	92.129	174.7858
455.000000	92.107	174.9828
462.000000	92.079	175.2569
468.000000	92.057	175.5018
475.000000	92.028	175.7813
482.000000	91.997	176.0592
487.000000	91.976	176.2618
494.000000	91.944	176.5475
500.000000	91.918	176.7951
508.000000	91.884	177.1333
515.000000	91.854	177.4366
522.000000	91.825	177.7433
530.000000	91.791	178.0897
538.000000	91.760	178.4421
545.000000	91.733	178.7566
552.000000	91.704	179.0645
560.000000	91.670	179.3986
570.000000	91.627	179.8328
580.000000	91.583	-179.7077
590.000000	91.537	-179.2262
600.000000	91.493	-178.7207
608.000000	91.459	-178.2915
615.000000	91.431	-177.9086
622.000000	91.404	-177.5204
630.000000	91.375	-177.0690
640.000000	91.343	-176.4917
650.000000	91.317	-175.9044
660.000000	91.296	-175.3036
670.000000	91.282	-174.7209
680.000000	91.273	-174.1682
690.000000	91.266	-173.6600
700.000000	91.260	-173.2051
710.000000	91.252	-172.8006
720.000000	91.236	-172.4349
730.000000	91.211	-172.0871
740.000000	91.176	-171.7215
750.000000	91.134	-171.3108
762.000000	91.077	-170.7312
775.000000	91.014	-170.0061
788.000000	90.955	-169.1936
800.000000	90.906	-168.3774
812.000000	90.864	-167.5090
825.000000	90.828	-166.5290
838.000000	90.802	-165.5227
850.000000	90.786	-164.5707
862.000000	90.777	-163.5891
875.000000	90.775	-162.5161
885.000000	90.779	-161.6898
900.000000	90.796	-160.4551
912.000000	90.818	-159.4743
925.000000	90.850	-158.4227
938.000000	90.890	-157.3889
950.000000	90.935	-156.4498
962.000000	90.986	-155.5199
975.000000	91.049	-154.5455
988.000000	91.118	-153.6105
1000.000000	91.186	-152.7762
1015.000000	91.279	-151.7737
1030.000000	91.377	-150.8279
1044.000000	91.473	-149.9948
1060.000000	91.587	-149.1059
1075.000000	91.697	-148.3283
1090.000000	91.809	-147.6059
1106.000000	91.930	-146.8991
1120.000000	92.036	-146.3313
1138.000000	92.171	-145.6645
1150.000000	92.260	-145.2592
1172.000000	92.421	-144.5835
1180.000000	92.478	-144.3575
1206.000000	92.656	-143.6980
1220.000000	92.749	-143.3788
1241.000000	92.883	-142.9440
1250.000000	92.939	-142.7707
1265.000000	93.029	-142.4935
1280.000000	93.115	-142.2289
1315.000000	93.305	-141.6473
1320.000000	93.331	-141.5685
1340.000000	93.432	-141.2619
1360.000000	93.529	-140.9588
1380.000000	93.622	-140.6565
1400.000000	93.712	-140.3549
1430.000000	93.842	-139.8938
1450.000000	93.927	-139.5821
1475.000000	94.030	-139.1900
1500.000000	94.132	-138.7899
1525.000000	94.234	-138.3849
1550.000000	94.336	-137.9752
1575.000000	94.437	-137.5630
1600.000000	94.540	-137.1463
1625.000000	94.643	-136.7268
1650.000000	94.749	-136.3064
1675.000000	94.856	-135.8887
1700.000000	94.965	-135.4755
1725.000000	95.076	-135.0706
1750.000000	95.190	-134.6761
1775.000000	95.305	-134.2945
1800.000000	95.423	-133.9248
1825.000000	95.542	-133.5719
1850.000000	95.663	-133.2357
1875.000000	95.785	-132.9120
1900.000000	95.909	-132.6043
1925.000000	96.034	-132.3129
1950.000000	96.161	-132.0345
1975.000000	96.289	-131.7704
2000.000000	96.419	-131.5191
2030.000000	96.578	-131.2374
2060.000000	96.741	-130.9832
2090.000000	96.907	-130.7562
2120.000000	97.076	-130.5611
2140.000000	97.191	-130.4505
2180.000000	97.425	-130.2826
2200.000000	97.544	-130.2277
2240.000000	97.786	-130.1798
2270.000000	97.971	-130.2038
2300.000000	98.159	-130.2802
2330.000000	98.347	-130.4133
2360.000000	98.538	-130.6065
2400.000000	98.792	-130.9626
2430.000000	98.983	-131.3071
2470.000000	99.236	-131.8726
2500.000000	99.424	-132.3791
2540.000000	99.670	-133.1683
2580.000000	99.909	-134.0863
2620.000000	100.139	-135.1311
2650.000000	100.304	-135.9977
2690.000000	100.513	-137.2678
2720.000000	100.659	-138.3033
2760.000000	100.837	-139.7833
2800.000000	100.994	-141.3645
2850.000000	101.157	-143.4555
2900.000000	101.281	-145.6370
2950.000000	101.364	-147.8702
3000.000000	101.405	-150.1106
3040.000000	101.409	-151.8782
3070.000000	101.395	-153.1761
3110.000000	101.356	-154.8555
3150.000000	101.296	-156.4603
3200.000000	101.193	-158.3408
3250.000000	101.066	-160.0616
3300.000000	100.920	-161.6077
3350.000000	100.760	-162.9749
3400.000000	100.593	-164.1663
3450.000000	100.423	-165.1963
3500.000000	100.255	-166.0851
3550.000000	100.088	-166.8559
3600.000000	99.925	-167.5248
3650.000000	99.765	-168.1008
3700.000000	99.610	-168.5924
3750.000000	99.458	-169.0071
3820.000000	99.256	-169.4752
3870.000000	99.119	-169.7445
3950.000000	98.914	-170.0946
4000.000000	98.795	-170.2812
4060.000000	98.660	-170.4945
4120.000000	98.532	-170.7173
4180.000000	98.407	-170.9666
4250.000000	98.259	-171.2953
4310.000000	98.127	-171.5949
4370.000000	97.987	-171.8907
4440.000000	97.813	-172.2044
4500.000000	97.655	-172.4222
4550.000000	97.518	-172.5535
4620.000000	97.322	-172.6428
4680.000000	97.153	-172.6258
4750.000000	96.960	-172.5019
4820.000000	96.775	-172.2812
4870.000000	96.649	-172.0772
4940.000000	96.486	-171.7521
5000.000000	96.357	-171.4624
5080.000000	96.198	-171.1010
5150.000000	96.067	-170.8353
5220.000000	95.937	-170.6232
5300.000000	95.786	-170.4289
5380.000000	95.628	-170.2622
5450.000000	95.483	-170.1214
5520.000000	95.331	-169.9758
5600.000000	95.149	-169.7885
5700.000000	94.904	-169.4797
5800.000000	94.643	-169.0260
5900.000000	94.373	-168.3698
6000.000000	94.103	-167.4783
6080.000000	93.893	-166.5879
6150.000000	93.717	-165.6761
6220.000000	93.553	-164.6405
6300.000000	93.384	-163.3116
6400.000000	93.210	-161.4613
6500.000000	93.085	-159.4510
6600.000000	93.016	-157.3406
6700.000000	93.006	-155.1894
6800.000000	93.059	-153.0516
6900.000000	93.179	-150.9777
7000.000000	93.371	-149.0365
7100.000000	93.643	-147.3243
7200.000000	93.997	-145.9729
7300.000000	94.429	-145.1478
7400.000000	94.924	-145.0029
7500.000000	95.471	-145.6060
7620.000000	96.200	-147.6043
7750.000000	96.989	-152.0987
7880.000000	97.571	-159.1965
8000.000000	97.743	-167.4448
8120.000000	97.460	-176.0809
8250.000000	96.669	175.7700
8380.000000	95.542	170.0816
8500.000000	94.388	167.3309
8620.000000	93.270	166.7542
8750.000000	92.211	168.0400
8850.000000	91.552	169.9059
9000.000000	90.823	173.1285
9120.000000	90.392	175.5541
9250.000000	89.998	178.1562
9380.000000	89.686	-178.9603
9500.000000	89.508	-176.0645
9620.000000	89.460	-173.1494
9750.000000	89.566	-170.2625
9880.000000	89.830	-167.9940
10000.000000	90.192	-166.7609
10150.000000	90.746	-166.7604
10300.000000	91.308	-168.7087
10440.000000	91.733	-172.1719
10600.000000	92.001	-177.4951
10750.000000	92.013	176.9604
10900.000000	91.827	171.4875
11060.000000	91.478	166.0196
11200.000000	91.090	161.5606
11380.000000	90.505	156.1576
11500.000000	90.060	152.7288
11720.000000	89.119	146.9986
11800.000000	88.738	145.1984
12060.000000	87.439	140.8530
12200.000000	86.763	139.5245
12410.000000	85.871	138.6427
12500.000000	85.551	138.5872
12650.000000	85.119	138.7977
12800.000000	84.827	139.2341
13150.000000	84.751	140.1517
13200.000000	84.813	140.1754
13400.000000	85.247	139.7390
13600.000000	85.976	138.0731
13800.000000	86.976	134.6627
14000.000000	88.198	129.0018
14300.000000	90.257	115.2525
14500.000000	91.572	102.1559
14750.000000	92.856	81.8870
15000.000000	93.565	58.8454
15250.000000	93.709	34.8940
15500.000000	93.507	11.0375
15750.000000	93.152	-13.1556
16000.000000	92.638	-38.5770
16250.000000	91.757	-65.2008
16500.000000	90.451	-91.7169
16750.000000	88.955	-117.6309
17000.000000	87.440	-143.7150
17250.000000	85.926	-170.5668
17500.000000	84.487	161.2687
17750.000000	83.242	130.6951
18000.000000	82.221	96.1538
18250.000000	81.260	56.3023
18500.000000	80.049	10.7678
18750.000000	78.326	-39.8981
19000.000000	76.054	-95.2010
19250.000000	73.332	-155.3872
19500.000000	70.129	138.9116
19750.000000	66.436	65.3965
20000.000000	63.256	-10.5863
