* Measurement data measured by REW V5.31.3
* Source: USB-C to 3.5mm Headphone Jack Adapter, no input selected, 0, volume: no control
* Format: 256k Log Swept Sine, 4 sweeps at -12.0 dBFS with no timing reference
* Dated: Mar 28, 2026 7:50:28 PM
* REW Settings:
*  C-weighting compensation: Off
*  Target level: 75.0 dB
* Note: ; 
* Measurement: Crinear Daybreak Galaxy L
* Smoothing: 1/24 octave
* Frequency Step: 1/48 octave
* Start Frequency: 20.300 Hz
*
* Freq(Hz)	SPL(dB)	Phase(degrees)
20.299999	102.055	-171.6281
20.600000	102.049	-172.1459
20.900000	102.039	-172.7031
21.200001	102.028	-173.2640
21.400000	102.021	-173.6402
21.799999	102.006	-174.3949
22.000000	101.998	-174.7693
22.400000	101.982	-175.5009
22.700001	101.970	-176.0300
23.000000	101.960	-176.5443
23.299999	101.950	-177.0501
23.600000	101.940	-177.5539
24.000000	101.925	-178.2253
24.299999	101.911	-178.7232
24.700001	101.889	-179.3658
25.000000	101.872	-179.8258
25.400000	101.852	179.5862
25.799999	101.834	179.0098
26.200001	101.817	178.4274
26.500000	101.802	177.9848
26.900000	101.778	177.3982
27.200001	101.758	176.9707
27.600000	101.729	176.4245
28.000000	101.701	175.8981
28.500000	101.670	175.2421
29.000000	101.639	174.5738
29.500000	101.605	173.9135
30.000000	101.568	173.2916
30.400000	101.540	172.8246
30.700001	101.520	172.4848
31.100000	101.494	172.0343
31.500000	101.469	171.5800
32.000000	101.435	171.0087
32.500000	101.398	170.4422
33.000000	101.359	169.8851
33.500000	101.320	169.3392
34.000000	101.282	168.8096
34.500000	101.244	168.3011
35.000000	101.208	167.8101
35.500000	101.173	167.3257
36.000000	101.136	166.8418
36.500000	101.095	166.3642
37.000000	101.049	165.9036
37.500000	101.003	165.4642
38.200001	100.943	164.8673
38.700001	100.903	164.4379
39.500000	100.839	163.7492
40.000000	100.797	163.3369
40.599998	100.743	162.8692
41.200001	100.690	162.4158
41.799999	100.638	161.9550
42.500000	100.578	161.4023
43.099998	100.525	160.9389
43.700001	100.470	160.5152
44.400002	100.406	160.0729
45.000000	100.351	159.7027
45.500000	100.303	159.3874
46.200001	100.234	158.9552
46.799999	100.183	158.5902
47.500000	100.126	158.1383
48.200001	100.053	157.7408
48.700001	99.995	157.5695
49.400002	99.930	157.4144
50.000000	99.893	157.1588
50.799999	99.830	156.5609
51.500000	99.752	156.0574
52.200001	99.678	155.7043
53.000000	99.608	155.3401
53.799999	99.536	154.9536
54.500000	99.477	154.6029
55.200001	99.418	154.2153
56.000000	99.339	153.8160
57.000000	99.242	153.5008
58.000000	99.160	153.1476
59.000000	99.068	152.7200
60.000000	98.978	152.3925
60.799999	98.914	152.1576
61.500000	98.857	151.9369
62.200001	98.796	151.7083
63.000000	98.719	151.4555
64.000000	98.622	151.1919
65.000000	98.537	150.9588
66.000000	98.460	150.6650
67.000000	98.369	150.3516
68.000000	98.268	150.0682
69.000000	98.166	149.8284
70.000000	98.077	149.7332
71.000000	98.010	149.6692
72.000000	97.929	149.4318
73.000000	97.816	149.1579
74.000000	97.707	149.0400
75.000000	97.626	149.0646
76.199997	97.548	149.0690
77.500000	97.448	148.8829
78.800003	97.336	148.6273
80.000000	97.233	148.4490
81.199997	97.134	148.3868
82.500000	97.033	148.3361
83.800003	96.926	148.2932
85.000000	96.831	148.2621
86.199997	96.741	148.2576
87.500000	96.656	148.2776
88.500000	96.593	148.2835
90.000000	96.492	148.2883
91.199997	96.400	148.2930
92.500000	96.306	148.3004
93.800003	96.216	148.3683
95.000000	96.133	148.4529
96.199997	96.051	148.4762
97.500000	95.960	148.6197
98.800003	95.860	148.9032
100.000000	95.764	149.0269
101.500000	95.655	148.9477
103.000000	95.549	148.9665
104.400002	95.459	148.9784
106.000000	95.371	149.1259
107.500000	95.304	149.4150
109.000000	95.227	149.5921
110.599998	95.167	149.9034
112.000000	95.098	150.2614
113.800003	94.969	150.8467
115.000000	94.898	151.1140
117.199997	94.795	151.4531
118.000000	94.777	151.5825
120.599998	94.773	152.1223
122.000000	94.725	152.3629
124.099998	94.644	152.5667
125.000000	94.606	152.5605
126.500000	94.533	152.6034
128.000000	94.475	152.7740
131.500000	94.348	153.1973
132.000000	94.326	153.2879
134.000000	94.242	153.6205
136.000000	94.175	153.8068
138.000000	94.102	153.9857
140.000000	94.025	154.2922
143.000000	93.934	154.9304
145.000000	93.885	155.2149
147.500000	93.786	155.3892
150.000000	93.694	155.6138
152.500000	93.651	156.4164
155.000000	93.627	156.9838
157.500000	93.582	157.2348
160.000000	93.523	157.4855
162.500000	93.450	157.8195
165.000000	93.382	158.2432
167.500000	93.335	158.7530
170.000000	93.286	159.1242
172.500000	93.239	159.5807
175.000000	93.207	159.9099
177.500000	93.173	160.2425
180.000000	93.137	160.5447
182.500000	93.103	161.0628
185.000000	93.100	161.6082
187.500000	93.075	161.9974
190.000000	93.023	162.5657
192.500000	92.980	163.0876
195.000000	92.946	163.6492
197.500000	92.943	164.2448
200.000000	92.973	164.6827
203.000000	92.999	164.6791
206.000000	92.981	164.7134
209.000000	92.959	164.9259
212.000000	92.939	165.2529
214.000000	92.923	165.4358
218.000000	92.903	165.7381
220.000000	92.890	165.9410
224.000000	92.859	166.3176
227.000000	92.841	166.5727
230.000000	92.829	166.8362
233.000000	92.819	167.1042
236.000000	92.807	167.3706
240.000000	92.789	167.7110
243.000000	92.775	167.9247
247.000000	92.757	168.1794
250.000000	92.743	168.3757
254.000000	92.732	168.7309
258.000000	92.722	169.0631
262.000000	92.709	169.3647
265.000000	92.699	169.5680
269.000000	92.688	169.8235
272.000000	92.681	170.0304
276.000000	92.667	170.3150
280.000000	92.653	170.5668
285.000000	92.638	170.8593
290.000000	92.625	171.1785
295.000000	92.614	171.4984
300.000000	92.603	171.7825
304.000000	92.594	172.0100
307.000000	92.587	172.1750
311.000000	92.579	172.3868
315.000000	92.571	172.6027
320.000000	92.561	172.8643
325.000000	92.551	173.1008
330.000000	92.540	173.3267
335.000000	92.530	173.5569
340.000000	92.519	173.7838
345.000000	92.502	173.9999
350.000000	92.484	174.2070
355.000000	92.479	174.4320
360.000000	92.474	174.6495
365.000000	92.463	174.8626
370.000000	92.451	175.0751
375.000000	92.440	175.2946
382.000000	92.427	175.6071
387.000000	92.420	175.8146
395.000000	92.406	176.1027
400.000000	92.395	176.2718
406.000000	92.385	176.4926
412.000000	92.374	176.7104
418.000000	92.362	176.9194
425.000000	92.347	177.1527
431.000000	92.334	177.3502
437.000000	92.320	177.5414
444.000000	92.301	177.7336
450.000000	92.284	177.8897
455.000000	92.272	178.0792
462.000000	92.254	178.3367
468.000000	92.238	178.5326
475.000000	92.218	178.7570
482.000000	92.197	178.9775
487.000000	92.182	179.1349
494.000000	92.159	179.3552
500.000000	92.139	179.5490
508.000000	92.114	179.8276
515.000000	92.092	-179.9333
522.000000	92.070	-179.6952
530.000000	92.044	-179.4200
538.000000	92.017	-179.1317
545.000000	91.993	-178.8448
552.000000	91.970	-178.5808
560.000000	91.942	-178.3507
570.000000	91.907	-178.0146
580.000000	91.871	-177.6490
590.000000	91.834	-177.2685
600.000000	91.798	-176.8786
608.000000	91.768	-176.5573
615.000000	91.741	-176.2711
622.000000	91.713	-175.9784
630.000000	91.682	-175.6323
640.000000	91.643	-175.1914
650.000000	91.604	-174.7405
660.000000	91.568	-174.2453
670.000000	91.533	-173.7465
680.000000	91.500	-173.2418
690.000000	91.467	-172.7182
700.000000	91.437	-172.1877
710.000000	91.409	-171.6538
720.000000	91.382	-171.1074
730.000000	91.356	-170.5571
740.000000	91.332	-170.0023
750.000000	91.309	-169.4337
762.000000	91.281	-168.7351
775.000000	91.251	-167.9586
788.000000	91.224	-167.1505
800.000000	91.203	-166.3873
812.000000	91.185	-165.6045
825.000000	91.171	-164.7276
838.000000	91.163	-163.8315
850.000000	91.160	-162.9928
862.000000	91.162	-162.1347
875.000000	91.170	-161.1949
885.000000	91.180	-160.4710
900.000000	91.203	-159.3857
912.000000	91.229	-158.5111
925.000000	91.263	-157.5669
938.000000	91.303	-156.6415
950.000000	91.346	-155.7976
962.000000	91.396	-154.9641
975.000000	91.457	-154.0853
988.000000	91.523	-153.2374
1000.000000	91.588	-152.4776
1015.000000	91.675	-151.5636
1030.000000	91.769	-150.6925
1044.000000	91.860	-149.9220
1060.000000	91.968	-149.1016
1075.000000	92.072	-148.3874
1090.000000	92.177	-147.7176
1106.000000	92.291	-147.0559
1120.000000	92.392	-146.5227
1138.000000	92.523	-145.8930
1150.000000	92.609	-145.5068
1172.000000	92.764	-144.8571
1180.000000	92.820	-144.6418
1206.000000	92.997	-144.0124
1220.000000	93.089	-143.7084
1241.000000	93.224	-143.2904
1250.000000	93.280	-143.1259
1265.000000	93.369	-142.8722
1280.000000	93.455	-142.6333
1315.000000	93.647	-142.1140
1320.000000	93.674	-142.0434
1340.000000	93.777	-141.7712
1360.000000	93.875	-141.5057
1380.000000	93.970	-141.2427
1400.000000	94.062	-140.9824
1430.000000	94.195	-140.5907
1450.000000	94.281	-140.3261
1475.000000	94.388	-139.9906
1500.000000	94.494	-139.6563
1525.000000	94.598	-139.3152
1550.000000	94.702	-138.9712
1575.000000	94.807	-138.6308
1600.000000	94.912	-138.2898
1625.000000	95.017	-137.9556
1650.000000	95.123	-137.6269
1675.000000	95.231	-137.2944
1700.000000	95.340	-136.9710
1725.000000	95.450	-136.6532
1750.000000	95.562	-136.3463
1775.000000	95.675	-136.0468
1800.000000	95.790	-135.7567
1825.000000	95.907	-135.4770
1850.000000	96.026	-135.2110
1875.000000	96.146	-134.9688
1900.000000	96.267	-134.7421
1925.000000	96.389	-134.5268
1950.000000	96.514	-134.3200
1975.000000	96.641	-134.1252
2000.000000	96.770	-133.9481
2030.000000	96.928	-133.7622
2060.000000	97.091	-133.6088
2090.000000	97.258	-133.4953
2120.000000	97.427	-133.4285
2140.000000	97.541	-133.4103
2180.000000	97.773	-133.4337
2200.000000	97.890	-133.4775
2240.000000	98.127	-133.6356
2270.000000	98.306	-133.8195
2300.000000	98.487	-134.0649
2330.000000	98.667	-134.3746
2360.000000	98.847	-134.7503
2400.000000	99.085	-135.3539
2430.000000	99.261	-135.8874
2470.000000	99.489	-136.7080
2500.000000	99.656	-137.4061
2540.000000	99.870	-138.4487
2580.000000	100.072	-139.6185
2620.000000	100.259	-140.9097
2650.000000	100.389	-141.9519
2690.000000	100.544	-143.4309
2720.000000	100.646	-144.6005
2760.000000	100.762	-146.2270
2800.000000	100.854	-147.9111
2850.000000	100.931	-150.0631
2900.000000	100.966	-152.2307
2950.000000	100.962	-154.3684
3000.000000	100.918	-156.4335
3040.000000	100.859	-158.0091
3070.000000	100.801	-159.1362
3110.000000	100.709	-160.5572
3150.000000	100.601	-161.8770
3200.000000	100.450	-163.3772
3250.000000	100.284	-164.7080
3300.000000	100.108	-165.8725
3350.000000	99.926	-166.8751
3400.000000	99.741	-167.7217
3450.000000	99.557	-168.4241
3500.000000	99.376	-168.9931
3550.000000	99.200	-169.4411
3600.000000	99.031	-169.7847
3650.000000	98.870	-170.0409
3700.000000	98.717	-170.2221
3750.000000	98.572	-170.3410
3820.000000	98.385	-170.4289
3870.000000	98.263	-170.4510
3950.000000	98.084	-170.4420
4000.000000	97.983	-170.4285
4060.000000	97.871	-170.4260
4120.000000	97.767	-170.4532
4180.000000	97.667	-170.5203
4250.000000	97.553	-170.6587
4310.000000	97.452	-170.8255
4370.000000	97.345	-171.0239
4440.000000	97.211	-171.2765
4500.000000	97.085	-171.4875
4550.000000	96.974	-171.6411
4620.000000	96.808	-171.7999
4680.000000	96.660	-171.8696
4750.000000	96.484	-171.8617
4820.000000	96.309	-171.7562
4870.000000	96.188	-171.6301
4940.000000	96.025	-171.4031
5000.000000	95.893	-171.1803
5080.000000	95.726	-170.8724
5150.000000	95.586	-170.6166
5220.000000	95.449	-170.3856
5300.000000	95.293	-170.1478
5380.000000	95.131	-169.9315
5450.000000	94.983	-169.7429
5520.000000	94.827	-169.5336
5600.000000	94.641	-169.2445
5700.000000	94.397	-168.7654
5800.000000	94.146	-168.1118
5900.000000	93.894	-167.2525
6000.000000	93.650	-166.1747
6080.000000	93.467	-165.1506
6150.000000	93.320	-164.1390
6220.000000	93.188	-163.0273
6300.000000	93.059	-161.6481
6400.000000	92.935	-159.7869
6500.000000	92.861	-157.8107
6600.000000	92.842	-155.7690
6700.000000	92.884	-153.7073
6800.000000	92.993	-151.6875
6900.000000	93.173	-149.7842
7000.000000	93.431	-148.0803
7100.000000	93.772	-146.6824
7200.000000	94.202	-145.7404
7300.000000	94.718	-145.4549
7400.000000	95.310	-146.0665
7500.000000	95.951	-147.8544
7620.000000	96.710	-151.9516
7750.000000	97.354	-158.9802
7880.000000	97.596	-168.1794
8000.000000	97.322	-177.2809
8120.000000	96.576	174.6295
8250.000000	95.393	168.3614
8380.000000	94.042	165.2808
8500.000000	92.846	165.3169
8620.000000	91.933	167.4851
8750.000000	91.357	169.4405
8850.000000	90.939	169.8260
9000.000000	90.188	171.2589
9120.000000	89.670	173.5275
9250.000000	89.277	176.3809
9380.000000	89.049	179.1602
9500.000000	88.967	-178.6164
9620.000000	88.980	-176.9279
9750.000000	89.063	-175.8598
9880.000000	89.169	-175.6403
10000.000000	89.243	-176.0931
10150.000000	89.269	-177.2224
10300.000000	89.223	-178.5713
10440.000000	89.156	-179.8070
10600.000000	89.103	178.7187
10750.000000	89.097	176.9252
10900.000000	89.102	174.4148
11060.000000	89.056	170.8730
11200.000000	88.929	167.1989
11380.000000	88.616	162.0560
11500.000000	88.309	158.5748
11720.000000	87.555	152.5540
11800.000000	87.228	150.5995
12060.000000	86.047	145.5952
12200.000000	85.394	143.8947
12410.000000	84.493	142.5815
12500.000000	84.158	142.4055
12650.000000	83.690	142.5097
12800.000000	83.353	142.9597
13150.000000	83.160	144.3395
13200.000000	83.206	144.4810
13400.000000	83.579	144.6527
13600.000000	84.268	143.8205
13800.000000	85.272	141.4276
14000.000000	86.564	136.8147
14300.000000	88.874	124.2269
14500.000000	90.436	111.2080
14750.000000	92.003	89.8491
15000.000000	92.854	64.7165
15250.000000	92.971	38.0899
15500.000000	92.480	11.2723
15750.000000	91.439	-15.0615
16000.000000	89.852	-39.6388
16250.000000	87.981	-60.9620
16500.000000	86.393	-79.7220
16750.000000	85.440	-99.1791
17000.000000	84.878	-122.1460
17250.000000	84.275	-149.0237
17500.000000	83.455	-179.0659
17750.000000	82.479	147.8924
18000.000000	81.367	111.2017
18250.000000	79.931	70.6002
18500.000000	78.029	26.8084
18750.000000	75.900	-20.2728
19000.000000	73.739	-72.4175
19250.000000	71.305	-130.5688
19500.000000	68.299	165.2117
19750.000000	64.711	93.0483
20000.000000	61.589	18.8456
