* Measurement data measured by REW V5.31.3
* Source: USB-C to 3.5mm Headphone Jack Adapter, no input selected, 0, volume: no control
* Format: 256k Log Swept Sine, 4 sweeps at -12.0 dBFS with no timing reference
* Dated: Apr 4, 2026 5:55:00 PM
* REW Settings:
*  C-weighting compensation: Off
*  Target level: 75.0 dB
* Note: ; 
* Measurement: Crinear Daybreak Crystal 2 R
* Smoothing: 1/24 octave
* Frequency Step: 1/48 octave
* Start Frequency: 20.300 Hz
*
* Freq(Hz)	SPL(dB)	Phase(degrees)
20.299999	101.867	-163.4723
20.600000	101.869	-164.0394
20.900000	101.870	-164.6481
21.200001	101.873	-165.2564
21.400000	101.876	-165.6606
21.799999	101.884	-166.4614
22.000000	101.888	-166.8543
22.400000	101.895	-167.6171
22.700001	101.898	-168.1671
23.000000	101.899	-168.7005
23.299999	101.895	-169.2218
23.600000	101.888	-169.7359
24.000000	101.874	-170.4166
24.299999	101.862	-170.9267
24.700001	101.847	-171.6079
25.000000	101.838	-172.1184
25.400000	101.829	-172.7923
25.799999	101.824	-173.4489
26.200001	101.822	-174.0817
26.500000	101.821	-174.5429
26.900000	101.819	-175.1500
27.200001	101.815	-175.6065
27.600000	101.803	-176.2186
28.000000	101.783	-176.8241
28.500000	101.752	-177.5462
29.000000	101.723	-178.2199
29.500000	101.704	-178.8688
30.000000	101.692	-179.5183
30.400000	101.682	179.9657
30.700001	101.673	179.5901
31.100000	101.659	179.1119
31.500000	101.643	178.6544
32.000000	101.623	178.0860
32.500000	101.600	177.4980
33.000000	101.573	176.8965
33.500000	101.543	176.3073
34.000000	101.514	175.7442
34.500000	101.487	175.2003
35.000000	101.459	174.6643
35.500000	101.429	174.1356
36.000000	101.396	173.6205
36.500000	101.362	173.1242
37.000000	101.330	172.6464
37.500000	101.301	172.1838
38.200001	101.265	171.5532
38.700001	101.239	171.1086
39.500000	101.192	170.3992
40.000000	101.159	169.9534
40.599998	101.117	169.4155
41.200001	101.074	168.8863
41.799999	101.032	168.3827
42.500000	100.986	167.8301
43.099998	100.946	167.3714
43.700001	100.902	166.9168
44.400002	100.849	166.3875
45.000000	100.806	165.9288
45.500000	100.774	165.5430
46.200001	100.730	165.0129
46.799999	100.688	164.5856
47.500000	100.628	164.1337
48.200001	100.563	163.7341
48.700001	100.522	163.4610
49.400002	100.475	163.0479
50.000000	100.442	162.6531
50.799999	100.393	162.1364
51.500000	100.344	161.7387
52.200001	100.291	161.3531
53.000000	100.227	160.8843
53.799999	100.163	160.4226
54.500000	100.109	160.0536
55.200001	100.057	159.7132
56.000000	99.991	159.3517
57.000000	99.907	158.9144
58.000000	99.836	158.4236
59.000000	99.765	157.9132
60.000000	99.687	157.4831
60.799999	99.621	157.1551
61.500000	99.559	156.8670
62.200001	99.501	156.6006
63.000000	99.439	156.3166
64.000000	99.359	155.9916
65.000000	99.277	155.6818
66.000000	99.194	155.2937
67.000000	99.108	154.9256
68.000000	99.037	154.6549
69.000000	98.974	154.4197
70.000000	98.902	154.1576
71.000000	98.810	153.8984
72.000000	98.720	153.6823
73.000000	98.641	153.4789
74.000000	98.568	153.3146
75.000000	98.498	153.1374
76.199997	98.410	152.9014
77.500000	98.317	152.6893
78.800003	98.224	152.4863
80.000000	98.142	152.3291
81.199997	98.066	152.1843
82.500000	97.982	151.9675
83.800003	97.886	151.7477
85.000000	97.788	151.6198
86.199997	97.696	151.5038
87.500000	97.612	151.2342
88.500000	97.550	151.0300
90.000000	97.464	150.8841
91.199997	97.391	150.8392
92.500000	97.314	150.8339
93.800003	97.246	150.7663
95.000000	97.170	150.6719
96.199997	97.092	150.5584
97.500000	97.021	150.6777
98.800003	96.948	151.0099
100.000000	96.841	151.0679
101.500000	96.716	150.7628
103.000000	96.631	150.5532
104.400002	96.558	150.5953
106.000000	96.466	150.6536
107.500000	96.375	150.7279
109.000000	96.287	150.7679
110.599998	96.202	150.8143
112.000000	96.122	150.9028
113.800003	96.017	151.0546
115.000000	95.952	151.1628
117.199997	95.836	151.4205
118.000000	95.796	151.5440
120.599998	95.678	151.9918
122.000000	95.623	152.2101
124.099998	95.560	152.4658
125.000000	95.534	152.5432
126.500000	95.487	152.6495
128.000000	95.437	152.7637
131.500000	95.321	152.9576
132.000000	95.304	152.9925
134.000000	95.229	153.2285
136.000000	95.150	153.4319
138.000000	95.074	153.5409
140.000000	95.012	153.6536
143.000000	94.904	153.9178
145.000000	94.831	154.1254
147.500000	94.752	154.3010
150.000000	94.680	154.4337
152.500000	94.595	154.9556
155.000000	94.516	155.3478
157.500000	94.450	155.6506
160.000000	94.387	155.9433
162.500000	94.323	156.1803
165.000000	94.259	156.4737
167.500000	94.201	156.8105
170.000000	94.144	157.1127
172.500000	94.076	157.4364
175.000000	94.008	157.7782
177.500000	93.956	158.1488
180.000000	93.910	158.5709
182.500000	93.876	158.9980
185.000000	93.851	159.3865
187.500000	93.830	159.6461
190.000000	93.810	159.8438
192.500000	93.784	160.0352
195.000000	93.748	160.2443
197.500000	93.707	160.5046
200.000000	93.666	160.7903
203.000000	93.625	161.0587
206.000000	93.593	161.3162
209.000000	93.560	161.5997
212.000000	93.527	161.9011
214.000000	93.505	162.0954
218.000000	93.460	162.4522
220.000000	93.439	162.6295
224.000000	93.400	163.0021
227.000000	93.371	163.2747
230.000000	93.343	163.5387
233.000000	93.316	163.7993
236.000000	93.290	164.0649
240.000000	93.255	164.4160
243.000000	93.231	164.6612
247.000000	93.200	164.9943
250.000000	93.179	165.2341
254.000000	93.154	165.5337
258.000000	93.129	165.8287
262.000000	93.104	166.1093
265.000000	93.084	166.3153
269.000000	93.059	166.5938
272.000000	93.041	166.8136
276.000000	93.018	167.1053
280.000000	92.997	167.3805
285.000000	92.970	167.7032
290.000000	92.943	168.0253
295.000000	92.919	168.3341
300.000000	92.896	168.6437
304.000000	92.877	168.8809
307.000000	92.863	169.0562
311.000000	92.846	169.2918
315.000000	92.829	169.5251
320.000000	92.809	169.8126
325.000000	92.788	170.0863
330.000000	92.769	170.3550
335.000000	92.752	170.6255
340.000000	92.737	170.8837
345.000000	92.722	171.1369
350.000000	92.705	171.3713
355.000000	92.688	171.5986
360.000000	92.672	171.8225
365.000000	92.656	172.0351
370.000000	92.640	172.2359
375.000000	92.622	172.4333
382.000000	92.596	172.7098
387.000000	92.577	172.9066
395.000000	92.548	173.2135
400.000000	92.528	173.4067
406.000000	92.502	173.6392
412.000000	92.478	173.8799
418.000000	92.456	174.1235
425.000000	92.430	174.3927
431.000000	92.407	174.6186
437.000000	92.384	174.8392
444.000000	92.356	175.0756
450.000000	92.331	175.2798
455.000000	92.309	175.4868
462.000000	92.280	175.7661
468.000000	92.254	175.9987
475.000000	92.224	176.2658
482.000000	92.193	176.5346
487.000000	92.172	176.7304
494.000000	92.142	177.0035
500.000000	92.116	177.2381
508.000000	92.080	177.5610
515.000000	92.049	177.8422
522.000000	92.018	178.1313
530.000000	91.982	178.4638
538.000000	91.945	178.8005
545.000000	91.913	179.1023
552.000000	91.881	179.4130
560.000000	91.845	179.7698
570.000000	91.800	-179.7699
580.000000	91.755	-179.2927
590.000000	91.710	-178.7987
600.000000	91.666	-178.2882
608.000000	91.632	-177.8633
615.000000	91.603	-177.4794
622.000000	91.575	-177.0882
630.000000	91.544	-176.6310
640.000000	91.510	-176.0399
650.000000	91.480	-175.4298
660.000000	91.456	-174.8161
670.000000	91.437	-174.2139
680.000000	91.423	-173.6172
690.000000	91.413	-173.0394
700.000000	91.407	-172.4950
710.000000	91.403	-171.9967
720.000000	91.398	-171.5477
730.000000	91.389	-171.1465
740.000000	91.371	-170.7744
750.000000	91.344	-170.3986
762.000000	91.302	-169.9056
775.000000	91.246	-169.2774
788.000000	91.188	-168.5415
800.000000	91.138	-167.7822
812.000000	91.092	-166.9547
825.000000	91.050	-165.9992
838.000000	91.019	-164.9966
850.000000	91.000	-164.0400
862.000000	90.987	-163.0636
875.000000	90.983	-161.9951
885.000000	90.986	-161.1624
900.000000	91.002	-159.9102
912.000000	91.023	-158.9190
925.000000	91.056	-157.8534
938.000000	91.097	-156.8063
950.000000	91.141	-155.8562
962.000000	91.192	-154.9178
975.000000	91.253	-153.9305
988.000000	91.322	-152.9792
1000.000000	91.392	-152.1335
1015.000000	91.485	-151.1235
1030.000000	91.585	-150.1655
1044.000000	91.683	-149.3199
1060.000000	91.799	-148.4205
1075.000000	91.911	-147.6371
1090.000000	92.025	-146.9138
1106.000000	92.148	-146.2012
1120.000000	92.255	-145.6278
1138.000000	92.392	-144.9570
1150.000000	92.482	-144.5463
1172.000000	92.644	-143.8631
1180.000000	92.702	-143.6342
1206.000000	92.885	-142.9523
1220.000000	92.980	-142.6225
1241.000000	93.118	-142.1678
1250.000000	93.175	-141.9882
1265.000000	93.266	-141.7098
1280.000000	93.355	-141.4455
1315.000000	93.550	-140.8668
1320.000000	93.577	-140.7877
1340.000000	93.681	-140.4774
1360.000000	93.780	-140.1748
1380.000000	93.876	-139.8801
1400.000000	93.968	-139.5836
1430.000000	94.101	-139.1248
1450.000000	94.188	-138.8172
1475.000000	94.294	-138.4326
1500.000000	94.398	-138.0421
1525.000000	94.501	-137.6441
1550.000000	94.603	-137.2386
1575.000000	94.707	-136.8139
1600.000000	94.811	-136.3901
1625.000000	94.917	-135.9684
1650.000000	95.024	-135.5490
1675.000000	95.133	-135.1330
1700.000000	95.244	-134.7240
1725.000000	95.358	-134.3211
1750.000000	95.473	-133.9260
1775.000000	95.591	-133.5421
1800.000000	95.711	-133.1722
1825.000000	95.832	-132.8175
1850.000000	95.955	-132.4777
1875.000000	96.080	-132.1531
1900.000000	96.206	-131.8445
1925.000000	96.334	-131.5502
1950.000000	96.464	-131.2712
1975.000000	96.595	-131.0104
2000.000000	96.729	-130.7649
2030.000000	96.892	-130.4938
2060.000000	97.059	-130.2496
2090.000000	97.229	-130.0341
2120.000000	97.402	-129.8547
2140.000000	97.519	-129.7563
2180.000000	97.758	-129.6164
2200.000000	97.879	-129.5788
2240.000000	98.124	-129.5662
2270.000000	98.308	-129.6030
2300.000000	98.494	-129.6749
2330.000000	98.685	-129.7930
2360.000000	98.880	-129.9778
2400.000000	99.141	-130.3403
2430.000000	99.336	-130.6961
2470.000000	99.595	-131.2821
2500.000000	99.786	-131.8066
2540.000000	100.037	-132.6204
2580.000000	100.280	-133.5671
2620.000000	100.513	-134.6471
2650.000000	100.680	-135.5402
2690.000000	100.889	-136.8339
2720.000000	101.036	-137.8811
2760.000000	101.216	-139.3779
2800.000000	101.375	-140.9760
2850.000000	101.540	-143.0875
2900.000000	101.666	-145.2893
2950.000000	101.750	-147.5395
3000.000000	101.793	-149.7931
3040.000000	101.798	-151.5686
3070.000000	101.785	-152.8702
3110.000000	101.747	-154.5504
3150.000000	101.688	-156.1505
3200.000000	101.588	-158.0148
3250.000000	101.465	-159.7073
3300.000000	101.325	-161.2110
3350.000000	101.176	-162.5215
3400.000000	101.025	-163.6507
3450.000000	100.878	-164.6298
3500.000000	100.739	-165.5035
3550.000000	100.607	-166.3138
3600.000000	100.480	-167.0838
3650.000000	100.354	-167.8198
3700.000000	100.227	-168.5169
3750.000000	100.101	-169.1710
3820.000000	99.926	-170.0237
3870.000000	99.803	-170.5981
3950.000000	99.609	-171.4820
4000.000000	99.488	-172.0291
4060.000000	99.341	-172.6940
4120.000000	99.187	-173.3733
4180.000000	99.024	-174.0607
4250.000000	98.815	-174.8427
4310.000000	98.619	-175.4581
4370.000000	98.407	-175.9880
4440.000000	98.145	-176.4622
4500.000000	97.911	-176.7251
4550.000000	97.714	-176.8341
4620.000000	97.438	-176.8169
4680.000000	97.207	-176.6515
4750.000000	96.950	-176.2978
4820.000000	96.711	-175.8051
4870.000000	96.555	-175.3959
4940.000000	96.354	-174.7806
5000.000000	96.200	-174.2469
5080.000000	96.015	-173.5725
5150.000000	95.866	-173.0446
5220.000000	95.724	-172.5891
5300.000000	95.564	-172.1539
5380.000000	95.399	-171.7856
5450.000000	95.246	-171.4961
5520.000000	95.085	-171.2105
5600.000000	94.888	-170.8564
5700.000000	94.626	-170.3217
5800.000000	94.350	-169.6260
5900.000000	94.069	-168.7254
6000.000000	93.790	-167.5939
6080.000000	93.575	-166.5193
6150.000000	93.397	-165.4598
6220.000000	93.231	-164.2934
6300.000000	93.061	-162.8398
6400.000000	92.880	-160.8707
6500.000000	92.739	-158.7666
6600.000000	92.644	-156.5565
6700.000000	92.599	-154.2816
6800.000000	92.608	-151.9769
6900.000000	92.675	-149.6837
7000.000000	92.806	-147.4563
7100.000000	93.007	-145.3711
7200.000000	93.280	-143.5353
7300.000000	93.621	-142.0651
7400.000000	94.018	-141.0577
7500.000000	94.466	-140.5019
7620.000000	95.098	-140.5816
7750.000000	95.865	-142.2984
7880.000000	96.597	-146.1198
8000.000000	97.111	-151.5041
8120.000000	97.343	-158.2190
8250.000000	97.189	-165.9268
8380.000000	96.631	-172.7454
8500.000000	95.863	-177.3568
8620.000000	94.989	179.9818
8750.000000	94.070	179.1637
8850.000000	93.458	179.6581
9000.000000	92.748	-178.6958
9120.000000	92.322	-177.1798
9250.000000	91.944	-175.3572
9380.000000	91.660	-173.1583
9500.000000	91.516	-170.8659
9620.000000	91.507	-168.5444
9750.000000	91.661	-166.3119
9880.000000	91.978	-164.7447
10000.000000	92.392	-164.2231
10150.000000	93.002	-165.2288
10300.000000	93.601	-168.2929
10440.000000	94.034	-172.8319
10600.000000	94.281	-179.3134
10750.000000	94.257	174.1837
10900.000000	94.033	167.8618
11060.000000	93.647	161.5383
11200.000000	93.226	156.3174
11380.000000	92.585	149.9231
11500.000000	92.090	145.8780
11720.000000	91.032	139.2610
11800.000000	90.609	137.2417
12060.000000	89.212	132.5014
12200.000000	88.523	131.0432
12410.000000	87.663	129.8677
12500.000000	87.374	129.6033
12650.000000	87.009	129.3018
12800.000000	86.798	128.9849
13150.000000	86.910	126.9477
13200.000000	86.991	126.3865
13400.000000	87.451	123.1569
13600.000000	88.068	118.0166
13800.000000	88.737	110.7343
14000.000000	89.338	101.4517
14300.000000	89.945	84.8511
14500.000000	90.132	72.8786
14750.000000	90.216	57.6277
15000.000000	90.264	41.9203
15250.000000	90.316	25.2008
15500.000000	90.366	6.9471
15750.000000	90.350	-13.2951
16000.000000	90.164	-35.7825
16250.000000	89.622	-60.1266
16500.000000	88.687	-84.9526
16750.000000	87.599	-109.8195
17000.000000	86.512	-135.5775
17250.000000	85.416	-162.8334
17500.000000	84.371	167.9395
17750.000000	83.481	135.6463
18000.000000	82.706	98.8545
18250.000000	81.802	56.7383
18500.000000	80.474	9.5132
18750.000000	78.575	-42.0405
19000.000000	76.160	-97.5231
19250.000000	73.317	-157.4304
19500.000000	70.010	137.5500
19750.000000	66.260	64.9009
20000.000000	63.072	-10.3844
