* Measurement data measured by REW V5.31.3
* Source: USB-C to 3.5mm Headphone Jack Adapter, no input selected, 0, volume: no control
* Format: 256k Log Swept Sine, 4 sweeps at -12.0 dBFS with no timing reference
* Dated: Mar 28, 2026 8:18:01 PM
* REW Settings:
*  C-weighting compensation: Off
*  Target level: 75.0 dB
* Note: ; 
* Measurement: Crinear Daybreak Jiju L
* Smoothing: 1/24 octave
* Frequency Step: 1/48 octave
* Start Frequency: 20.300 Hz
*
* Freq(Hz)	SPL(dB)	Phase(degrees)
20.299999	101.239	-172.9647
20.600000	101.229	-173.4978
20.900000	101.215	-174.0684
21.200001	101.203	-174.6403
21.400000	101.195	-175.0240
21.799999	101.183	-175.7991
22.000000	101.178	-176.1879
22.400000	101.165	-176.9550
22.700001	101.154	-177.5097
23.000000	101.140	-178.0392
23.299999	101.124	-178.5427
23.600000	101.107	-179.0246
24.000000	101.085	-179.6476
24.299999	101.068	179.8891
24.700001	101.047	179.2657
25.000000	101.031	178.7924
25.400000	101.010	178.1587
25.799999	100.987	177.5330
26.200001	100.963	176.9269
26.500000	100.945	176.4885
26.900000	100.920	175.9233
27.200001	100.902	175.5092
27.600000	100.878	174.9622
28.000000	100.852	174.4170
28.500000	100.818	173.7427
29.000000	100.782	173.0898
29.500000	100.745	172.4631
30.000000	100.709	171.8501
30.400000	100.679	171.3596
30.700001	100.655	170.9911
31.100000	100.622	170.5042
31.500000	100.588	170.0310
32.000000	100.546	169.4656
32.500000	100.508	168.9232
33.000000	100.473	168.3903
33.500000	100.437	167.8605
34.000000	100.397	167.3387
34.500000	100.353	166.8312
35.000000	100.307	166.3384
35.500000	100.261	165.8553
36.000000	100.217	165.3783
36.500000	100.174	164.9084
37.000000	100.132	164.4490
37.500000	100.090	164.0020
38.200001	100.030	163.3900
38.700001	99.986	162.9549
39.500000	99.915	162.2572
40.000000	99.871	161.8292
40.599998	99.818	161.3402
41.200001	99.764	160.8851
41.799999	99.709	160.4518
42.500000	99.643	159.9459
43.099998	99.583	159.5062
43.700001	99.525	159.0745
44.400002	99.461	158.5961
45.000000	99.407	158.2114
45.500000	99.361	157.9065
46.200001	99.295	157.4800
46.799999	99.237	157.0903
47.500000	99.173	156.6336
48.200001	99.122	156.2397
48.700001	99.096	155.9822
49.400002	99.059	155.5805
50.000000	99.004	155.2018
50.799999	98.896	154.7773
51.500000	98.803	154.4858
52.200001	98.728	154.1581
53.000000	98.648	153.7491
53.799999	98.569	153.3989
54.500000	98.501	153.1063
55.200001	98.432	152.7910
56.000000	98.354	152.4416
57.000000	98.262	152.0390
58.000000	98.165	151.6624
59.000000	98.067	151.3024
60.000000	97.971	150.9254
60.799999	97.895	150.6560
61.500000	97.832	150.4461
62.200001	97.769	150.2292
63.000000	97.695	149.9825
64.000000	97.600	149.7334
65.000000	97.505	149.4949
66.000000	97.406	149.2426
67.000000	97.313	149.0443
68.000000	97.224	148.8835
69.000000	97.127	148.7244
70.000000	97.029	148.5107
71.000000	96.939	148.2720
72.000000	96.857	148.0766
73.000000	96.769	147.9487
74.000000	96.688	147.8483
75.000000	96.619	147.6249
76.199997	96.510	147.4197
77.500000	96.376	147.5286
78.800003	96.247	147.5210
80.000000	96.140	147.4148
81.199997	96.056	147.4155
82.500000	95.978	147.4652
83.800003	95.884	147.3596
85.000000	95.789	147.2400
86.199997	95.698	147.1962
87.500000	95.607	147.1739
88.500000	95.535	147.1310
90.000000	95.423	147.0873
91.199997	95.332	147.0845
92.500000	95.235	147.1180
93.800003	95.138	147.2004
95.000000	95.052	147.2938
96.199997	94.971	147.3825
97.500000	94.881	147.4781
98.800003	94.786	147.5584
100.000000	94.707	147.6262
101.500000	94.621	147.7074
103.000000	94.527	147.8391
104.400002	94.440	148.0036
106.000000	94.343	148.1958
107.500000	94.253	148.3431
109.000000	94.163	148.5270
110.599998	94.070	148.7725
112.000000	93.991	148.9848
113.800003	93.899	149.2767
115.000000	93.845	149.4678
117.199997	93.749	149.8029
118.000000	93.711	149.9157
120.599998	93.587	150.2761
122.000000	93.522	150.4808
124.099998	93.430	150.8201
125.000000	93.392	150.9538
126.500000	93.325	151.1801
128.000000	93.261	151.4201
131.500000	93.119	152.0317
132.000000	93.099	152.1236
134.000000	93.025	152.4753
136.000000	92.954	152.8108
138.000000	92.888	153.1634
140.000000	92.820	153.5271
143.000000	92.728	154.0982
145.000000	92.671	154.4214
147.500000	92.602	154.9033
150.000000	92.549	155.4800
152.500000	92.475	155.8591
155.000000	92.406	156.2595
157.500000	92.346	156.6948
160.000000	92.286	157.1277
162.500000	92.233	157.5785
165.000000	92.188	157.9987
167.500000	92.146	158.4333
170.000000	92.107	158.8610
172.500000	92.071	159.2541
175.000000	92.035	159.6469
177.500000	91.999	160.0330
180.000000	91.965	160.4191
182.500000	91.933	160.7789
185.000000	91.900	161.1292
187.500000	91.870	161.4975
190.000000	91.843	161.8582
192.500000	91.816	162.1953
195.000000	91.790	162.5259
197.500000	91.765	162.8487
200.000000	91.743	163.1683
203.000000	91.719	163.5760
206.000000	91.696	163.9525
209.000000	91.674	164.3132
212.000000	91.652	164.6818
214.000000	91.638	164.9225
218.000000	91.612	165.3990
220.000000	91.601	165.6207
224.000000	91.581	166.0311
227.000000	91.565	166.3469
230.000000	91.550	166.6638
233.000000	91.537	166.9691
236.000000	91.522	167.2596
240.000000	91.505	167.6301
243.000000	91.491	167.9115
247.000000	91.474	168.3602
250.000000	91.460	168.7089
254.000000	91.447	168.9429
258.000000	91.434	169.2153
262.000000	91.419	169.5297
265.000000	91.408	169.7727
269.000000	91.396	170.0859
272.000000	91.387	170.3128
276.000000	91.375	170.6191
280.000000	91.365	170.9206
285.000000	91.352	171.2728
290.000000	91.338	171.6226
295.000000	91.325	171.9610
300.000000	91.313	172.2971
304.000000	91.304	172.5458
307.000000	91.298	172.7313
311.000000	91.289	172.9781
315.000000	91.281	173.2244
320.000000	91.269	173.5385
325.000000	91.259	173.8484
330.000000	91.251	174.1402
335.000000	91.243	174.4182
340.000000	91.237	174.6960
345.000000	91.238	174.9586
350.000000	91.240	175.1999
355.000000	91.231	175.4601
360.000000	91.221	175.6974
365.000000	91.213	175.9028
370.000000	91.204	176.1042
375.000000	91.194	176.3071
382.000000	91.180	176.5926
387.000000	91.169	176.7959
395.000000	91.150	177.1123
400.000000	91.140	177.3070
406.000000	91.124	177.5571
412.000000	91.109	177.8029
418.000000	91.094	178.0418
425.000000	91.077	178.3181
431.000000	91.062	178.5552
437.000000	91.046	178.7896
444.000000	91.026	179.0566
450.000000	91.008	179.2780
455.000000	90.997	179.4771
462.000000	90.982	179.7576
468.000000	90.967	179.9887
475.000000	90.948	-179.7441
482.000000	90.928	-179.4744
487.000000	90.914	-179.2838
494.000000	90.894	-179.0168
500.000000	90.878	-178.7871
508.000000	90.855	-178.4824
515.000000	90.834	-178.2198
522.000000	90.813	-177.9571
530.000000	90.788	-177.6483
538.000000	90.762	-177.3291
545.000000	90.738	-177.0335
552.000000	90.716	-176.7468
560.000000	90.692	-176.4539
570.000000	90.660	-176.0642
580.000000	90.627	-175.6581
590.000000	90.593	-175.2449
600.000000	90.557	-174.8274
608.000000	90.529	-174.4837
615.000000	90.504	-174.1771
622.000000	90.478	-173.8638
630.000000	90.449	-173.4965
640.000000	90.412	-173.0351
650.000000	90.376	-172.5701
660.000000	90.340	-172.0376
670.000000	90.305	-171.5008
680.000000	90.271	-170.9673
690.000000	90.238	-170.4213
700.000000	90.207	-169.8618
710.000000	90.178	-169.2961
720.000000	90.151	-168.7201
730.000000	90.124	-168.1326
740.000000	90.099	-167.5322
750.000000	90.077	-166.9271
762.000000	90.052	-166.1993
775.000000	90.027	-165.4014
788.000000	90.003	-164.5810
800.000000	89.984	-163.8049
812.000000	89.965	-163.0062
825.000000	89.948	-162.1181
838.000000	89.936	-161.2071
850.000000	89.930	-160.3473
862.000000	89.928	-159.4878
875.000000	89.932	-158.5426
885.000000	89.938	-157.8071
900.000000	89.956	-156.6978
912.000000	89.975	-155.8047
925.000000	90.002	-154.8383
938.000000	90.037	-153.8740
950.000000	90.075	-152.9929
962.000000	90.116	-152.1506
975.000000	90.165	-151.2540
988.000000	90.221	-150.3682
1000.000000	90.277	-149.5701
1015.000000	90.352	-148.6037
1030.000000	90.431	-147.6797
1044.000000	90.510	-146.8525
1060.000000	90.604	-145.9509
1075.000000	90.695	-145.1520
1090.000000	90.788	-144.3986
1106.000000	90.889	-143.6380
1120.000000	90.978	-143.0049
1138.000000	91.092	-142.2422
1150.000000	91.168	-141.7645
1172.000000	91.304	-140.9502
1180.000000	91.353	-140.6679
1206.000000	91.509	-139.7967
1220.000000	91.591	-139.3576
1241.000000	91.708	-138.7342
1250.000000	91.757	-138.4754
1265.000000	91.839	-138.0499
1280.000000	91.920	-137.6363
1315.000000	92.098	-136.7111
1320.000000	92.123	-136.5808
1340.000000	92.220	-136.0610
1360.000000	92.315	-135.5488
1380.000000	92.409	-135.0463
1400.000000	92.503	-134.5466
1430.000000	92.638	-133.8046
1450.000000	92.727	-133.3072
1475.000000	92.840	-132.6839
1500.000000	92.952	-132.0654
1525.000000	93.064	-131.4433
1550.000000	93.177	-130.8250
1575.000000	93.291	-130.2082
1600.000000	93.406	-129.5918
1625.000000	93.522	-128.9769
1650.000000	93.640	-128.3591
1675.000000	93.762	-127.7462
1700.000000	93.887	-127.1354
1725.000000	94.016	-126.5346
1750.000000	94.150	-125.9550
1775.000000	94.288	-125.4102
1800.000000	94.428	-124.9058
1825.000000	94.565	-124.4342
1850.000000	94.700	-123.9840
1875.000000	94.834	-123.5436
1900.000000	94.966	-123.1012
1925.000000	95.098	-122.6527
1950.000000	95.231	-122.1933
1975.000000	95.366	-121.7146
2000.000000	95.505	-121.2148
2030.000000	95.680	-120.5878
2060.000000	95.869	-119.9451
2090.000000	96.077	-119.3228
2120.000000	96.306	-118.7836
2140.000000	96.467	-118.5066
2180.000000	96.794	-118.1943
2200.000000	96.951	-118.1431
2240.000000	97.247	-118.1484
2270.000000	97.455	-118.1660
2300.000000	97.657	-118.1502
2330.000000	97.861	-118.0908
2360.000000	98.076	-117.9960
2400.000000	98.390	-117.8829
2430.000000	98.652	-117.9036
2470.000000	99.028	-118.2163
2500.000000	99.316	-118.7409
2540.000000	99.679	-119.8259
2580.000000	99.996	-121.2184
2620.000000	100.264	-122.7401
2650.000000	100.439	-123.8894
2690.000000	100.649	-125.3940
2720.000000	100.797	-126.5153
2760.000000	100.983	-128.0475
2800.000000	101.155	-129.6710
2850.000000	101.335	-131.8439
2900.000000	101.464	-134.0969
2950.000000	101.543	-136.3239
3000.000000	101.576	-138.4355
3040.000000	101.576	-140.0023
3070.000000	101.565	-141.0971
3110.000000	101.539	-142.4457
3150.000000	101.506	-143.6698
3200.000000	101.461	-145.0417
3250.000000	101.420	-146.2801
3300.000000	101.383	-147.4375
3350.000000	101.350	-148.5512
3400.000000	101.318	-149.6340
3450.000000	101.284	-150.6835
3500.000000	101.251	-151.6922
3550.000000	101.221	-152.6695
3600.000000	101.196	-153.6469
3650.000000	101.174	-154.6463
3700.000000	101.153	-155.6851
3750.000000	101.132	-156.7793
3820.000000	101.094	-158.4328
3870.000000	101.056	-159.7073
3950.000000	100.966	-161.9014
4000.000000	100.884	-163.3551
4060.000000	100.753	-165.1554
4120.000000	100.581	-166.9679
4180.000000	100.362	-168.7223
4250.000000	100.049	-170.5858
4310.000000	99.734	-171.9332
4370.000000	99.386	-172.9762
4440.000000	98.952	-173.7421
4500.000000	98.571	-173.9834
4550.000000	98.258	-173.8924
4620.000000	97.839	-173.3462
4680.000000	97.511	-172.5350
4750.000000	97.174	-171.2717
4820.000000	96.895	-169.7663
4870.000000	96.732	-168.6033
4940.000000	96.555	-166.9276
5000.000000	96.447	-165.5067
5080.000000	96.357	-163.7090
5150.000000	96.320	-162.2690
5220.000000	96.314	-160.9761
5300.000000	96.336	-159.6875
5380.000000	96.381	-158.5875
5450.000000	96.434	-157.7602
5520.000000	96.498	-157.0401
5600.000000	96.585	-156.3288
5700.000000	96.719	-155.5858
5800.000000	96.887	-155.0145
5900.000000	97.098	-154.6644
6000.000000	97.359	-154.6302
6080.000000	97.604	-154.9207
6150.000000	97.845	-155.4822
6220.000000	98.105	-156.3992
6300.000000	98.416	-157.9755
6400.000000	98.797	-160.8843
6500.000000	99.117	-164.9499
6600.000000	99.303	-170.1272
6700.000000	99.283	-176.1217
6800.000000	99.008	177.6064
6900.000000	98.474	171.7145
7000.000000	97.723	166.7853
7100.000000	96.832	163.1685
7200.000000	95.882	160.9144
7300.000000	94.933	159.8511
7400.000000	94.016	159.7817
7500.000000	93.151	160.5574
7620.000000	92.200	162.3845
7750.000000	91.288	165.2340
7880.000000	90.507	168.7747
8000.000000	89.901	172.4973
8120.000000	89.406	176.5664
8250.000000	88.994	-178.6669
8380.000000	88.726	-173.4550
8500.000000	88.671	-168.0991
8620.000000	88.942	-162.6678
8750.000000	89.589	-159.0697
8850.000000	90.061	-158.5709
9000.000000	90.564	-158.8624
9120.000000	90.946	-159.3674
9250.000000	91.385	-160.8194
9380.000000	91.776	-163.5340
9500.000000	92.025	-167.0384
9620.000000	92.121	-171.1415
9750.000000	92.041	-175.7801
9880.000000	91.800	179.8041
10000.000000	91.475	176.1279
10150.000000	90.982	172.1210
10300.000000	90.428	168.7551
10440.000000	89.879	166.2426
10600.000000	89.264	164.1753
10750.000000	88.760	162.8834
10900.000000	88.367	161.8354
11060.000000	88.061	160.4953
11200.000000	87.843	158.9255
11380.000000	87.568	156.4896
11500.000000	87.377	154.7914
11720.000000	87.042	151.8512
11800.000000	86.940	150.8441
12060.000000	86.722	147.5099
12200.000000	86.673	145.5064
12410.000000	86.668	142.0825
12500.000000	86.684	140.4673
12650.000000	86.734	137.6207
12800.000000	86.821	134.6213
13150.000000	87.302	126.8587
13200.000000	87.421	125.5756
13400.000000	88.060	119.5135
13600.000000	88.964	110.9030
13800.000000	89.979	98.1994
14000.000000	90.721	80.6238
14300.000000	90.401	48.3178
14500.000000	89.080	27.1372
14750.000000	86.654	4.5939
15000.000000	84.005	-13.6282
15250.000000	81.582	-29.4637
15500.000000	79.553	-45.6504
15750.000000	77.677	-64.0474
16000.000000	75.561	-83.6051
16250.000000	73.180	-101.7878
16500.000000	70.956	-117.6107
16750.000000	69.349	-132.6823
17000.000000	68.346	-149.5410
17250.000000	67.480	-168.8232
17500.000000	66.378	171.2534
17750.000000	65.164	153.3090
18000.000000	64.894	137.4019
18250.000000	66.286	115.3490
18500.000000	67.576	81.0035
18750.000000	67.653	38.3354
19000.000000	66.771	-9.0668
19250.000000	65.303	-61.5067
19500.000000	63.343	-120.3846
19750.000000	60.902	170.5835
20000.000000	58.795	99.3108
