* Measurement data measured by REW V5.31.3
* Source: USB-C to 3.5mm Headphone Jack Adapter, no input selected, 0, volume: no control
* Format: 256k Log Swept Sine, 4 sweeps at -12.0 dBFS with no timing reference
* Dated: Mar 28, 2026 7:41:54 PM
* REW Settings:
*  C-weighting compensation: Off
*  Target level: 75.0 dB
* Note: ; 
* Measurement: Crinear Daybreak NobleW R
* Smoothing: 1/24 octave
* Frequency Step: 1/48 octave
* Start Frequency: 20.300 Hz
*
* Freq(Hz)	SPL(dB)	Phase(degrees)
20.299999	102.016	-165.5736
20.600000	102.015	-166.1452
20.900000	102.010	-166.7641
21.200001	102.004	-167.3868
21.400000	102.000	-167.8022
21.799999	101.994	-168.6298
22.000000	101.993	-169.0396
22.400000	101.992	-169.8456
22.700001	101.993	-170.4355
23.000000	101.993	-171.0115
23.299999	101.991	-171.5719
23.600000	101.986	-172.1145
24.000000	101.974	-172.8073
24.299999	101.964	-173.3054
24.700001	101.950	-173.9521
25.000000	101.941	-174.4352
25.400000	101.931	-175.0905
25.799999	101.920	-175.7604
26.200001	101.906	-176.4299
26.500000	101.893	-176.9178
26.900000	101.874	-177.5368
27.200001	101.860	-177.9772
27.600000	101.842	-178.5441
28.000000	101.825	-179.1054
28.500000	101.804	-179.8154
29.000000	101.780	179.4723
29.500000	101.755	178.7784
30.000000	101.731	178.1110
30.400000	101.711	177.5905
30.700001	101.696	177.2045
31.100000	101.674	176.6962
31.500000	101.649	176.1996
32.000000	101.617	175.6000
32.500000	101.588	175.0155
33.000000	101.562	174.4321
33.500000	101.535	173.8508
34.000000	101.505	173.2848
34.500000	101.471	172.7316
35.000000	101.434	172.1672
35.500000	101.394	171.5849
36.000000	101.352	171.0207
36.500000	101.321	170.5143
37.000000	101.310	170.0459
37.500000	101.314	169.5466
38.200001	101.300	168.7655
38.700001	101.254	168.2538
39.500000	101.147	167.6527
40.000000	101.086	167.3051
40.599998	101.026	166.7775
41.200001	100.973	166.1720
41.799999	100.929	165.6027
42.500000	100.891	165.0073
43.099998	100.855	164.5253
43.700001	100.807	164.0917
44.400002	100.745	163.6478
45.000000	100.698	163.2443
45.500000	100.661	162.8591
46.200001	100.605	162.2941
46.799999	100.555	161.8625
47.500000	100.504	161.4544
48.200001	100.459	161.0822
48.700001	100.423	160.7896
49.400002	100.358	160.3441
50.000000	100.293	159.9709
50.799999	100.217	159.4775
51.500000	100.165	158.9851
52.200001	100.111	158.4775
53.000000	100.045	158.0033
53.799999	99.984	157.6189
54.500000	99.933	157.2738
55.200001	99.876	156.9120
56.000000	99.801	156.5182
57.000000	99.702	156.0628
58.000000	99.615	155.5758
59.000000	99.535	155.1064
60.000000	99.454	154.7682
60.799999	99.385	154.5291
61.500000	99.318	154.2827
62.200001	99.251	154.0008
63.000000	99.183	153.6642
64.000000	99.106	153.2841
65.000000	99.022	152.9914
66.000000	98.926	152.7147
67.000000	98.831	152.3891
68.000000	98.748	152.0598
69.000000	98.674	151.7397
70.000000	98.592	151.4323
71.000000	98.503	151.1656
72.000000	98.421	150.9366
73.000000	98.351	150.6708
74.000000	98.279	150.3683
75.000000	98.206	150.1465
76.199997	98.119	149.9885
77.500000	97.996	149.8362
78.800003	97.863	149.7100
80.000000	97.779	149.4573
81.199997	97.697	149.1337
82.500000	97.599	148.9861
83.800003	97.504	148.8660
85.000000	97.413	148.7292
86.199997	97.326	148.6006
87.500000	97.233	148.4796
88.500000	97.158	148.4128
90.000000	97.047	148.3317
91.199997	96.963	148.2671
92.500000	96.874	148.2079
93.800003	96.784	148.1606
95.000000	96.698	148.1294
96.199997	96.612	148.1222
97.500000	96.522	148.0841
98.800003	96.436	148.0405
100.000000	96.362	148.0583
101.500000	96.269	148.1425
103.000000	96.175	148.1833
104.400002	96.089	148.2046
106.000000	95.989	148.3004
107.500000	95.896	148.4091
109.000000	95.809	148.5037
110.599998	95.718	148.6042
112.000000	95.635	148.6735
113.800003	95.533	148.7769
115.000000	95.469	148.8826
117.199997	95.353	149.1329
118.000000	95.310	149.2170
120.599998	95.175	149.4733
122.000000	95.108	149.6327
124.099998	95.007	149.9467
125.000000	94.962	150.0956
126.500000	94.885	150.2894
128.000000	94.814	150.4716
131.500000	94.689	151.0632
132.000000	94.673	151.1230
134.000000	94.618	151.3478
136.000000	94.557	151.5436
138.000000	94.472	151.7488
140.000000	94.397	151.9718
143.000000	94.298	152.3316
145.000000	94.228	152.6091
147.500000	94.150	152.9763
150.000000	94.080	153.3708
152.500000	93.984	153.7205
155.000000	93.903	153.9799
157.500000	93.840	154.2328
160.000000	93.778	154.6107
162.500000	93.706	155.0331
165.000000	93.638	155.4121
167.500000	93.579	155.7880
170.000000	93.525	156.1678
172.500000	93.472	156.5262
175.000000	93.422	156.8629
177.500000	93.375	157.2182
180.000000	93.325	157.5851
182.500000	93.273	157.9705
185.000000	93.229	158.3511
187.500000	93.197	158.6844
190.000000	93.167	159.0047
192.500000	93.141	159.3784
195.000000	93.124	159.8510
197.500000	93.104	160.2752
200.000000	93.081	160.5772
203.000000	93.057	160.8467
206.000000	93.037	161.1118
209.000000	93.012	161.3627
212.000000	92.977	161.6234
214.000000	92.955	161.8073
218.000000	92.918	162.1556
220.000000	92.898	162.3305
224.000000	92.858	162.6858
227.000000	92.832	162.9692
230.000000	92.804	163.2515
233.000000	92.773	163.5312
236.000000	92.746	163.8032
240.000000	92.716	164.1624
243.000000	92.699	164.4609
247.000000	92.673	164.8526
250.000000	92.654	165.1236
254.000000	92.635	165.4357
258.000000	92.617	165.7159
262.000000	92.597	165.9861
265.000000	92.581	166.1906
269.000000	92.557	166.4840
272.000000	92.540	166.7051
276.000000	92.520	166.9747
280.000000	92.498	167.2328
285.000000	92.472	167.5606
290.000000	92.449	167.8828
295.000000	92.426	168.1974
300.000000	92.403	168.5060
304.000000	92.385	168.7386
307.000000	92.371	168.9185
311.000000	92.352	169.1544
315.000000	92.332	169.3670
320.000000	92.307	169.6328
325.000000	92.286	169.9144
330.000000	92.264	170.2165
335.000000	92.240	170.5096
340.000000	92.217	170.8226
345.000000	92.196	171.1649
350.000000	92.180	171.5141
355.000000	92.176	171.8157
360.000000	92.177	172.0744
365.000000	92.174	172.2927
370.000000	92.166	172.4716
375.000000	92.155	172.6288
382.000000	92.134	172.8731
387.000000	92.117	173.0529
395.000000	92.089	173.3477
400.000000	92.071	173.5352
406.000000	92.048	173.7600
412.000000	92.025	173.9922
418.000000	92.003	174.2269
425.000000	91.976	174.5022
431.000000	91.953	174.7348
437.000000	91.929	174.9716
444.000000	91.898	175.2476
450.000000	91.871	175.4803
455.000000	91.855	175.6789
462.000000	91.834	175.9580
468.000000	91.813	176.1928
475.000000	91.788	176.4641
482.000000	91.762	176.7293
487.000000	91.743	176.9170
494.000000	91.715	177.1790
500.000000	91.690	177.4099
508.000000	91.658	177.7466
515.000000	91.630	178.0389
522.000000	91.603	178.3300
530.000000	91.570	178.6633
538.000000	91.536	178.9991
545.000000	91.504	179.2884
552.000000	91.474	179.5923
560.000000	91.446	179.9781
570.000000	91.408	-179.5441
580.000000	91.369	-179.0547
590.000000	91.334	-178.5414
600.000000	91.302	-178.0136
608.000000	91.279	-177.5702
615.000000	91.262	-177.1747
622.000000	91.248	-176.7807
630.000000	91.238	-176.3327
640.000000	91.238	-175.8105
650.000000	91.244	-175.3723
660.000000	91.246	-175.0621
670.000000	91.234	-174.8443
680.000000	91.205	-174.6503
690.000000	91.160	-174.4228
700.000000	91.105	-174.1143
710.000000	91.046	-173.7130
720.000000	90.987	-173.2385
730.000000	90.930	-172.7016
740.000000	90.878	-172.1229
750.000000	90.830	-171.5085
762.000000	90.779	-170.7155
775.000000	90.730	-169.8407
788.000000	90.687	-168.9468
800.000000	90.654	-168.0860
812.000000	90.627	-167.2122
825.000000	90.605	-166.2505
838.000000	90.590	-165.2705
850.000000	90.581	-164.3563
862.000000	90.576	-163.4256
875.000000	90.579	-162.4136
885.000000	90.587	-161.6345
900.000000	90.605	-160.4657
912.000000	90.629	-159.5342
925.000000	90.660	-158.5319
938.000000	90.698	-157.5418
950.000000	90.738	-156.6434
962.000000	90.786	-155.7679
975.000000	90.845	-154.8406
988.000000	90.908	-153.9384
1000.000000	90.972	-153.1333
1015.000000	91.058	-152.1624
1030.000000	91.150	-151.2410
1044.000000	91.239	-150.4331
1060.000000	91.346	-149.5622
1075.000000	91.449	-148.7930
1090.000000	91.555	-148.0797
1106.000000	91.668	-147.3748
1120.000000	91.767	-146.8067
1138.000000	91.894	-146.1387
1150.000000	91.978	-145.7260
1172.000000	92.130	-145.0190
1180.000000	92.185	-144.7856
1206.000000	92.357	-144.0927
1220.000000	92.446	-143.7555
1241.000000	92.576	-143.2893
1250.000000	92.630	-143.1026
1265.000000	92.716	-142.8078
1280.000000	92.799	-142.5281
1315.000000	92.983	-141.9136
1320.000000	93.008	-141.8289
1340.000000	93.106	-141.4964
1360.000000	93.200	-141.1724
1380.000000	93.292	-140.8553
1400.000000	93.379	-140.5401
1430.000000	93.506	-140.0568
1450.000000	93.589	-139.7286
1475.000000	93.689	-139.3012
1500.000000	93.788	-138.8681
1525.000000	93.888	-138.4345
1550.000000	93.988	-138.0008
1575.000000	94.088	-137.5583
1600.000000	94.190	-137.1152
1625.000000	94.292	-136.6733
1650.000000	94.396	-136.2295
1675.000000	94.503	-135.7847
1700.000000	94.612	-135.3486
1725.000000	94.722	-134.9204
1750.000000	94.835	-134.5005
1775.000000	94.951	-134.0917
1800.000000	95.070	-133.6986
1825.000000	95.191	-133.3173
1850.000000	95.314	-132.9561
1875.000000	95.438	-132.6150
1900.000000	95.563	-132.2918
1925.000000	95.690	-131.9884
1950.000000	95.819	-131.7034
1975.000000	95.950	-131.4334
2000.000000	96.082	-131.1817
2030.000000	96.243	-130.9040
2060.000000	96.407	-130.6542
2090.000000	96.574	-130.4328
2120.000000	96.745	-130.2471
2140.000000	96.861	-130.1439
2180.000000	97.095	-129.9919
2200.000000	97.215	-129.9464
2240.000000	97.457	-129.9196
2270.000000	97.642	-129.9601
2300.000000	97.828	-130.0571
2330.000000	98.014	-130.2121
2360.000000	98.202	-130.4231
2400.000000	98.453	-130.8000
2430.000000	98.641	-131.1600
2470.000000	98.889	-131.7503
2500.000000	99.072	-132.2771
2540.000000	99.310	-133.0925
2580.000000	99.540	-134.0353
2620.000000	99.758	-135.1027
2650.000000	99.914	-135.9797
2690.000000	100.108	-137.2486
2720.000000	100.243	-138.2754
2760.000000	100.405	-139.7317
2800.000000	100.546	-141.2715
2850.000000	100.689	-143.2948
2900.000000	100.794	-145.3886
2950.000000	100.859	-147.5150
3000.000000	100.883	-149.6317
3040.000000	100.875	-151.2881
3070.000000	100.852	-152.4964
3110.000000	100.803	-154.0477
3150.000000	100.734	-155.5153
3200.000000	100.625	-157.2128
3250.000000	100.493	-158.7411
3300.000000	100.346	-160.0938
3350.000000	100.189	-161.2700
3400.000000	100.028	-162.2768
3450.000000	99.867	-163.1325
3500.000000	99.708	-163.8571
3550.000000	99.553	-164.4743
3600.000000	99.402	-164.9973
3650.000000	99.255	-165.4336
3700.000000	99.113	-165.7910
3750.000000	98.977	-166.0784
3820.000000	98.798	-166.3878
3870.000000	98.679	-166.5580
3950.000000	98.502	-166.7748
4000.000000	98.399	-166.8943
4060.000000	98.281	-167.0366
4120.000000	98.168	-167.1899
4180.000000	98.057	-167.3589
4250.000000	97.925	-167.5762
4310.000000	97.807	-167.7720
4370.000000	97.684	-167.9639
4440.000000	97.529	-168.1570
4500.000000	97.389	-168.2722
4550.000000	97.268	-168.3176
4620.000000	97.094	-168.2843
4680.000000	96.945	-168.1577
4750.000000	96.776	-167.8969
4820.000000	96.617	-167.5308
4870.000000	96.512	-167.2218
4940.000000	96.380	-166.7492
5000.000000	96.280	-166.3329
5080.000000	96.163	-165.7992
5150.000000	96.072	-165.3771
5220.000000	95.989	-165.0133
5300.000000	95.897	-164.6686
5380.000000	95.803	-164.3869
5450.000000	95.715	-164.1757
5520.000000	95.622	-163.9756
5600.000000	95.508	-163.7311
5700.000000	95.354	-163.3547
5800.000000	95.195	-162.8513
5900.000000	95.037	-162.1842
6000.000000	94.890	-161.3329
6080.000000	94.787	-160.5164
6150.000000	94.713	-159.7099
6220.000000	94.657	-158.8287
6300.000000	94.619	-157.7475
6400.000000	94.619	-156.3241
6500.000000	94.680	-154.8733
6600.000000	94.810	-153.4700
6700.000000	95.017	-152.2141
6800.000000	95.308	-151.2328
6900.000000	95.688	-150.6858
7000.000000	96.155	-150.7773
7100.000000	96.703	-151.7663
7200.000000	97.304	-153.9690
7300.000000	97.903	-157.7242
7400.000000	98.398	-163.2123
7500.000000	98.675	-170.1882
7620.000000	98.600	-179.7121
7750.000000	97.937	170.1355
7880.000000	96.765	162.0706
8000.000000	95.437	157.3199
8120.000000	94.056	155.0938
8250.000000	92.630	155.0171
8380.000000	91.345	156.7885
8500.000000	90.309	159.6756
8620.000000	89.434	163.5471
8750.000000	88.709	168.6234
8850.000000	88.346	172.7676
9000.000000	88.075	178.1410
9120.000000	87.944	-178.5436
9250.000000	87.811	-175.1728
9380.000000	87.739	-171.6162
9500.000000	87.781	-168.2625
9620.000000	87.951	-165.1152
9750.000000	88.279	-162.3002
9880.000000	88.732	-160.4754
10000.000000	89.221	-159.9381
10150.000000	89.839	-160.9994
10300.000000	90.354	-163.8500
10440.000000	90.663	-167.6608
10600.000000	90.784	-172.6213
10750.000000	90.705	-177.2594
10900.000000	90.500	178.4031
11060.000000	90.200	174.1276
11200.000000	89.895	170.5765
11380.000000	89.452	166.1044
11500.000000	89.114	163.1643
11720.000000	88.378	158.1154
11800.000000	88.077	156.5087
12060.000000	87.052	152.5689
12200.000000	86.528	151.2992
12410.000000	85.863	150.4185
12500.000000	85.642	150.3421
12650.000000	85.383	150.4718
12800.000000	85.275	150.7625
13150.000000	85.684	150.9226
13200.000000	85.821	150.7660
13400.000000	86.572	149.3451
13600.000000	87.623	146.1387
13800.000000	88.914	140.4403
14000.000000	90.314	131.6682
14300.000000	92.229	112.4735
14500.000000	93.127	96.4040
14750.000000	93.683	74.5736
15000.000000	93.751	52.6020
15250.000000	93.609	30.9592
15500.000000	93.457	8.5689
15750.000000	93.136	-15.9094
16000.000000	92.340	-41.6560
16250.000000	91.141	-67.0247
16500.000000	89.806	-92.0499
16750.000000	88.402	-117.3782
17000.000000	86.968	-143.1630
17250.000000	85.669	-170.0903
17500.000000	84.585	160.3782
17750.000000	83.597	127.0979
18000.000000	82.554	89.5255
18250.000000	81.267	47.4443
18500.000000	79.508	1.4496
18750.000000	77.237	-47.6133
19000.000000	74.646	-99.9527
19250.000000	71.825	-156.8007
19500.000000	68.660	140.9447
19750.000000	65.121	70.8557
20000.000000	62.165	-1.8617
