* Measurement data measured by REW V5.31.3
* Source: USB-C to 3.5mm Headphone Jack Adapter, USB-C to 3.5mm Headphone Jack Adapter, 0, volume: 0.295
* Format: 256k Log Swept Sine, 4 sweeps at -12.0 dBFS with no timing reference
* Dated: Apr 16, 2025 3:10:36 PM
* REW Settings:
*  C-weighting compensation: Off
*  Target level: 75.0 dB
* Note: ; 
* Measurement: CrinEar Meta Velvet L
* Smoothing: 1/24 octave
* Frequency Step: 1/48 octave
* Start Frequency: 20.300 Hz
*
* Freq(Hz)	SPL(dB)	Phase(degrees)
20.299999	101.518	-0.5765
20.600000	101.506	-0.9679
20.900000	101.490	-1.3698
21.200001	101.475	-1.7571
21.400000	101.467	-2.0147
21.799999	101.459	-2.5539
22.000000	101.457	-2.8432
22.400000	101.453	-3.4584
22.700001	101.445	-3.9306
23.000000	101.432	-4.3836
23.299999	101.414	-4.7962
23.600000	101.395	-5.1613
24.000000	101.374	-5.5935
24.299999	101.362	-5.9032
24.700001	101.350	-6.3286
25.000000	101.340	-6.6600
25.400000	101.326	-7.1027
25.799999	101.312	-7.5335
26.200001	101.303	-7.9660
26.500000	101.297	-8.3084
26.900000	101.281	-8.7889
27.200001	101.258	-9.1404
27.600000	101.211	-9.5332
28.000000	101.157	-9.7981
28.500000	101.109	-10.0318
29.000000	101.093	-10.4121
29.500000	101.081	-11.1147
30.000000	101.038	-11.9932
30.400000	100.982	-12.6001
30.700001	100.941	-12.9192
31.100000	100.907	-13.1772
31.500000	100.902	-13.3538
32.000000	100.920	-13.6517
32.500000	100.925	-14.0851
33.000000	100.896	-14.5349
33.500000	100.849	-14.8997
34.000000	100.806	-15.2199
34.500000	100.775	-15.5970
35.000000	100.744	-16.0558
35.500000	100.709	-16.5266
36.000000	100.673	-16.9377
36.500000	100.644	-17.2881
37.000000	100.623	-17.6286
37.500000	100.601	-17.9961
38.200001	100.553	-18.5182
38.700001	100.506	-18.8376
39.500000	100.430	-19.2640
40.000000	100.389	-19.5559
40.599998	100.342	-19.9774
41.200001	100.294	-20.4201
41.799999	100.247	-20.8089
42.500000	100.199	-21.1877
43.099998	100.158	-21.4874
43.700001	100.109	-21.7794
44.400002	100.046	-22.1273
45.000000	99.991	-22.4649
45.500000	99.946	-22.7747
46.200001	99.884	-23.1958
46.799999	99.837	-23.5105
47.500000	99.790	-23.8493
48.200001	99.733	-24.1546
48.700001	99.685	-24.3075
49.400002	99.619	-24.4377
50.000000	99.576	-24.5899
50.799999	99.519	-25.0076
51.500000	99.457	-25.4855
52.200001	99.391	-25.9238
53.000000	99.325	-26.3395
53.799999	99.259	-26.6498
54.500000	99.204	-26.8460
55.200001	99.150	-27.0786
56.000000	99.077	-27.4341
57.000000	98.982	-27.8194
58.000000	98.907	-28.1272
59.000000	98.819	-28.4472
60.000000	98.722	-28.8759
60.799999	98.636	-29.3597
61.500000	98.554	-29.6284
62.200001	98.494	-29.6329
63.000000	98.456	-29.5694
64.000000	98.391	-29.7157
65.000000	98.298	-29.9480
66.000000	98.211	-30.1657
67.000000	98.126	-30.3189
68.000000	98.039	-30.4537
69.000000	97.950	-30.6507
70.000000	97.862	-30.8506
71.000000	97.775	-30.9873
72.000000	97.691	-31.1074
73.000000	97.610	-31.2459
74.000000	97.531	-31.3580
75.000000	97.450	-31.4011
76.199997	97.345	-31.4672
77.500000	97.224	-31.6579
78.800003	97.116	-31.8063
80.000000	97.018	-31.8936
81.199997	96.917	-31.9794
82.500000	96.809	-32.0127
83.800003	96.698	-31.9307
85.000000	96.593	-31.9271
86.199997	96.499	-31.9765
87.500000	96.405	-31.9754
88.500000	96.329	-31.9471
90.000000	96.206	-31.9188
91.199997	96.108	-31.9166
92.500000	96.004	-31.8900
93.800003	95.911	-31.6952
95.000000	95.824	-31.5055
96.199997	95.729	-31.3954
97.500000	95.649	-31.3050
98.800003	95.594	-31.1147
100.000000	95.516	-30.9307
101.500000	95.362	-30.7961
103.000000	95.236	-30.7152
104.400002	95.149	-30.5545
106.000000	95.038	-30.2027
107.500000	94.924	-29.8283
109.000000	94.814	-29.4026
110.599998	94.727	-29.0504
112.000000	94.664	-28.8582
113.800003	94.552	-28.5008
115.000000	94.467	-28.2822
117.199997	94.312	-27.7901
118.000000	94.271	-27.4977
120.599998	94.166	-26.7567
122.000000	94.101	-26.5428
124.099998	94.020	-26.1061
125.000000	93.986	-25.8343
126.500000	93.923	-25.4094
128.000000	93.853	-25.0162
131.500000	93.702	-24.1605
132.000000	93.682	-24.0396
134.000000	93.609	-23.5398
136.000000	93.538	-22.9851
138.000000	93.440	-22.4532
140.000000	93.371	-21.9163
143.000000	93.300	-21.0601
145.000000	93.242	-20.4692
147.500000	93.192	-19.8173
150.000000	93.138	-19.1036
152.500000	93.050	-18.2105
155.000000	92.991	-17.5464
157.500000	92.956	-16.9513
160.000000	92.906	-16.2537
162.500000	92.848	-15.5718
165.000000	92.797	-14.8872
167.500000	92.760	-14.1954
170.000000	92.722	-13.5684
172.500000	92.675	-12.9177
175.000000	92.630	-12.2181
177.500000	92.603	-11.5120
180.000000	92.578	-10.8093
182.500000	92.572	-10.0738
185.000000	92.567	-9.3500
187.500000	92.562	-8.7597
190.000000	92.566	-8.2016
192.500000	92.568	-7.6803
195.000000	92.566	-7.1719
197.500000	92.565	-6.6982
200.000000	92.561	-6.2225
203.000000	92.561	-5.6099
206.000000	92.568	-5.0458
209.000000	92.582	-4.5112
212.000000	92.592	-4.0090
214.000000	92.595	-3.6918
218.000000	92.605	-3.0676
220.000000	92.609	-2.7507
224.000000	92.615	-2.0826
227.000000	92.627	-1.6402
230.000000	92.642	-1.2186
233.000000	92.657	-0.8151
236.000000	92.671	-0.4245
240.000000	92.683	0.1174
243.000000	92.695	0.4982
247.000000	92.713	0.9862
250.000000	92.727	1.3647
254.000000	92.742	1.8213
258.000000	92.753	2.2729
262.000000	92.763	2.7002
265.000000	92.773	2.9995
269.000000	92.785	3.4046
272.000000	92.797	3.6994
276.000000	92.811	4.0762
280.000000	92.824	4.4383
285.000000	92.839	4.8792
290.000000	92.852	5.3107
295.000000	92.865	5.7187
300.000000	92.877	6.1348
304.000000	92.886	6.4490
307.000000	92.893	6.6790
311.000000	92.900	6.9840
315.000000	92.907	7.2844
320.000000	92.916	7.6509
325.000000	92.925	8.0155
330.000000	92.934	8.3835
335.000000	92.941	8.7328
340.000000	92.946	9.0651
345.000000	92.950	9.4186
350.000000	92.954	9.7808
355.000000	92.963	10.0860
360.000000	92.969	10.3885
365.000000	92.973	10.6880
370.000000	92.978	10.9977
375.000000	92.982	11.3012
382.000000	92.984	11.7126
387.000000	92.984	12.0030
395.000000	92.984	12.4655
400.000000	92.983	12.7578
406.000000	92.979	13.0927
412.000000	92.974	13.4331
418.000000	92.970	13.7770
425.000000	92.965	14.1756
431.000000	92.960	14.5230
437.000000	92.955	14.8698
444.000000	92.948	15.2736
450.000000	92.942	15.6236
455.000000	92.936	15.8972
462.000000	92.924	16.2754
468.000000	92.915	16.6113
475.000000	92.903	17.0109
482.000000	92.890	17.4105
487.000000	92.881	17.6965
494.000000	92.868	18.0879
500.000000	92.857	18.4250
508.000000	92.838	18.9097
515.000000	92.821	19.3299
522.000000	92.806	19.7494
530.000000	92.788	20.2381
538.000000	92.771	20.7297
545.000000	92.759	21.1760
552.000000	92.744	21.6155
560.000000	92.718	22.1001
570.000000	92.690	22.7256
580.000000	92.664	23.3706
590.000000	92.637	24.0427
600.000000	92.610	24.7342
608.000000	92.590	25.2620
615.000000	92.572	25.7300
622.000000	92.555	26.2122
630.000000	92.535	26.7702
640.000000	92.512	27.4606
650.000000	92.488	28.1519
660.000000	92.463	28.9087
670.000000	92.440	29.6660
680.000000	92.418	30.4175
690.000000	92.396	31.1744
700.000000	92.376	31.9454
710.000000	92.356	32.7271
720.000000	92.337	33.5160
730.000000	92.320	34.3119
740.000000	92.303	35.1118
750.000000	92.288	35.9248
762.000000	92.273	36.9404
775.000000	92.261	38.0487
788.000000	92.253	39.1579
800.000000	92.247	40.1807
812.000000	92.239	41.2116
825.000000	92.231	42.3343
838.000000	92.228	43.4579
850.000000	92.228	44.4979
862.000000	92.232	45.5487
875.000000	92.240	46.6853
885.000000	92.249	47.5516
900.000000	92.266	48.8446
912.000000	92.282	49.8918
925.000000	92.304	51.0239
938.000000	92.331	52.1494
950.000000	92.360	53.1804
962.000000	92.393	54.1945
975.000000	92.433	55.2801
988.000000	92.477	56.3463
1000.000000	92.522	57.3061
1015.000000	92.583	58.4711
1030.000000	92.646	59.5984
1044.000000	92.708	60.6115
1060.000000	92.780	61.7253
1075.000000	92.849	62.7269
1090.000000	92.917	63.6852
1106.000000	92.990	64.6588
1120.000000	93.052	65.4730
1138.000000	93.128	66.4838
1150.000000	93.178	67.1343
1172.000000	93.266	68.2704
1180.000000	93.296	68.6711
1206.000000	93.386	69.9410
1220.000000	93.428	70.6111
1241.000000	93.487	71.6073
1250.000000	93.512	72.0378
1265.000000	93.557	72.7627
1280.000000	93.602	73.4868
1315.000000	93.703	75.1473
1320.000000	93.716	75.3829
1340.000000	93.765	76.3265
1360.000000	93.811	77.2894
1380.000000	93.854	78.2832
1400.000000	93.895	79.2946
1430.000000	93.954	80.8481
1450.000000	93.993	81.9065
1475.000000	94.044	83.2444
1500.000000	94.097	84.5847
1525.000000	94.147	85.9299
1550.000000	94.194	87.3034
1575.000000	94.241	88.7233
1600.000000	94.291	90.1936
1625.000000	94.345	91.6991
1650.000000	94.406	93.1981
1675.000000	94.473	94.6507
1700.000000	94.538	96.0671
1725.000000	94.596	97.5067
1750.000000	94.655	99.0272
1775.000000	94.728	100.6087
1800.000000	94.814	102.1811
1825.000000	94.910	103.7156
1850.000000	95.010	105.2074
1875.000000	95.112	106.6679
1900.000000	95.219	108.1278
1925.000000	95.331	109.5801
1950.000000	95.450	111.0094
1975.000000	95.576	112.4137
2000.000000	95.708	113.7902
2030.000000	95.875	115.3974
2060.000000	96.050	116.9612
2090.000000	96.233	118.4806
2120.000000	96.424	119.9399
2140.000000	96.555	120.8733
2180.000000	96.825	122.6490
2200.000000	96.964	123.4900
2240.000000	97.249	125.0642
2270.000000	97.469	126.1479
2300.000000	97.693	127.1384
2330.000000	97.919	128.0274
2360.000000	98.146	128.8121
2400.000000	98.448	129.6834
2430.000000	98.670	130.2176
2470.000000	98.962	130.8059
2500.000000	99.181	131.1226
2540.000000	99.468	131.3529
2580.000000	99.743	131.3728
2620.000000	100.000	131.1626
2650.000000	100.176	130.8600
2690.000000	100.383	130.2948
2720.000000	100.515	129.7673
2760.000000	100.658	128.9514
2800.000000	100.759	128.0411
2850.000000	100.823	126.8402
2900.000000	100.818	125.6668
2950.000000	100.747	124.6280
3000.000000	100.623	123.8059
3040.000000	100.494	123.3251
3070.000000	100.381	123.0709
3110.000000	100.213	122.8864
3150.000000	100.029	122.9083
3200.000000	99.790	123.2478
3250.000000	99.555	123.8750
3300.000000	99.325	124.7431
3350.000000	99.105	125.8306
3400.000000	98.899	127.1144
3450.000000	98.711	128.5751
3500.000000	98.549	130.1684
3550.000000	98.413	131.8372
3600.000000	98.302	133.5325
3650.000000	98.213	135.2246
3700.000000	98.144	136.9007
3750.000000	98.097	138.5366
3820.000000	98.061	140.6899
3870.000000	98.055	142.1033
3950.000000	98.072	144.0737
4000.000000	98.091	145.0744
4060.000000	98.108	146.0012
4120.000000	98.108	146.6089
4180.000000	98.076	146.9091
4250.000000	97.973	146.9558
4310.000000	97.810	146.8937
4370.000000	97.573	146.9588
4440.000000	97.221	147.5033
4500.000000	96.894	148.5300
4550.000000	96.633	149.7650
4620.000000	96.321	151.8884
4680.000000	96.112	153.8636
4750.000000	95.936	156.0846
4820.000000	95.805	157.9987
4870.000000	95.719	159.1490
4940.000000	95.590	160.5184
5000.000000	95.466	161.5261
5080.000000	95.274	162.6736
5150.000000	95.069	163.5481
5220.000000	94.821	164.4199
5300.000000	94.488	165.5965
5380.000000	94.128	167.0989
5450.000000	93.808	168.6722
5520.000000	93.492	170.4588
5600.000000	93.143	172.7486
5700.000000	92.737	175.9660
5800.000000	92.381	179.5224
5900.000000	92.087	-176.6484
6000.000000	91.867	-172.6110
6080.000000	91.752	-169.2944
6150.000000	91.699	-166.3737
6220.000000	91.694	-163.4671
6300.000000	91.757	-160.1901
6400.000000	91.950	-156.2190
6500.000000	92.261	-152.4847
6600.000000	92.683	-149.1027
6700.000000	93.214	-146.2063
6800.000000	93.848	-143.9217
6900.000000	94.576	-142.3218
7000.000000	95.425	-141.3559
7100.000000	96.487	-141.4962
7200.000000	97.640	-144.5308
7300.000000	98.531	-150.3036
7400.000000	99.097	-157.1702
7500.000000	99.364	-164.4414
7620.000000	99.297	-172.8108
7750.000000	98.851	179.7459
7880.000000	98.212	174.6455
8000.000000	97.596	171.8783
8120.000000	97.022	170.4629
8250.000000	96.505	169.8330
8380.000000	96.113	169.6473
8500.000000	95.850	169.5329
8620.000000	95.654	169.2327
8750.000000	95.473	168.5211
8850.000000	95.324	167.6561
9000.000000	95.023	165.9374
9120.000000	94.680	164.4122
9250.000000	94.185	162.9433
9380.000000	93.568	161.9946
9500.000000	92.914	161.8084
9620.000000	92.210	162.4048
9750.000000	91.426	163.9634
9880.000000	90.651	166.4257
10000.000000	89.968	169.4195
10150.000000	89.181	173.9830
10300.000000	88.482	179.3153
10440.000000	87.915	-175.0962
10600.000000	87.384	-168.0428
10750.000000	87.027	-160.8695
10900.000000	86.840	-153.3085
11060.000000	86.865	-145.1158
11200.000000	87.097	-138.2481
11380.000000	87.656	-130.6486
11500.000000	88.140	-126.6264
11720.000000	89.157	-121.4371
11800.000000	89.554	-120.2484
12060.000000	90.875	-119.1712
12200.000000	91.547	-120.5218
12410.000000	92.360	-125.1053
12500.000000	92.593	-127.8667
12650.000000	92.778	-133.0923
12800.000000	92.685	-138.4637
13150.000000	91.624	-147.9207
13200.000000	91.421	-148.7383
13400.000000	90.602	-150.6819
13600.000000	89.877	-150.9083
13800.000000	89.331	-150.0565
14000.000000	89.003	-148.6977
14300.000000	88.987	-146.7397
14500.000000	89.345	-146.2906
14750.000000	90.269	-148.0391
15000.000000	91.704	-154.5947
15250.000000	93.293	-168.9147
15500.000000	94.158	168.3531
15750.000000	93.491	141.8225
16000.000000	91.422	118.3672
16250.000000	88.844	100.8015
16500.000000	86.471	87.6807
16750.000000	84.556	76.4524
17000.000000	83.101	65.1163
17250.000000	82.037	52.3937
17500.000000	81.308	37.4841
17750.000000	80.924	19.5937
18000.000000	80.887	-2.6825
18250.000000	80.974	-30.8256
18500.000000	80.805	-65.0612
18750.000000	80.200	-104.6588
19000.000000	79.237	-149.6302
19250.000000	77.956	158.9302
19500.000000	76.194	99.8723
19750.000000	73.831	30.9170
20000.000000	71.700	-41.4622
