* Measurement data measured by REW V5.31.3
* Source: USB-C to 3.5mm Headphone Jack Adapter, USB-C to 3.5mm Headphone Jack Adapter, 0, volume: 0.295
* Format: 256k Log Swept Sine, 4 sweeps at -12.0 dBFS with no timing reference
* Dated: Apr 19, 2025 7:50:39 PM
* REW Settings:
*  C-weighting compensation: Off
*  Target level: 75.0 dB
* Note: ; 
* Measurement: CrinEar Meta AET07 L
* Smoothing: 1/24 octave
* Frequency Step: 1/48 octave
* Start Frequency: 20.300 Hz
*
* Freq(Hz)	SPL(dB)	Phase(degrees)
20.299999	101.613	-0.8471
20.600000	101.624	-1.1352
20.900000	101.638	-1.4824
21.200001	101.649	-1.8947
21.400000	101.653	-2.2080
21.799999	101.646	-2.8991
22.000000	101.635	-3.2540
22.400000	101.597	-3.9214
22.700001	101.563	-4.3520
23.000000	101.532	-4.7173
23.299999	101.507	-5.0366
23.600000	101.491	-5.3412
24.000000	101.480	-5.7749
24.299999	101.475	-6.1386
24.700001	101.463	-6.6644
25.000000	101.449	-7.0662
25.400000	101.424	-7.5773
25.799999	101.399	-8.0448
26.200001	101.377	-8.4816
26.500000	101.362	-8.8039
26.900000	101.340	-9.2336
27.200001	101.318	-9.5466
27.600000	101.282	-9.9294
28.000000	101.245	-10.2711
28.500000	101.213	-10.7247
29.000000	101.199	-11.3736
29.500000	101.180	-12.2816
30.000000	101.131	-13.2531
30.400000	101.071	-13.8514
30.700001	101.027	-14.1157
31.100000	100.986	-14.2371
31.500000	100.976	-14.2197
32.000000	100.990	-14.2575
32.500000	100.997	-14.5041
33.000000	100.971	-14.8961
33.500000	100.922	-15.3099
34.000000	100.875	-15.7115
34.500000	100.840	-16.1313
35.000000	100.809	-16.5710
35.500000	100.776	-16.9942
36.000000	100.740	-17.3846
36.500000	100.700	-17.7604
37.000000	100.656	-18.1345
37.500000	100.613	-18.4967
38.200001	100.565	-18.9823
38.700001	100.539	-19.3392
39.500000	100.487	-19.9111
40.000000	100.442	-20.2248
40.599998	100.386	-20.5706
41.200001	100.334	-20.9624
41.799999	100.286	-21.4284
42.500000	100.230	-21.9608
43.099998	100.187	-22.3074
43.700001	100.149	-22.5575
44.400002	100.102	-22.8286
45.000000	100.048	-23.0999
45.500000	99.996	-23.3532
46.200001	99.929	-23.7520
46.799999	99.886	-24.1399
47.500000	99.842	-24.5491
48.200001	99.795	-24.7484
48.700001	99.762	-24.7822
49.400002	99.716	-24.8907
50.000000	99.662	-25.1815
50.799999	99.566	-25.7603
51.500000	99.483	-26.2368
52.200001	99.421	-26.6009
53.000000	99.363	-26.9204
53.799999	99.299	-27.2102
54.500000	99.235	-27.4830
55.200001	99.167	-27.7548
56.000000	99.094	-28.0056
57.000000	99.017	-28.2840
58.000000	98.929	-28.6185
59.000000	98.829	-28.9231
60.000000	98.730	-29.3324
60.799999	98.634	-29.6743
61.500000	98.559	-29.8278
62.200001	98.516	-29.9196
63.000000	98.480	-30.0852
64.000000	98.408	-30.2695
65.000000	98.318	-30.4182
66.000000	98.227	-30.6923
67.000000	98.137	-30.9357
68.000000	98.057	-31.0742
69.000000	97.974	-31.1891
70.000000	97.883	-31.3604
71.000000	97.785	-31.5730
72.000000	97.692	-31.7259
73.000000	97.612	-31.8167
74.000000	97.529	-31.8738
75.000000	97.437	-31.9843
76.199997	97.316	-32.2662
77.500000	97.214	-32.4471
78.800003	97.137	-32.4516
80.000000	97.027	-32.3542
81.199997	96.897	-32.3342
82.500000	96.774	-32.4384
83.800003	96.681	-32.4681
85.000000	96.591	-32.4341
86.199997	96.491	-32.3846
87.500000	96.391	-32.3777
88.500000	96.316	-32.3767
90.000000	96.196	-32.3279
91.199997	96.099	-32.2605
92.500000	95.999	-32.1665
93.800003	95.897	-32.0513
95.000000	95.806	-31.9367
96.199997	95.718	-31.8257
97.500000	95.622	-31.6805
98.800003	95.530	-31.5260
100.000000	95.450	-31.3672
101.500000	95.348	-31.1969
103.000000	95.239	-31.0250
104.400002	95.143	-30.8319
106.000000	95.046	-30.5523
107.500000	94.961	-30.2182
109.000000	94.851	-29.9639
110.599998	94.725	-29.7202
112.000000	94.635	-29.4710
113.800003	94.529	-29.1231
115.000000	94.456	-28.8651
117.199997	94.326	-28.2986
118.000000	94.283	-28.0852
120.599998	94.132	-27.4324
122.000000	94.057	-27.1339
124.099998	93.947	-26.6592
125.000000	93.897	-26.4230
126.500000	93.815	-25.9986
128.000000	93.742	-25.5229
131.500000	93.605	-24.3642
132.000000	93.593	-24.1715
134.000000	93.534	-23.4235
136.000000	93.461	-22.8600
138.000000	93.408	-22.5543
140.000000	93.386	-21.9065
143.000000	93.301	-21.1054
145.000000	93.214	-20.7254
147.500000	93.137	-20.0382
150.000000	93.078	-19.4254
152.500000	93.021	-18.7558
155.000000	92.960	-18.0341
157.500000	92.915	-17.2838
160.000000	92.869	-16.5647
162.500000	92.811	-15.8977
165.000000	92.766	-15.2709
167.500000	92.727	-14.6181
170.000000	92.689	-13.9269
172.500000	92.649	-13.2842
175.000000	92.611	-12.6172
177.500000	92.581	-11.9306
180.000000	92.557	-11.3174
182.500000	92.540	-10.7097
185.000000	92.526	-10.0604
187.500000	92.510	-9.4928
190.000000	92.490	-8.9476
192.500000	92.472	-8.4262
195.000000	92.461	-7.8984
197.500000	92.457	-7.2394
200.000000	92.458	-6.6005
203.000000	92.454	-5.9782
206.000000	92.457	-5.3732
209.000000	92.465	-4.7933
212.000000	92.474	-4.2487
214.000000	92.483	-3.9381
218.000000	92.495	-3.2890
220.000000	92.498	-2.9498
224.000000	92.508	-2.2853
227.000000	92.517	-1.7877
230.000000	92.526	-1.3141
233.000000	92.538	-0.8848
236.000000	92.554	-0.4481
240.000000	92.574	0.1151
243.000000	92.586	0.4954
247.000000	92.601	0.9926
250.000000	92.612	1.3713
254.000000	92.628	1.8836
258.000000	92.644	2.3545
262.000000	92.662	2.8016
265.000000	92.674	3.1337
269.000000	92.689	3.5547
272.000000	92.701	3.8532
276.000000	92.715	4.2473
280.000000	92.728	4.6071
285.000000	92.745	5.0594
290.000000	92.765	5.5213
295.000000	92.784	5.9322
300.000000	92.801	6.3216
304.000000	92.813	6.6238
307.000000	92.822	6.8554
311.000000	92.835	7.1619
315.000000	92.846	7.4603
320.000000	92.853	7.8355
325.000000	92.858	8.1907
330.000000	92.867	8.5326
335.000000	92.875	8.8642
340.000000	92.880	9.1957
345.000000	92.884	9.5285
350.000000	92.887	9.8542
355.000000	92.891	10.1696
360.000000	92.895	10.4847
365.000000	92.897	10.7979
370.000000	92.897	11.1043
375.000000	92.897	11.4100
382.000000	92.896	11.8362
387.000000	92.895	12.1381
395.000000	92.892	12.6048
400.000000	92.888	12.8878
406.000000	92.884	13.2631
412.000000	92.880	13.6356
418.000000	92.875	13.9933
425.000000	92.868	14.4096
431.000000	92.862	14.7717
437.000000	92.855	15.1314
444.000000	92.847	15.5516
450.000000	92.840	15.9161
455.000000	92.833	16.2117
462.000000	92.823	16.6253
468.000000	92.813	16.9868
475.000000	92.801	17.3966
482.000000	92.787	17.8052
487.000000	92.777	18.1071
494.000000	92.763	18.5402
500.000000	92.752	18.9152
508.000000	92.736	19.4167
515.000000	92.721	19.8576
522.000000	92.706	20.3045
530.000000	92.691	20.8249
538.000000	92.675	21.3492
545.000000	92.662	21.7993
552.000000	92.649	22.2483
560.000000	92.634	22.7668
570.000000	92.613	23.4186
580.000000	92.591	24.0897
590.000000	92.570	24.7764
600.000000	92.552	25.4723
608.000000	92.537	26.0135
615.000000	92.524	26.4834
622.000000	92.511	26.9536
630.000000	92.495	27.4958
640.000000	92.475	28.1858
650.000000	92.455	28.8763
660.000000	92.433	29.5833
670.000000	92.412	30.3114
680.000000	92.392	31.0463
690.000000	92.372	31.7862
700.000000	92.353	32.5352
710.000000	92.334	33.2984
720.000000	92.317	34.0712
730.000000	92.301	34.8511
740.000000	92.285	35.6357
750.000000	92.269	36.4394
762.000000	92.253	37.4403
775.000000	92.241	38.5301
788.000000	92.231	39.6286
800.000000	92.224	40.6513
812.000000	92.219	41.6730
825.000000	92.214	42.7664
838.000000	92.211	43.8646
850.000000	92.209	44.8860
862.000000	92.209	45.9042
875.000000	92.215	47.0151
885.000000	92.222	47.8651
900.000000	92.233	49.1305
912.000000	92.244	50.1546
925.000000	92.260	51.2742
938.000000	92.280	52.4016
950.000000	92.305	53.4460
962.000000	92.333	54.4744
975.000000	92.369	55.5751
988.000000	92.410	56.6603
1000.000000	92.452	57.6409
1015.000000	92.509	58.8309
1030.000000	92.569	59.9809
1044.000000	92.628	61.0192
1060.000000	92.698	62.1594
1075.000000	92.765	63.1834
1090.000000	92.832	64.1650
1106.000000	92.903	65.1653
1120.000000	92.965	66.0034
1138.000000	93.043	67.0386
1150.000000	93.093	67.7042
1172.000000	93.180	68.8757
1180.000000	93.210	69.2881
1206.000000	93.300	70.5864
1220.000000	93.344	71.2621
1241.000000	93.406	72.2644
1250.000000	93.431	72.6965
1265.000000	93.475	73.4283
1280.000000	93.519	74.1659
1315.000000	93.617	75.8698
1320.000000	93.631	76.1138
1340.000000	93.680	77.0959
1360.000000	93.726	78.0903
1380.000000	93.770	79.1000
1400.000000	93.812	80.1246
1430.000000	93.874	81.6931
1450.000000	93.916	82.7538
1475.000000	93.966	84.0939
1500.000000	94.017	85.4487
1525.000000	94.065	86.8200
1550.000000	94.113	88.2296
1575.000000	94.161	89.6907
1600.000000	94.213	91.1924
1625.000000	94.271	92.7101
1650.000000	94.334	94.2157
1675.000000	94.402	95.6932
1700.000000	94.471	97.1394
1725.000000	94.537	98.5686
1750.000000	94.597	100.0309
1775.000000	94.660	101.5861
1800.000000	94.739	103.1967
1825.000000	94.832	104.7760
1850.000000	94.932	106.3039
1875.000000	95.035	107.8053
1900.000000	95.143	109.3011
1925.000000	95.257	110.7778
1950.000000	95.378	112.2284
1975.000000	95.504	113.6534
2000.000000	95.636	115.0537
2030.000000	95.804	116.6947
2060.000000	95.981	118.2899
2090.000000	96.165	119.8347
2120.000000	96.358	121.3189
2140.000000	96.490	122.2720
2180.000000	96.762	124.0859
2200.000000	96.902	124.9452
2240.000000	97.189	126.5623
2270.000000	97.411	127.6780
2300.000000	97.637	128.7019
2330.000000	97.866	129.6254
2360.000000	98.096	130.4481
2400.000000	98.405	131.3766
2430.000000	98.634	131.9290
2470.000000	98.930	132.5120
2500.000000	99.148	132.8592
2540.000000	99.439	133.1531
2580.000000	99.720	133.2147
2620.000000	99.983	133.0427
2650.000000	100.164	132.7739
2690.000000	100.378	132.2533
2720.000000	100.517	131.7579
2760.000000	100.669	130.9780
2800.000000	100.780	130.0953
2850.000000	100.859	128.9196
2900.000000	100.868	127.7557
2950.000000	100.811	126.7126
3000.000000	100.699	125.8788
3040.000000	100.579	125.3878
3070.000000	100.473	125.1233
3110.000000	100.315	124.9200
3150.000000	100.139	124.9177
3200.000000	99.912	125.2146
3250.000000	99.685	125.7839
3300.000000	99.462	126.5965
3350.000000	99.250	127.6165
3400.000000	99.048	128.8108
3450.000000	98.861	130.1645
3500.000000	98.691	131.6538
3550.000000	98.541	133.2486
3600.000000	98.413	134.9151
3650.000000	98.306	136.6251
3700.000000	98.221	138.3527
3750.000000	98.159	140.0662
3820.000000	98.108	142.3822
3870.000000	98.096	143.9353
3950.000000	98.109	146.1564
4000.000000	98.129	147.3334
4060.000000	98.156	148.4898
4120.000000	98.174	149.3321
4180.000000	98.169	149.8526
4250.000000	98.108	150.1200
4310.000000	97.991	150.1898
4370.000000	97.804	150.3086
4440.000000	97.512	150.7935
4500.000000	97.227	151.6765
4550.000000	96.993	152.7537
4620.000000	96.702	154.6632
4680.000000	96.504	156.5028
4750.000000	96.337	158.6243
4820.000000	96.219	160.4717
4870.000000	96.142	161.5721
4940.000000	96.024	162.8732
5000.000000	95.908	163.8379
5080.000000	95.727	164.9569
5150.000000	95.536	165.8235
5220.000000	95.306	166.6744
5300.000000	94.993	167.7934
5380.000000	94.644	169.2512
5450.000000	94.334	170.8369
5520.000000	94.033	172.6710
5600.000000	93.709	175.0277
5700.000000	93.347	178.3063
5800.000000	93.044	-178.1267
5900.000000	92.810	-174.3501
6000.000000	92.654	-170.4320
6080.000000	92.592	-167.2523
6150.000000	92.589	-164.4839
6220.000000	92.635	-161.7625
6300.000000	92.758	-158.7438
6400.000000	93.027	-155.1726
6500.000000	93.419	-151.9402
6600.000000	93.924	-149.1978
6700.000000	94.539	-147.1227
6800.000000	95.250	-145.9057
6900.000000	96.035	-145.6898
7000.000000	96.888	-146.4896
7100.000000	97.858	-148.6015
7200.000000	98.846	-153.4104
7300.000000	99.495	-160.8784
7400.000000	99.701	-168.9965
7500.000000	99.547	-176.5963
7620.000000	99.016	175.8788
7750.000000	98.215	170.3064
7880.000000	97.382	167.2994
8000.000000	96.684	166.2713
8120.000000	96.082	166.3637
8250.000000	95.573	167.1440
8380.000000	95.217	168.1416
8500.000000	95.002	168.9509
8620.000000	94.865	169.4331
8750.000000	94.756	169.4151
8850.000000	94.665	168.9852
9000.000000	94.454	167.7849
9120.000000	94.184	166.5681
9250.000000	93.767	165.3309
9380.000000	93.224	164.5146
9500.000000	92.634	164.3798
9620.000000	91.988	164.9746
9750.000000	91.259	166.4868
9880.000000	90.533	168.8664
10000.000000	89.891	171.7601
10150.000000	89.149	176.1807
10300.000000	88.489	-178.6530
10440.000000	87.953	-173.2507
10600.000000	87.449	-166.4503
10750.000000	87.108	-159.5233
10900.000000	86.927	-152.1922
11060.000000	86.951	-144.1873
11200.000000	87.183	-137.4342
11380.000000	87.752	-129.9313
11500.000000	88.250	-125.9880
11720.000000	89.300	-121.1134
11800.000000	89.705	-120.1042
12060.000000	91.011	-119.7743
12200.000000	91.638	-121.5542
12410.000000	92.323	-126.5541
12500.000000	92.485	-129.3094
12650.000000	92.553	-134.2058
12800.000000	92.371	-138.8892
13150.000000	91.303	-146.1765
13200.000000	91.121	-146.7016
13400.000000	90.427	-147.6490
13600.000000	89.874	-147.2016
13800.000000	89.528	-146.0022
14000.000000	89.421	-144.6079
14300.000000	89.787	-143.2785
14500.000000	90.442	-143.9604
14750.000000	91.738	-148.5765
15000.000000	93.312	-160.1164
15250.000000	94.395	179.8918
15500.000000	94.100	154.8214
15750.000000	92.311	131.6422
16000.000000	89.806	114.2705
16250.000000	87.462	101.7598
16500.000000	85.642	91.4873
16750.000000	84.337	81.2973
17000.000000	83.474	69.7519
17250.000000	82.986	55.8142
17500.000000	82.813	38.6023
17750.000000	82.892	17.2293
18000.000000	83.096	-9.3686
18250.000000	83.089	-41.8707
18500.000000	82.481	-79.3720
18750.000000	81.273	-120.4343
19000.000000	79.808	-165.6018
19250.000000	78.210	143.0606
19500.000000	76.193	83.9922
19750.000000	73.503	15.3010
20000.000000	70.994	-57.2126
