* Measurement data measured by REW V5.31.3
* Source: USB-C to 3.5mm Headphone Jack Adapter, USB-C to 3.5mm Headphone Jack Adapter, 0, volume: 0.295
* Format: 256k Log Swept Sine, 4 sweeps at -12.0 dBFS with no timing reference
* Dated: Mar 5, 2025 2:20:35 AM
* REW Settings:
*  C-weighting compensation: Off
*  Target level: 75.0 dB
* Note: ; 
* Measurement: Final Make4 iwinhash R
* Smoothing: 1/24 octave
* Frequency Step: 1/48 octave
* Start Frequency: 20.300 Hz
*
* Freq(Hz)	SPL(dB)	Phase(degrees)
20.299999	99.363	-150.6969
20.600000	99.402	-151.3976
20.900000	99.437	-152.1318
21.200001	99.465	-152.8301
21.400000	99.480	-153.2686
21.799999	99.505	-154.0788
22.000000	99.516	-154.4562
22.400000	99.541	-155.1854
22.700001	99.561	-155.7401
23.000000	99.582	-156.3248
23.299999	99.601	-156.9487
23.600000	99.618	-157.6074
24.000000	99.636	-158.5145
24.299999	99.649	-159.1953
24.700001	99.668	-160.0846
25.000000	99.686	-160.7367
25.400000	99.713	-161.5947
25.799999	99.740	-162.4445
26.200001	99.760	-163.2759
26.500000	99.770	-163.8747
26.900000	99.778	-164.6272
27.200001	99.781	-165.1571
27.600000	99.786	-165.8316
28.000000	99.794	-166.4903
28.500000	99.805	-167.3110
29.000000	99.812	-168.1219
29.500000	99.812	-168.9041
30.000000	99.808	-169.6595
30.400000	99.805	-170.2637
30.700001	99.803	-170.7283
31.100000	99.801	-171.3689
31.500000	99.799	-172.0245
32.000000	99.794	-172.8243
32.500000	99.786	-173.5521
33.000000	99.777	-174.2040
33.500000	99.770	-174.8427
34.000000	99.759	-175.5293
34.500000	99.740	-176.2448
35.000000	99.719	-176.9075
35.500000	99.710	-177.4835
36.000000	99.715	-178.0315
36.500000	99.713	-178.6117
37.000000	99.686	-179.1938
37.500000	99.643	-179.7313
38.200001	99.615	179.3835
38.700001	99.625	178.3994
39.500000	99.600	176.4922
40.000000	99.539	175.7131
40.599998	99.480	175.5464
41.200001	99.482	175.7368
41.799999	99.501	175.6252
42.500000	99.464	175.0271
43.099998	99.405	174.4360
43.700001	99.370	173.8607
44.400002	99.357	173.1512
45.000000	99.337	172.6143
45.500000	99.314	172.2736
46.200001	99.281	171.8200
46.799999	99.241	171.3202
47.500000	99.177	170.6879
48.200001	99.131	170.1014
48.700001	99.121	169.6417
49.400002	99.114	168.8917
50.000000	99.086	168.2957
50.799999	99.024	167.8141
51.500000	98.973	167.5723
52.200001	98.922	167.2685
53.000000	98.860	166.8097
53.799999	98.808	166.3132
54.500000	98.772	165.8632
55.200001	98.734	165.4085
56.000000	98.684	164.8943
57.000000	98.619	164.2361
58.000000	98.559	163.5867
59.000000	98.501	163.0486
60.000000	98.449	162.5873
60.799999	98.404	162.1865
61.500000	98.357	161.8339
62.200001	98.309	161.5091
63.000000	98.257	161.1441
64.000000	98.192	160.6706
65.000000	98.127	160.2234
66.000000	98.065	159.7850
67.000000	97.999	159.3520
68.000000	97.935	158.9262
69.000000	97.875	158.5029
70.000000	97.813	158.1335
71.000000	97.755	157.8059
72.000000	97.701	157.4423
73.000000	97.639	157.0530
74.000000	97.571	156.6779
75.000000	97.501	156.3235
76.199997	97.424	155.9626
77.500000	97.339	155.5263
78.800003	97.253	154.7910
80.000000	97.164	154.2068
81.199997	97.088	154.2525
82.500000	97.008	154.3654
83.800003	96.915	154.1808
85.000000	96.831	153.8584
86.199997	96.750	153.5741
87.500000	96.681	153.3725
88.500000	96.632	153.2541
90.000000	96.556	153.0897
91.199997	96.499	152.9596
92.500000	96.432	152.8602
93.800003	96.365	152.6370
95.000000	96.301	152.3620
96.199997	96.239	152.1061
97.500000	96.193	151.8830
98.800003	96.172	151.9595
100.000000	96.148	152.0246
101.500000	96.047	151.5475
103.000000	95.947	151.1495
104.400002	95.881	150.9686
106.000000	95.805	150.7506
107.500000	95.732	150.6005
109.000000	95.650	150.3942
110.599998	95.566	150.1832
112.000000	95.500	150.0184
113.800003	95.405	149.8022
115.000000	95.338	149.6859
117.199997	95.211	149.5290
118.000000	95.163	149.4975
120.599998	95.050	149.4111
122.000000	95.018	149.3062
124.099998	94.961	149.2517
125.000000	94.925	149.2552
126.500000	94.847	149.3206
128.000000	94.775	149.3663
131.500000	94.635	149.2376
132.000000	94.615	149.1897
134.000000	94.543	149.0414
136.000000	94.474	149.0095
138.000000	94.403	148.9289
140.000000	94.336	148.8236
143.000000	94.223	148.7099
145.000000	94.145	148.6641
147.500000	94.057	148.7456
150.000000	93.983	148.9049
152.500000	93.866	148.7466
155.000000	93.753	148.6740
157.500000	93.669	148.7090
160.000000	93.594	148.7440
162.500000	93.486	148.7528
165.000000	93.380	148.8079
167.500000	93.284	148.8997
170.000000	93.189	149.0081
172.500000	93.099	149.1109
175.000000	93.023	149.2837
177.500000	92.947	149.4575
180.000000	92.867	149.5687
182.500000	92.787	149.6677
185.000000	92.711	149.7835
187.500000	92.636	149.9170
190.000000	92.562	150.0665
192.500000	92.489	150.1674
195.000000	92.416	150.2350
197.500000	92.340	150.3557
200.000000	92.268	150.5043
203.000000	92.187	150.6779
206.000000	92.108	150.8530
209.000000	92.030	151.0269
212.000000	91.956	151.2057
214.000000	91.909	151.3307
218.000000	91.811	151.6030
220.000000	91.760	151.7486
224.000000	91.659	152.0446
227.000000	91.588	152.2625
230.000000	91.520	152.4623
233.000000	91.453	152.6752
236.000000	91.388	152.8745
240.000000	91.305	153.1636
243.000000	91.246	153.4676
247.000000	91.169	153.8473
250.000000	91.107	154.0669
254.000000	91.017	154.3747
258.000000	90.932	154.7281
262.000000	90.856	155.0311
265.000000	90.801	155.2336
269.000000	90.728	155.5586
272.000000	90.670	155.8372
276.000000	90.592	156.1985
280.000000	90.520	156.5496
285.000000	90.436	156.9958
290.000000	90.352	157.4318
295.000000	90.268	157.8864
300.000000	90.190	158.3364
304.000000	90.133	158.7008
307.000000	90.090	158.9781
311.000000	90.031	159.3304
315.000000	89.973	159.6762
320.000000	89.902	160.1053
325.000000	89.836	160.5638
330.000000	89.771	161.0262
335.000000	89.706	161.4787
340.000000	89.647	161.9435
345.000000	89.592	162.4289
350.000000	89.537	162.9187
355.000000	89.475	163.3518
360.000000	89.415	163.8005
365.000000	89.359	164.2460
370.000000	89.306	164.6954
375.000000	89.253	165.1609
382.000000	89.183	165.8113
387.000000	89.134	166.2727
395.000000	89.058	167.0007
400.000000	89.014	167.4434
406.000000	88.961	167.9929
412.000000	88.909	168.5399
418.000000	88.858	169.0850
425.000000	88.802	169.7322
431.000000	88.756	170.2941
437.000000	88.711	170.8423
444.000000	88.664	171.4627
450.000000	88.627	171.9866
455.000000	88.589	172.4482
462.000000	88.538	173.1064
468.000000	88.498	173.6606
475.000000	88.455	174.3045
482.000000	88.412	174.9453
487.000000	88.384	175.3935
494.000000	88.345	176.0270
500.000000	88.314	176.5765
508.000000	88.273	177.2950
515.000000	88.239	177.9259
522.000000	88.205	178.5592
530.000000	88.169	179.2827
538.000000	88.136	-179.9934
545.000000	88.112	-179.3531
552.000000	88.086	-178.7171
560.000000	88.053	-178.0048
570.000000	88.017	-177.1087
580.000000	87.986	-176.2227
590.000000	87.955	-175.3315
600.000000	87.928	-174.4359
608.000000	87.908	-173.7077
615.000000	87.891	-173.0725
622.000000	87.876	-172.4428
630.000000	87.860	-171.7227
640.000000	87.841	-170.8236
650.000000	87.824	-169.9149
660.000000	87.812	-169.0238
670.000000	87.804	-168.1241
680.000000	87.796	-167.2211
690.000000	87.790	-166.3233
700.000000	87.788	-165.4339
710.000000	87.789	-164.5380
720.000000	87.793	-163.6389
730.000000	87.801	-162.7565
740.000000	87.811	-161.8918
750.000000	87.824	-161.0447
762.000000	87.844	-160.0465
775.000000	87.870	-159.0374
788.000000	87.888	-158.1345
800.000000	87.885	-157.4140
812.000000	87.842	-156.6859
825.000000	87.751	-155.5872
838.000000	87.666	-153.8985
850.000000	87.653	-151.9682
862.000000	87.718	-150.0912
875.000000	87.843	-148.4390
885.000000	87.944	-147.4483
900.000000	88.074	-146.1988
912.000000	88.162	-145.2566
925.000000	88.250	-144.2316
938.000000	88.338	-143.2044
950.000000	88.423	-142.2616
962.000000	88.511	-141.3300
975.000000	88.609	-140.3428
988.000000	88.711	-139.3885
1000.000000	88.809	-138.5404
1015.000000	88.934	-137.5297
1030.000000	89.062	-136.5674
1044.000000	89.184	-135.7198
1060.000000	89.326	-134.8095
1075.000000	89.459	-134.0110
1090.000000	89.591	-133.2709
1106.000000	89.731	-132.5361
1120.000000	89.852	-131.9361
1138.000000	90.004	-131.2143
1150.000000	90.102	-130.7575
1172.000000	90.277	-129.9626
1180.000000	90.339	-129.6833
1206.000000	90.536	-128.7879
1220.000000	90.644	-128.3085
1241.000000	90.814	-127.6202
1250.000000	90.891	-127.3489
1265.000000	91.021	-126.9474
1280.000000	91.152	-126.6127
1315.000000	91.431	-125.9998
1320.000000	91.468	-125.9200
1340.000000	91.606	-125.5988
1360.000000	91.735	-125.2617
1380.000000	91.858	-124.9046
1400.000000	91.978	-124.5303
1430.000000	92.153	-123.9362
1450.000000	92.267	-123.5232
1475.000000	92.407	-122.9930
1500.000000	92.548	-122.4492
1525.000000	92.689	-121.8954
1550.000000	92.829	-121.3351
1575.000000	92.971	-120.7704
1600.000000	93.112	-120.2011
1625.000000	93.250	-119.6246
1650.000000	93.389	-119.0507
1675.000000	93.529	-118.4833
1700.000000	93.672	-117.9205
1725.000000	93.816	-117.3630
1750.000000	93.963	-116.8144
1775.000000	94.111	-116.2758
1800.000000	94.261	-115.7474
1825.000000	94.413	-115.2262
1850.000000	94.567	-114.7102
1875.000000	94.721	-114.1983
1900.000000	94.877	-113.6837
1925.000000	95.035	-113.1612
1950.000000	95.196	-112.6234
1975.000000	95.361	-112.0651
2000.000000	95.534	-111.4814
2030.000000	95.756	-110.7570
2060.000000	95.996	-110.0262
2090.000000	96.254	-109.3045
2120.000000	96.532	-108.5929
2140.000000	96.733	-108.1239
2180.000000	97.188	-107.2789
2200.000000	97.445	-106.9898
2240.000000	98.001	-106.9280
2270.000000	98.419	-107.4249
2300.000000	98.807	-108.3199
2330.000000	99.153	-109.4695
2360.000000	99.457	-110.7398
2400.000000	99.811	-112.4932
2430.000000	100.046	-113.8156
2470.000000	100.328	-115.5700
2500.000000	100.519	-116.8614
2540.000000	100.754	-118.4991
2580.000000	100.982	-119.9950
2620.000000	101.232	-121.4222
2650.000000	101.441	-122.5860
2690.000000	101.732	-124.4563
2720.000000	101.939	-126.1357
2760.000000	102.178	-128.6704
2800.000000	102.365	-131.4292
2850.000000	102.522	-135.0839
2900.000000	102.585	-138.8713
2950.000000	102.546	-142.6116
3000.000000	102.413	-146.1003
3040.000000	102.252	-148.6127
3070.000000	102.109	-150.3141
3110.000000	101.896	-152.3358
3150.000000	101.667	-154.0847
3200.000000	101.367	-155.9192
3250.000000	101.062	-157.4059
3300.000000	100.756	-158.5878
3350.000000	100.451	-159.4910
3400.000000	100.151	-160.1335
3450.000000	99.861	-160.5321
3500.000000	99.583	-160.7121
3550.000000	99.321	-160.7043
3600.000000	99.077	-160.5401
3650.000000	98.850	-160.2520
3700.000000	98.641	-159.8644
3750.000000	98.448	-159.3944
3820.000000	98.203	-158.6286
3870.000000	98.044	-158.0192
3950.000000	97.812	-156.9469
4000.000000	97.680	-156.2203
4060.000000	97.531	-155.2976
4120.000000	97.395	-154.3312
4180.000000	97.273	-153.3269
4250.000000	97.147	-152.1085
4310.000000	97.051	-151.0145
4370.000000	96.967	-149.8598
4440.000000	96.889	-148.4245
4500.000000	96.844	-147.1257
4550.000000	96.826	-146.0167
4620.000000	96.829	-144.4680
4680.000000	96.858	-143.1794
4750.000000	96.918	-141.7551
4820.000000	97.001	-140.4311
4870.000000	97.073	-139.5494
4940.000000	97.188	-138.3997
5000.000000	97.299	-137.4913
5080.000000	97.467	-136.3901
5150.000000	97.631	-135.5285
5220.000000	97.811	-134.7708
5300.000000	98.039	-134.0590
5380.000000	98.290	-133.5509
5450.000000	98.524	-133.3104
5520.000000	98.767	-133.2871
5600.000000	99.048	-133.5457
5700.000000	99.392	-134.2955
5800.000000	99.713	-135.4831
5900.000000	100.000	-137.0578
6000.000000	100.245	-138.9752
6080.000000	100.404	-140.7189
6150.000000	100.513	-142.3614
6220.000000	100.594	-144.0733
6300.000000	100.659	-146.0613
6400.000000	100.715	-148.5260
6500.000000	100.737	-150.9186
6600.000000	100.721	-153.2154
6700.000000	100.671	-155.4001
6800.000000	100.590	-157.4448
6900.000000	100.485	-159.3065
7000.000000	100.365	-160.9462
7100.000000	100.247	-162.3652
7200.000000	100.141	-163.6218
7300.000000	100.053	-164.7780
7400.000000	99.985	-165.8687
7500.000000	99.944	-166.9334
7620.000000	99.935	-168.2697
7750.000000	99.978	-169.9451
7880.000000	100.064	-172.0421
8000.000000	100.143	-174.5167
8120.000000	100.175	-177.6122
8250.000000	100.143	178.3112
8380.000000	100.023	173.5917
8500.000000	99.816	168.8524
8620.000000	99.508	163.9080
8750.000000	99.056	158.4647
8850.000000	98.618	154.3448
9000.000000	97.818	148.5718
9120.000000	97.077	144.5139
9250.000000	96.205	140.8271
9380.000000	95.298	137.9247
9500.000000	94.457	135.9061
9620.000000	93.632	134.4520
9750.000000	92.773	133.4245
9880.000000	91.962	132.8655
10000.000000	91.260	132.6795
10150.000000	90.454	132.7933
10300.000000	89.724	133.1956
10440.000000	89.110	133.7546
10600.000000	88.482	134.5195
10750.000000	87.963	135.3026
10900.000000	87.507	136.1069
11060.000000	87.087	136.9448
11200.000000	86.775	137.6307
11380.000000	86.448	138.3900
11500.000000	86.274	138.7917
11720.000000	86.048	139.2346
11800.000000	85.993	139.2767
12060.000000	85.919	138.8936
12200.000000	85.943	138.2856
12410.000000	86.059	136.7155
12500.000000	86.142	135.7683
12650.000000	86.321	133.7842
12800.000000	86.541	131.2364
13150.000000	87.128	122.7621
13200.000000	87.213	121.2392
13400.000000	87.534	114.3330
13600.000000	87.792	106.1512
13800.000000	87.950	96.8273
14000.000000	87.982	86.6228
14300.000000	87.816	70.3480
14500.000000	87.614	59.1415
14750.000000	87.347	44.8337
15000.000000	87.177	30.0527
15250.000000	87.240	14.3451
15500.000000	87.685	-3.4540
15750.000000	88.562	-25.0959
16000.000000	89.723	-52.3896
16250.000000	90.662	-86.2787
16500.000000	90.601	-124.9318
16750.000000	89.229	-163.7058
17000.000000	86.961	161.1163
17250.000000	84.458	129.9038
17500.000000	82.136	101.0469
17750.000000	80.094	72.7397
18000.000000	78.280	43.5685
18250.000000	76.605	12.4403
18500.000000	74.982	-21.5523
18750.000000	73.334	-59.3813
19000.000000	71.573	-101.9086
19250.000000	69.577	-150.1321
19500.000000	67.223	154.7405
19750.000000	64.509	90.2534
20000.000000	62.265	23.3093
