* Measurement data measured by REW V5.31.3
* Source: USB-C to 3.5mm Headphone Jack Adapter, USB-C to 3.5mm Headphone Jack Adapter, 0, volume: 0.295
* Format: 256k Log Swept Sine, 4 sweeps at -12.0 dBFS with no timing reference
* Dated: Feb 8, 2026 7:29:49 PM
* REW Settings:
*  C-weighting compensation: Off
*  Target level: 75.0 dB
* Note: ; 
* Measurement: Final Make4 Stock L
* Smoothing: 1/24 octave
* Frequency Step: 1/48 octave
* Start Frequency: 20.300 Hz
*
* Freq(Hz)	SPL(dB)	Phase(degrees)
20.299999	102.452	-175.2121
20.600000	102.442	-175.8654
20.900000	102.425	-176.5665
21.200001	102.407	-177.2634
21.400000	102.395	-177.7246
21.799999	102.371	-178.6390
22.000000	102.360	-179.0917
22.400000	102.339	-179.9836
22.700001	102.322	179.3654
23.000000	102.304	178.7365
23.299999	102.284	178.1348
23.600000	102.263	177.5622
24.000000	102.234	176.8367
24.299999	102.215	176.3084
24.700001	102.190	175.6017
25.000000	102.170	175.0592
25.400000	102.141	174.3187
25.799999	102.105	173.5762
26.200001	102.066	172.8551
26.500000	102.036	172.3349
26.900000	101.998	171.6627
27.200001	101.971	171.1656
27.600000	101.935	170.5045
28.000000	101.897	169.8522
28.500000	101.845	169.0766
29.000000	101.793	168.3623
29.500000	101.746	167.6862
30.000000	101.702	167.0099
30.400000	101.666	166.4616
30.700001	101.636	166.0527
31.100000	101.595	165.5221
31.500000	101.552	165.0141
32.000000	101.499	164.4047
32.500000	101.447	163.8080
33.000000	101.396	163.2165
33.500000	101.342	162.6368
34.000000	101.287	162.0792
34.500000	101.232	161.5426
35.000000	101.179	161.0105
35.500000	101.129	160.4644
36.000000	101.080	159.9071
36.500000	101.030	159.3676
37.000000	100.978	158.8757
37.500000	100.923	158.4351
38.200001	100.840	157.8646
38.700001	100.778	157.4600
39.500000	100.692	156.7720
40.000000	100.649	156.3130
40.599998	100.594	155.7953
41.200001	100.528	155.3916
41.799999	100.456	155.0435
42.500000	100.376	154.4682
43.099998	100.311	153.8617
43.700001	100.264	153.5205
44.400002	100.275	153.7106
45.000000	100.320	153.8826
45.500000	100.307	153.5960
46.200001	100.123	152.5930
46.799999	99.898	151.7385
47.500000	99.800	151.0311
48.200001	99.844	150.5844
48.700001	99.797	151.0845
49.400002	99.611	154.0282
50.000000	99.555	157.4679
50.799999	99.668	158.2595
51.500000	99.598	154.5590
52.200001	99.344	150.2662
53.000000	99.194	148.0313
53.799999	99.237	147.8357
54.500000	99.207	147.9309
55.200001	99.097	147.8380
56.000000	98.983	147.2976
57.000000	98.892	146.5966
58.000000	98.821	146.4041
59.000000	98.711	146.0992
60.000000	98.602	145.6458
60.799999	98.537	145.3337
61.500000	98.478	145.1548
62.200001	98.415	145.0049
63.000000	98.348	144.7505
64.000000	98.261	144.3682
65.000000	98.164	144.0770
66.000000	98.061	143.8131
67.000000	97.960	143.6151
68.000000	97.868	143.5157
69.000000	97.764	143.3873
70.000000	97.666	143.1771
71.000000	97.599	142.8557
72.000000	97.538	142.5612
73.000000	97.463	142.3896
74.000000	97.365	142.2123
75.000000	97.252	141.9850
76.199997	97.135	141.6805
77.500000	97.040	141.5041
78.800003	96.954	141.6410
80.000000	96.890	141.4381
81.199997	96.796	140.8664
82.500000	96.663	140.7217
83.800003	96.524	140.6489
85.000000	96.378	140.8170
86.199997	96.239	140.8404
87.500000	96.155	141.0746
88.500000	96.230	143.3655
90.000000	96.666	148.6281
91.199997	96.728	147.3097
92.500000	96.306	143.6546
93.800003	96.105	141.8488
95.000000	96.056	141.3821
96.199997	95.964	141.0676
97.500000	95.851	141.2833
98.800003	96.000	144.7119
100.000000	96.374	151.5327
101.500000	96.779	154.3676
103.000000	96.165	146.7389
104.400002	95.585	141.9692
106.000000	95.348	140.5908
107.500000	95.242	140.5215
109.000000	95.174	141.0812
110.599998	95.036	141.3205
112.000000	94.863	140.8588
113.800003	94.782	139.7563
115.000000	94.757	139.1390
117.199997	94.603	139.4452
118.000000	94.531	139.7079
120.599998	94.411	140.0990
122.000000	94.362	140.0817
124.099998	94.243	140.0508
125.000000	94.201	140.0398
126.500000	94.131	140.1260
128.000000	94.049	140.2836
131.500000	93.906	140.6562
132.000000	93.893	140.7473
134.000000	93.861	141.4788
136.000000	93.818	142.0342
138.000000	93.668	141.3690
140.000000	93.549	141.1730
143.000000	93.402	141.5468
145.000000	93.285	141.5845
147.500000	93.120	141.8863
150.000000	92.907	143.5780
152.500000	92.786	145.4152
155.000000	92.811	143.5743
157.500000	92.781	143.2386
160.000000	92.764	143.3120
162.500000	92.754	143.1769
165.000000	92.678	143.6999
167.500000	92.592	143.9882
170.000000	92.501	144.0388
172.500000	92.413	144.1713
175.000000	92.322	144.3198
177.500000	92.239	144.3859
180.000000	92.168	144.4963
182.500000	92.078	144.6437
185.000000	91.978	144.9088
187.500000	91.909	145.1976
190.000000	91.841	145.4227
192.500000	91.757	145.5302
195.000000	91.667	145.6625
197.500000	91.579	145.8218
200.000000	91.488	146.0253
203.000000	91.396	146.2961
206.000000	91.343	146.6203
209.000000	91.274	146.9397
212.000000	91.197	147.2510
214.000000	91.146	147.4486
218.000000	91.045	147.8154
220.000000	90.994	148.0007
224.000000	90.891	148.3885
227.000000	90.817	148.6919
230.000000	90.753	149.0056
233.000000	90.691	149.3127
236.000000	90.628	149.6048
240.000000	90.542	150.0191
243.000000	90.479	150.3433
247.000000	90.398	150.7673
250.000000	90.339	151.0833
254.000000	90.261	151.5016
258.000000	90.183	151.9266
262.000000	90.109	152.3314
265.000000	90.054	152.6428
269.000000	89.981	153.0812
272.000000	89.928	153.4001
276.000000	89.859	153.8162
280.000000	89.790	154.2517
285.000000	89.707	154.7808
290.000000	89.627	155.3084
295.000000	89.551	155.8263
300.000000	89.479	156.3480
304.000000	89.422	156.7628
307.000000	89.378	157.0858
311.000000	89.322	157.5015
315.000000	89.270	157.8995
320.000000	89.206	158.4326
325.000000	89.141	158.9736
330.000000	89.078	159.5028
335.000000	89.020	160.0427
340.000000	88.964	160.5774
345.000000	88.907	161.0944
350.000000	88.854	161.6021
355.000000	88.800	162.1226
360.000000	88.749	162.6384
365.000000	88.703	163.1434
370.000000	88.658	163.6391
375.000000	88.612	164.1292
382.000000	88.549	164.8214
387.000000	88.505	165.3139
395.000000	88.437	166.0858
400.000000	88.396	166.5814
406.000000	88.348	167.1732
412.000000	88.302	167.7568
418.000000	88.257	168.3333
425.000000	88.207	169.0081
431.000000	88.165	169.5837
437.000000	88.123	170.1571
444.000000	88.076	170.8226
450.000000	88.039	171.3901
455.000000	88.008	171.8641
462.000000	87.967	172.5319
468.000000	87.933	173.1036
475.000000	87.894	173.7613
482.000000	87.855	174.4151
487.000000	87.829	174.8845
494.000000	87.793	175.5466
500.000000	87.763	176.1096
508.000000	87.725	176.8458
515.000000	87.694	177.4883
522.000000	87.665	178.1340
530.000000	87.632	178.8800
538.000000	87.600	179.6277
545.000000	87.573	-179.7300
552.000000	87.548	-179.0918
560.000000	87.520	-178.3562
570.000000	87.486	-177.4348
580.000000	87.453	-176.5067
590.000000	87.422	-175.5881
600.000000	87.391	-174.6687
608.000000	87.367	-173.9279
615.000000	87.346	-173.2728
622.000000	87.326	-172.6092
630.000000	87.303	-171.8505
640.000000	87.276	-170.8977
650.000000	87.249	-169.9203
660.000000	87.219	-168.9176
670.000000	87.189	-167.8778
680.000000	87.160	-166.7673
690.000000	87.135	-165.5621
700.000000	87.121	-164.2408
710.000000	87.129	-162.8020
720.000000	87.174	-161.3088
730.000000	87.259	-159.9230
740.000000	87.370	-158.8170
750.000000	87.477	-158.0171
762.000000	87.570	-157.2670
775.000000	87.631	-156.4553
788.000000	87.672	-155.4783
800.000000	87.715	-154.4220
812.000000	87.777	-153.3363
825.000000	87.860	-152.3038
838.000000	87.938	-151.4374
850.000000	87.995	-150.6823
862.000000	88.041	-149.8811
875.000000	88.089	-148.9477
885.000000	88.130	-148.2012
900.000000	88.198	-147.0574
912.000000	88.259	-146.1363
925.000000	88.332	-145.1435
938.000000	88.412	-144.1633
950.000000	88.491	-143.2792
962.000000	88.575	-142.4198
975.000000	88.671	-141.5244
988.000000	88.772	-140.6563
1000.000000	88.867	-139.8845
1015.000000	88.990	-138.9680
1030.000000	89.116	-138.1065
1044.000000	89.236	-137.3495
1060.000000	89.374	-136.5397
1075.000000	89.505	-135.8324
1090.000000	89.636	-135.1783
1106.000000	89.774	-134.5377
1120.000000	89.893	-134.0178
1138.000000	90.045	-133.4006
1150.000000	90.144	-133.0201
1172.000000	90.321	-132.3701
1180.000000	90.383	-132.1516
1206.000000	90.578	-131.4916
1220.000000	90.680	-131.1617
1241.000000	90.829	-130.6938
1250.000000	90.893	-130.5002
1265.000000	91.001	-130.1860
1280.000000	91.108	-129.8829
1315.000000	91.349	-129.2098
1320.000000	91.382	-129.1157
1340.000000	91.512	-128.7345
1360.000000	91.638	-128.3521
1380.000000	91.762	-127.9726
1400.000000	91.883	-127.5877
1430.000000	92.061	-126.9995
1450.000000	92.178	-126.6043
1475.000000	92.324	-126.1042
1500.000000	92.469	-125.5925
1525.000000	92.615	-125.0731
1550.000000	92.761	-124.5518
1575.000000	92.908	-124.0286
1600.000000	93.055	-123.5072
1625.000000	93.201	-122.9869
1650.000000	93.347	-122.4696
1675.000000	93.495	-121.9583
1700.000000	93.646	-121.4526
1725.000000	93.800	-120.9566
1750.000000	93.958	-120.4702
1775.000000	94.119	-119.9988
1800.000000	94.283	-119.5445
1825.000000	94.451	-119.1074
1850.000000	94.622	-118.6930
1875.000000	94.797	-118.3010
1900.000000	94.975	-117.9317
1925.000000	95.158	-117.5891
1950.000000	95.344	-117.2739
1975.000000	95.534	-116.9895
2000.000000	95.728	-116.7403
2030.000000	95.967	-116.4868
2060.000000	96.212	-116.2876
2090.000000	96.462	-116.1468
2120.000000	96.716	-116.0706
2140.000000	96.888	-116.0596
2180.000000	97.235	-116.1333
2200.000000	97.411	-116.2216
2240.000000	97.764	-116.5103
2270.000000	98.031	-116.8269
2300.000000	98.296	-117.2326
2330.000000	98.560	-117.7251
2360.000000	98.820	-118.2999
2400.000000	99.161	-119.1800
2430.000000	99.412	-119.9077
2470.000000	99.747	-120.9500
2500.000000	100.004	-121.7952
2540.000000	100.363	-123.0792
2580.000000	100.733	-124.6788
2620.000000	101.092	-126.6908
2650.000000	101.339	-128.4566
2690.000000	101.622	-131.0677
2720.000000	101.797	-133.1518
2760.000000	101.982	-136.0171
2800.000000	102.116	-138.9144
2850.000000	102.222	-142.5176
2900.000000	102.269	-146.1029
2950.000000	102.255	-149.6920
3000.000000	102.169	-153.2517
3040.000000	102.043	-155.9893
3070.000000	101.916	-157.9225
3110.000000	101.710	-160.2878
3150.000000	101.472	-162.3682
3200.000000	101.146	-164.5470
3250.000000	100.804	-166.2603
3300.000000	100.462	-167.5318
3350.000000	100.132	-168.4016
3400.000000	99.829	-168.9274
3450.000000	99.564	-169.2019
3500.000000	99.343	-169.3594
3550.000000	99.158	-169.5479
3600.000000	98.993	-169.8555
3650.000000	98.825	-170.2673
3700.000000	98.645	-170.7019
3750.000000	98.454	-171.0847
3820.000000	98.175	-171.4663
3870.000000	97.975	-171.6339
3950.000000	97.658	-171.7737
4000.000000	97.456	-171.8058
4060.000000	97.199	-171.7762
4120.000000	96.923	-171.5996
4180.000000	96.633	-171.1553
4250.000000	96.304	-170.1690
4310.000000	96.063	-168.9719
4370.000000	95.875	-167.6098
4440.000000	95.721	-166.0260
4500.000000	95.631	-164.7713
4550.000000	95.575	-163.8160
4620.000000	95.519	-162.6123
4680.000000	95.484	-161.6894
4750.000000	95.455	-160.7236
4820.000000	95.436	-159.8638
4870.000000	95.427	-159.3108
4940.000000	95.421	-158.6178
5000.000000	95.421	-158.0998
5080.000000	95.426	-157.5242
5150.000000	95.430	-157.1278
5220.000000	95.431	-156.8274
5300.000000	95.423	-156.5778
5380.000000	95.399	-156.3821
5450.000000	95.367	-156.1973
5520.000000	95.328	-155.9504
5600.000000	95.288	-155.5799
5700.000000	95.264	-155.0665
5800.000000	95.270	-154.6711
5900.000000	95.289	-154.5071
6000.000000	95.300	-154.5703
6080.000000	95.295	-154.7369
6150.000000	95.279	-154.9316
6220.000000	95.254	-155.1461
6300.000000	95.225	-155.3878
6400.000000	95.198	-155.6682
6500.000000	95.173	-155.9163
6600.000000	95.143	-156.1317
6700.000000	95.105	-156.3075
6800.000000	95.062	-156.4284
6900.000000	95.017	-156.4785
7000.000000	94.976	-156.4430
7100.000000	94.948	-156.3398
7200.000000	94.936	-156.2204
7300.000000	94.937	-156.1211
7400.000000	94.951	-156.0428
7500.000000	94.980	-155.9867
7620.000000	95.037	-155.9691
7750.000000	95.129	-156.0644
7880.000000	95.246	-156.3233
8000.000000	95.357	-156.7162
8120.000000	95.462	-157.2744
8250.000000	95.606	-158.2247
8380.000000	95.795	-159.7919
8500.000000	95.982	-161.9189
8620.000000	96.153	-164.7142
8750.000000	96.293	-168.4593
8850.000000	96.352	-171.8101
9000.000000	96.332	-177.4741
9120.000000	96.203	177.6059
9250.000000	95.937	172.1025
9380.000000	95.541	166.6302
9500.000000	95.067	161.7763
9620.000000	94.501	157.2483
9750.000000	93.802	152.8372
9880.000000	93.040	149.0236
10000.000000	92.301	146.0287
10150.000000	91.347	142.9881
10300.000000	90.372	140.8550
10440.000000	89.484	139.7547
10600.000000	88.546	139.3815
10750.000000	87.771	139.6027
10900.000000	87.103	140.1302
11060.000000	86.500	140.8254
11200.000000	86.056	141.4333
11380.000000	85.587	142.1343
11500.000000	85.330	142.5026
11720.000000	84.964	142.9002
11800.000000	84.863	142.9410
12060.000000	84.644	142.6590
12200.000000	84.595	142.1874
12410.000000	84.616	140.9692
12500.000000	84.663	140.2337
12650.000000	84.795	138.6790
12800.000000	84.986	136.6655
13150.000000	85.616	129.8393
13200.000000	85.724	128.5756
13400.000000	86.186	122.6683
13600.000000	86.674	115.2350
13800.000000	87.134	106.1113
14000.000000	87.500	95.2782
14300.000000	87.728	76.2795
14500.000000	87.596	62.3668
14750.000000	87.098	44.5186
15000.000000	86.320	26.9534
15250.000000	85.406	10.0170
15500.000000	84.493	-6.4160
15750.000000	83.695	-22.7238
16000.000000	83.141	-39.3977
16250.000000	82.962	-57.0048
16500.000000	83.166	-76.2482
16750.000000	83.757	-98.1084
17000.000000	84.731	-123.8857
17250.000000	85.948	-155.1013
17500.000000	86.992	167.0480
17750.000000	87.257	123.1179
18000.000000	86.326	75.8817
18250.000000	84.303	28.4321
18500.000000	81.628	-18.3080
18750.000000	78.697	-65.5235
19000.000000	75.668	-114.9681
19250.000000	72.501	-168.2180
19500.000000	69.070	133.3734
19750.000000	65.333	67.0886
20000.000000	62.204	-2.2098
