* Measurement data measured by REW V5.31.3
* Source: USB-C to 3.5mm Headphone Jack Adapter, USB-C to 3.5mm Headphone Jack Adapter, 0, volume: 0.295
* Format: 256k Log Swept Sine, 4 sweeps at -12.0 dBFS with no timing reference
* Dated: Feb 8, 2026 11:56:13 PM
* REW Settings:
*  C-weighting compensation: Off
*  Target level: 75.0 dB
* Note: ; 
* Measurement: Final Make4 Banzai 4 R
* Smoothing: 1/24 octave
* Frequency Step: 1/48 octave
* Start Frequency: 20.300 Hz
*
* Freq(Hz)	SPL(dB)	Phase(degrees)
20.299999	103.475	-161.4452
20.600000	103.486	-162.1549
20.900000	103.495	-162.9207
21.200001	103.502	-163.6860
21.400000	103.506	-164.1938
21.799999	103.517	-165.2027
22.000000	103.523	-165.7022
22.400000	103.535	-166.6857
22.700001	103.544	-167.4057
23.000000	103.552	-168.1086
23.299999	103.558	-168.7948
23.600000	103.562	-169.4662
24.000000	103.565	-170.3425
24.299999	103.564	-170.9874
24.700001	103.561	-171.8312
25.000000	103.557	-172.4521
25.400000	103.551	-173.2660
25.799999	103.545	-174.0686
26.200001	103.539	-174.8644
26.500000	103.533	-175.4563
26.900000	103.522	-176.2326
27.200001	103.512	-176.7994
27.600000	103.495	-177.5291
28.000000	103.478	-178.2314
28.500000	103.457	-179.0863
29.000000	103.436	-179.9325
29.500000	103.412	179.2307
30.000000	103.386	178.4183
30.400000	103.366	177.7922
30.700001	103.351	177.3347
31.100000	103.333	176.7346
31.500000	103.314	176.1396
32.000000	103.287	175.3994
32.500000	103.256	174.6679
33.000000	103.221	173.9519
33.500000	103.188	173.2515
34.000000	103.156	172.5617
34.500000	103.127	171.8841
35.000000	103.098	171.2330
35.500000	103.066	170.6241
36.000000	103.032	170.0515
36.500000	102.997	169.4844
37.000000	102.958	168.8989
37.500000	102.915	168.3074
38.200001	102.860	167.5355
38.700001	102.834	167.0259
39.500000	102.805	166.1710
40.000000	102.773	165.5956
40.599998	102.708	164.9379
41.200001	102.633	164.3604
41.799999	102.571	163.8036
42.500000	102.519	163.1010
43.099998	102.478	162.5084
43.700001	102.433	161.9902
44.400002	102.376	161.4312
45.000000	102.320	160.9189
45.500000	102.273	160.4702
46.200001	102.220	159.8511
46.799999	102.182	159.3581
47.500000	102.122	158.8826
48.200001	102.042	158.4671
48.700001	101.981	158.0352
49.400002	101.886	157.0621
50.000000	101.787	156.0938
50.799999	101.679	155.3250
51.500000	101.661	155.2496
52.200001	101.682	155.2516
53.000000	101.659	155.0311
53.799999	101.583	154.6604
54.500000	101.520	154.2339
55.200001	101.465	153.7611
56.000000	101.402	153.3008
57.000000	101.317	152.8020
58.000000	101.224	152.2506
59.000000	101.134	151.7129
60.000000	101.049	151.2375
60.799999	100.982	150.9016
61.500000	100.927	150.5968
62.200001	100.873	150.2591
63.000000	100.808	149.8617
64.000000	100.724	149.4013
65.000000	100.640	148.9770
66.000000	100.559	148.5758
67.000000	100.483	148.1692
68.000000	100.402	147.7664
69.000000	100.317	147.4073
70.000000	100.234	147.0378
71.000000	100.152	146.6740
72.000000	100.072	146.3728
73.000000	99.993	146.0765
74.000000	99.916	145.7203
75.000000	99.848	145.2172
76.199997	99.749	144.7396
77.500000	99.655	144.6209
78.800003	99.577	144.2650
80.000000	99.487	143.8630
81.199997	99.377	143.7135
82.500000	99.261	143.3565
83.800003	99.165	142.9697
85.000000	99.087	142.8664
86.199997	98.992	142.7425
87.500000	98.872	142.4649
88.500000	98.769	142.1873
90.000000	98.642	142.0253
91.199997	98.529	142.0695
92.500000	98.415	141.6276
93.800003	98.385	141.3773
95.000000	98.274	141.7711
96.199997	98.141	141.2734
97.500000	98.215	140.8249
98.800003	98.386	137.5020
100.000000	99.056	121.0609
101.500000	99.339	101.8517
103.000000	98.636	126.3170
104.400002	98.308	141.8489
106.000000	98.076	142.5366
107.500000	97.985	142.0084
109.000000	97.834	141.5075
110.599998	97.714	140.7914
112.000000	97.580	140.4947
113.800003	97.477	140.3941
115.000000	97.418	140.3107
117.199997	97.292	139.9465
118.000000	97.254	139.8701
120.599998	97.078	139.4126
122.000000	96.995	139.2278
124.099998	96.901	139.0017
125.000000	96.855	138.8775
126.500000	96.754	138.8450
128.000000	96.648	138.9052
131.500000	96.478	138.9286
132.000000	96.456	138.9179
134.000000	96.361	138.9651
136.000000	96.267	139.0381
138.000000	96.183	139.0695
140.000000	96.099	139.0363
143.000000	95.944	138.9861
145.000000	95.840	138.9481
147.500000	95.737	138.8256
150.000000	95.679	138.4689
152.500000	95.612	137.8688
155.000000	95.472	138.5356
157.500000	95.356	138.9198
160.000000	95.250	139.0392
162.500000	95.142	139.1455
165.000000	95.024	139.3193
167.500000	94.922	139.5846
170.000000	94.834	139.3374
172.500000	94.669	139.5114
175.000000	94.590	140.3676
177.500000	94.548	140.4790
180.000000	94.467	140.4732
182.500000	94.403	140.6097
185.000000	94.326	140.5112
187.500000	94.199	140.3716
190.000000	94.092	140.6693
192.500000	94.044	141.0580
195.000000	93.987	141.0206
197.500000	93.890	140.9111
200.000000	93.768	141.0258
203.000000	93.639	141.2186
206.000000	93.583	141.4792
209.000000	93.513	141.7177
212.000000	93.427	141.9492
214.000000	93.370	142.0714
218.000000	93.262	142.2778
220.000000	93.207	142.3758
224.000000	93.098	142.6235
227.000000	93.020	142.8590
230.000000	92.951	143.0724
233.000000	92.876	143.2880
236.000000	92.793	143.5165
240.000000	92.685	143.7963
243.000000	92.610	144.0120
247.000000	92.520	144.3024
250.000000	92.465	144.5391
254.000000	92.390	144.8126
258.000000	92.273	145.1375
262.000000	92.165	145.4855
265.000000	92.094	145.7311
269.000000	92.006	146.0657
272.000000	91.943	146.3112
276.000000	91.858	146.6535
280.000000	91.773	147.0070
285.000000	91.672	147.4371
290.000000	91.573	147.8685
295.000000	91.476	148.2980
300.000000	91.384	148.7469
304.000000	91.313	149.1110
307.000000	91.258	149.3669
311.000000	91.186	149.7114
315.000000	91.117	150.0709
320.000000	91.032	150.5170
325.000000	90.950	150.9675
330.000000	90.871	151.4129
335.000000	90.791	151.8693
340.000000	90.714	152.3296
345.000000	90.640	152.7785
350.000000	90.566	153.2312
355.000000	90.495	153.6873
360.000000	90.431	154.1444
365.000000	90.366	154.6000
370.000000	90.302	155.0540
375.000000	90.238	155.5029
382.000000	90.150	156.1341
387.000000	90.089	156.5892
395.000000	89.996	157.3265
400.000000	89.940	157.7871
406.000000	89.872	158.3332
412.000000	89.807	158.8807
418.000000	89.746	159.4245
425.000000	89.676	160.0551
431.000000	89.616	160.6015
437.000000	89.559	161.1488
444.000000	89.495	161.7806
450.000000	89.442	162.3215
455.000000	89.397	162.7759
462.000000	89.337	163.4142
468.000000	89.287	163.9557
475.000000	89.231	164.5896
482.000000	89.178	165.2255
487.000000	89.141	165.6756
494.000000	89.090	166.3019
500.000000	89.047	166.8393
508.000000	88.990	167.5565
515.000000	88.944	168.1857
522.000000	88.900	168.8139
530.000000	88.851	169.5357
538.000000	88.804	170.2574
545.000000	88.764	170.8864
552.000000	88.726	171.5158
560.000000	88.684	172.2328
570.000000	88.634	173.1339
580.000000	88.587	174.0334
590.000000	88.542	174.9310
600.000000	88.500	175.8326
608.000000	88.469	176.5496
615.000000	88.442	177.1801
622.000000	88.417	177.8088
630.000000	88.390	178.5254
640.000000	88.360	179.4238
650.000000	88.332	-179.6707
660.000000	88.306	-178.7638
670.000000	88.282	-177.8591
680.000000	88.261	-176.9500
690.000000	88.244	-176.0399
700.000000	88.227	-175.1276
710.000000	88.212	-174.2086
720.000000	88.200	-173.2799
730.000000	88.192	-172.3428
740.000000	88.188	-171.3898
750.000000	88.189	-170.4195
762.000000	88.200	-169.2487
775.000000	88.225	-168.0024
788.000000	88.258	-166.8197
800.000000	88.289	-165.7824
812.000000	88.320	-164.7787
825.000000	88.355	-163.7306
838.000000	88.388	-162.7471
850.000000	88.412	-161.8795
862.000000	88.426	-160.9957
875.000000	88.436	-159.9335
885.000000	88.450	-159.0314
900.000000	88.490	-157.6275
912.000000	88.539	-156.5150
925.000000	88.604	-155.3540
938.000000	88.679	-154.2519
950.000000	88.754	-153.2809
962.000000	88.835	-152.3439
975.000000	88.927	-151.3720
988.000000	89.023	-150.4496
1000.000000	89.114	-149.6403
1015.000000	89.232	-148.6878
1030.000000	89.351	-147.7946
1044.000000	89.465	-147.0164
1060.000000	89.597	-146.1903
1075.000000	89.721	-145.4741
1090.000000	89.845	-144.8160
1106.000000	89.976	-144.1758
1120.000000	90.090	-143.6617
1138.000000	90.234	-143.0620
1150.000000	90.327	-142.6967
1172.000000	90.493	-142.0939
1180.000000	90.551	-141.8916
1206.000000	90.734	-141.2878
1220.000000	90.828	-140.9993
1241.000000	90.965	-140.5997
1250.000000	91.023	-140.4357
1265.000000	91.121	-140.1715
1280.000000	91.217	-139.9205
1315.000000	91.431	-139.3631
1320.000000	91.461	-139.2859
1340.000000	91.575	-138.9831
1360.000000	91.685	-138.6826
1380.000000	91.792	-138.3816
1400.000000	91.896	-138.0760
1430.000000	92.047	-137.6075
1450.000000	92.146	-137.2915
1475.000000	92.269	-136.8998
1500.000000	92.390	-136.5085
1525.000000	92.510	-136.1173
1550.000000	92.628	-135.7258
1575.000000	92.747	-135.3328
1600.000000	92.863	-134.9380
1625.000000	92.976	-134.5473
1650.000000	93.089	-134.1599
1675.000000	93.202	-133.7741
1700.000000	93.317	-133.3952
1725.000000	93.433	-133.0249
1750.000000	93.552	-132.6612
1775.000000	93.672	-132.3090
1800.000000	93.795	-131.9738
1825.000000	93.919	-131.6541
1850.000000	94.044	-131.3513
1875.000000	94.172	-131.0681
1900.000000	94.302	-130.8033
1925.000000	94.434	-130.5593
1950.000000	94.567	-130.3398
1975.000000	94.702	-130.1428
2000.000000	94.840	-129.9708
2030.000000	95.008	-129.8000
2060.000000	95.180	-129.6716
2090.000000	95.353	-129.5857
2120.000000	95.527	-129.5421
2140.000000	95.643	-129.5394
2180.000000	95.878	-129.5985
2200.000000	95.995	-129.6633
2240.000000	96.229	-129.8643
2270.000000	96.404	-130.0788
2300.000000	96.576	-130.3504
2330.000000	96.747	-130.6796
2360.000000	96.914	-131.0682
2400.000000	97.129	-131.6707
2430.000000	97.285	-132.1798
2470.000000	97.483	-132.9236
2500.000000	97.627	-133.5227
2540.000000	97.813	-134.3770
2580.000000	97.992	-135.3058
2620.000000	98.161	-136.3253
2650.000000	98.279	-137.1504
2690.000000	98.422	-138.3174
2720.000000	98.515	-139.2266
2760.000000	98.623	-140.4579
2800.000000	98.711	-141.6856
2850.000000	98.802	-143.1761
2900.000000	98.881	-144.6207
2950.000000	98.954	-146.0790
3000.000000	99.015	-147.6160
3040.000000	99.048	-148.9011
3070.000000	99.062	-149.8860
3110.000000	99.067	-151.2157
3150.000000	99.053	-152.5560
3200.000000	99.007	-154.2191
3250.000000	98.928	-155.8083
3300.000000	98.820	-157.2730
3350.000000	98.688	-158.5813
3400.000000	98.538	-159.7131
3450.000000	98.378	-160.6557
3500.000000	98.214	-161.4156
3550.000000	98.052	-162.0162
3600.000000	97.897	-162.4998
3650.000000	97.747	-162.9035
3700.000000	97.600	-163.2397
3750.000000	97.454	-163.5060
3820.000000	97.253	-163.7500
3870.000000	97.113	-163.8357
3950.000000	96.899	-163.8436
4000.000000	96.771	-163.7844
4060.000000	96.620	-163.6638
4120.000000	96.472	-163.4974
4180.000000	96.331	-163.2876
4250.000000	96.173	-163.0004
4310.000000	96.043	-162.7226
4370.000000	95.919	-162.4149
4440.000000	95.781	-162.0297
4500.000000	95.666	-161.6832
4550.000000	95.573	-161.3872
4620.000000	95.443	-160.9642
4680.000000	95.330	-160.5820
4750.000000	95.195	-160.0766
4820.000000	95.060	-159.4643
4870.000000	94.968	-158.9476
4940.000000	94.853	-158.1259
5000.000000	94.773	-157.3688
5080.000000	94.694	-156.3603
5150.000000	94.644	-155.5242
5220.000000	94.607	-154.7478
5300.000000	94.578	-153.9357
5380.000000	94.556	-153.2114
5450.000000	94.541	-152.6500
5520.000000	94.526	-152.1512
5600.000000	94.506	-151.6450
5700.000000	94.474	-151.0619
5800.000000	94.433	-150.4683
5900.000000	94.394	-149.8284
6000.000000	94.364	-149.1646
6080.000000	94.346	-148.6376
6150.000000	94.336	-148.1831
6220.000000	94.332	-147.7316
6300.000000	94.345	-147.2162
6400.000000	94.398	-146.5778
6500.000000	94.481	-145.9767
6600.000000	94.585	-145.4572
6700.000000	94.704	-145.0469
6800.000000	94.834	-144.7609
6900.000000	94.974	-144.5903
7000.000000	95.126	-144.5339
7100.000000	95.293	-144.6166
7200.000000	95.473	-144.8928
7300.000000	95.659	-145.4021
7400.000000	95.846	-146.1361
7500.000000	96.030	-147.0854
7620.000000	96.244	-148.5125
7750.000000	96.459	-150.4209
7880.000000	96.643	-152.7037
8000.000000	96.755	-155.1114
8120.000000	96.784	-157.7298
8250.000000	96.751	-160.6939
8380.000000	96.691	-163.7593
8500.000000	96.623	-166.7812
8620.000000	96.528	-170.0605
8750.000000	96.378	-173.8526
8850.000000	96.222	-176.8764
9000.000000	95.918	178.5387
9120.000000	95.618	174.9320
9250.000000	95.245	171.1767
9380.000000	94.836	167.6294
9500.000000	94.438	164.5435
9620.000000	94.029	161.6140
9750.000000	93.576	158.5795
9880.000000	93.111	155.6652
10000.000000	92.669	153.0953
10150.000000	92.098	150.1218
10300.000000	91.516	147.5280
10440.000000	90.980	145.5027
10600.000000	90.405	143.6178
10750.000000	89.923	142.1363
10900.000000	89.505	140.7726
11060.000000	89.129	139.3023
11200.000000	88.855	137.8981
11380.000000	88.577	135.7954
11500.000000	88.433	134.0991
11720.000000	88.214	130.0756
11800.000000	88.131	128.2977
12060.000000	87.784	121.5815
12200.000000	87.535	117.4943
12410.000000	87.072	110.9022
12500.000000	86.840	107.9493
12650.000000	86.411	102.9226
12800.000000	85.922	97.8386
13150.000000	84.554	86.1936
13200.000000	84.337	84.5823
13400.000000	83.430	78.2982
13600.000000	82.483	72.2635
13800.000000	81.519	66.4037
14000.000000	80.557	60.6121
14300.000000	79.158	51.7762
14500.000000	78.270	45.5977
14750.000000	77.227	37.2897
15000.000000	76.272	28.0595
15250.000000	75.426	17.6342
15500.000000	74.717	5.7534
15750.000000	74.180	-7.8407
16000.000000	73.903	-23.4063
16250.000000	73.980	-41.1417
16500.000000	74.398	-61.2392
16750.000000	75.125	-83.8907
17000.000000	76.159	-109.4417
17250.000000	77.443	-138.5450
17500.000000	78.815	-171.8707
17750.000000	79.968	149.9144
18000.000000	80.509	107.0293
18250.000000	80.147	60.9256
18500.000000	78.865	13.3977
18750.000000	76.896	-35.0000
19000.000000	74.500	-84.9667
19250.000000	71.806	-138.0216
19500.000000	68.803	164.0586
19750.000000	65.504	98.3060
20000.000000	62.790	30.3896
