* Measurement data measured by REW V5.31.3
* Source: USB-C to 3.5mm Headphone Jack Adapter, USB-C to 3.5mm Headphone Jack Adapter, 0, volume: 0.295
* Format: 256k Log Swept Sine, 4 sweeps at -12.0 dBFS with no timing reference
* Dated: Feb 8, 2026 11:53:42 PM
* REW Settings:
*  C-weighting compensation: Off
*  Target level: 75.0 dB
* Note: ; 
* Measurement: Final Make4 Banzai 4 L
* Smoothing: 1/24 octave
* Frequency Step: 1/48 octave
* Start Frequency: 20.300 Hz
*
* Freq(Hz)	SPL(dB)	Phase(degrees)
20.299999	105.127	-178.6258
20.600000	105.106	-179.2804
20.900000	105.082	-179.9781
21.200001	105.058	179.3281
21.400000	105.043	178.8668
21.799999	105.015	177.9476
22.000000	105.001	177.4926
22.400000	104.973	176.6036
22.700001	104.950	175.9625
23.000000	104.927	175.3451
23.299999	104.904	174.7473
23.600000	104.880	174.1622
24.000000	104.848	173.3905
24.299999	104.823	172.8140
24.700001	104.787	172.0508
25.000000	104.758	171.4880
25.400000	104.717	170.7582
25.799999	104.674	170.0563
26.200001	104.632	169.3799
26.500000	104.600	168.8858
26.900000	104.558	168.2391
27.200001	104.527	167.7609
27.600000	104.484	167.1315
28.000000	104.440	166.5125
28.500000	104.385	165.7582
29.000000	104.330	165.0307
29.500000	104.274	164.3323
30.000000	104.218	163.6600
30.400000	104.173	163.1367
30.700001	104.140	162.7508
31.100000	104.094	162.2440
31.500000	104.049	161.7462
32.000000	103.992	161.1390
32.500000	103.935	160.5499
33.000000	103.878	159.9784
33.500000	103.818	159.4233
34.000000	103.758	158.8833
34.500000	103.697	158.3516
35.000000	103.638	157.8172
35.500000	103.579	157.2810
36.000000	103.518	156.7685
36.500000	103.458	156.3124
37.000000	103.402	155.9115
37.500000	103.349	155.5167
38.200001	103.273	154.8790
38.700001	103.211	154.3714
39.500000	103.109	153.6041
40.000000	103.054	153.2002
40.599998	102.996	152.7847
41.200001	102.934	152.3996
41.799999	102.860	151.9793
42.500000	102.763	151.4163
43.099998	102.687	150.9357
43.700001	102.632	150.5039
44.400002	102.571	150.0685
45.000000	102.493	149.7828
45.500000	102.419	149.5644
46.200001	102.331	149.0565
46.799999	102.269	148.4390
47.500000	102.209	148.0273
48.200001	102.177	148.0634
48.700001	102.115	147.9755
49.400002	101.832	147.6291
50.000000	101.441	147.7623
50.799999	101.160	148.5435
51.500000	101.328	148.0255
52.200001	101.551	146.3053
53.000000	101.607	145.1053
53.799999	101.557	145.1522
54.500000	101.483	145.0834
55.200001	101.379	144.6769
56.000000	101.289	144.2444
57.000000	101.216	143.8853
58.000000	101.102	143.6524
59.000000	100.988	143.3147
60.000000	100.893	142.9298
60.799999	100.818	142.7690
61.500000	100.753	142.6317
62.200001	100.684	142.3798
63.000000	100.601	142.0063
64.000000	100.505	141.6671
65.000000	100.422	141.4507
66.000000	100.333	141.2199
67.000000	100.237	140.9957
68.000000	100.144	140.7969
69.000000	100.057	140.6199
70.000000	99.969	140.4320
71.000000	99.874	140.2413
72.000000	99.780	140.0602
73.000000	99.696	139.8865
74.000000	99.618	139.6648
75.000000	99.536	139.2356
76.199997	99.412	138.7954
77.500000	99.310	138.9757
78.800003	99.158	139.3180
80.000000	99.002	139.5107
81.199997	98.926	138.9809
82.500000	98.846	138.4615
83.800003	98.751	138.4343
85.000000	98.665	138.3847
86.199997	98.602	138.2201
87.500000	98.513	138.0379
88.500000	98.415	137.9269
90.000000	98.269	137.3629
91.199997	98.137	137.1010
92.500000	98.008	137.4565
93.800003	97.910	137.9006
95.000000	97.814	138.4351
96.199997	97.683	139.1179
97.500000	97.621	139.5413
98.800003	97.549	139.7054
100.000000	97.149	140.1573
101.500000	96.651	141.0105
103.000000	97.082	139.4142
104.400002	97.443	138.5702
106.000000	97.491	138.7493
107.500000	97.425	138.3115
109.000000	97.344	137.8783
110.599998	97.272	137.7225
112.000000	97.190	137.7134
113.800003	97.052	137.9308
115.000000	96.978	138.2334
117.199997	96.819	138.1321
118.000000	96.756	138.0388
120.599998	96.585	138.1031
122.000000	96.519	138.0877
124.099998	96.421	138.1137
125.000000	96.373	138.2293
126.500000	96.301	138.4217
128.000000	96.246	138.6132
131.500000	96.066	138.6062
132.000000	96.039	138.5473
134.000000	95.943	138.4039
136.000000	95.851	138.5763
138.000000	95.776	138.7278
140.000000	95.726	138.9911
143.000000	95.553	139.2785
145.000000	95.441	139.5917
147.500000	95.333	139.8603
150.000000	95.047	138.8872
152.500000	94.707	137.3308
155.000000	94.955	139.5568
157.500000	95.033	140.6161
160.000000	94.991	141.0289
162.500000	94.898	141.0213
165.000000	94.807	141.0925
167.500000	94.711	141.3983
170.000000	94.620	141.5660
172.500000	94.530	141.6721
175.000000	94.438	141.7964
177.500000	94.348	141.9692
180.000000	94.256	142.1313
182.500000	94.167	142.3112
185.000000	94.081	142.4938
187.500000	93.997	142.6752
190.000000	93.918	142.8661
192.500000	93.837	143.0752
195.000000	93.755	143.3030
197.500000	93.679	143.6070
200.000000	93.610	144.0846
203.000000	93.526	144.6608
206.000000	93.435	144.6172
209.000000	93.350	144.7356
212.000000	93.271	145.0139
214.000000	93.219	145.2242
218.000000	93.115	145.6603
220.000000	93.066	145.8613
224.000000	92.975	146.2215
227.000000	92.911	146.4865
230.000000	92.844	146.7655
233.000000	92.778	147.0541
236.000000	92.711	147.3456
240.000000	92.625	147.7457
243.000000	92.565	148.0550
247.000000	92.486	148.4498
250.000000	92.431	148.7112
254.000000	92.357	149.0526
258.000000	92.267	149.5358
262.000000	92.184	149.9507
265.000000	92.129	150.2527
269.000000	92.055	150.6934
272.000000	92.000	151.0189
276.000000	91.926	151.4300
280.000000	91.859	151.8036
285.000000	91.777	152.3331
290.000000	91.694	152.8517
295.000000	91.620	153.3669
300.000000	91.541	153.8668
304.000000	91.478	154.2772
307.000000	91.434	154.6024
311.000000	91.381	155.0459
315.000000	91.329	155.4880
320.000000	91.263	156.0445
325.000000	91.188	156.6271
330.000000	91.101	157.1469
335.000000	91.030	157.5374
340.000000	91.011	157.8199
345.000000	91.000	158.4013
350.000000	90.927	158.9868
355.000000	90.865	159.3614
360.000000	90.811	159.8716
365.000000	90.762	160.3550
370.000000	90.713	160.8634
375.000000	90.656	161.3190
382.000000	90.587	161.9958
387.000000	90.541	162.4850
395.000000	90.471	163.2425
400.000000	90.429	163.7111
406.000000	90.379	164.2731
412.000000	90.332	164.8266
418.000000	90.287	165.3883
425.000000	90.233	166.0384
431.000000	90.189	166.5878
437.000000	90.148	167.1375
444.000000	90.100	167.7842
450.000000	90.060	168.3348
455.000000	90.027	168.7902
462.000000	89.984	169.4178
468.000000	89.947	169.9592
475.000000	89.906	170.5922
482.000000	89.864	171.2106
487.000000	89.834	171.6595
494.000000	89.798	172.3130
500.000000	89.772	172.8515
508.000000	89.735	173.5379
515.000000	89.700	174.1420
522.000000	89.665	174.7545
530.000000	89.629	175.4873
538.000000	89.600	176.1917
545.000000	89.574	176.7773
552.000000	89.544	177.3721
560.000000	89.510	178.0713
570.000000	89.473	178.9487
580.000000	89.438	179.8271
590.000000	89.404	-179.2947
600.000000	89.370	-178.4188
608.000000	89.344	-177.7114
615.000000	89.321	-177.0911
622.000000	89.298	-176.4685
630.000000	89.273	-175.7507
640.000000	89.242	-174.8413
650.000000	89.209	-173.9054
660.000000	89.177	-172.9405
670.000000	89.145	-171.9289
680.000000	89.113	-170.8384
690.000000	89.087	-169.6442
700.000000	89.074	-168.3310
710.000000	89.091	-166.9160
720.000000	89.148	-165.5092
730.000000	89.241	-164.2865
740.000000	89.347	-163.3667
750.000000	89.436	-162.7063
762.000000	89.506	-162.0450
775.000000	89.547	-161.2532
788.000000	89.578	-160.2675
800.000000	89.616	-159.2080
812.000000	89.678	-158.1447
825.000000	89.761	-157.1561
838.000000	89.838	-156.3611
850.000000	89.891	-155.6793
862.000000	89.934	-154.9444
875.000000	89.978	-154.0792
885.000000	90.015	-153.3888
900.000000	90.077	-152.3283
912.000000	90.133	-151.4765
925.000000	90.200	-150.5555
938.000000	90.274	-149.6491
950.000000	90.348	-148.8286
962.000000	90.426	-148.0351
975.000000	90.516	-147.2067
988.000000	90.610	-146.4112
1000.000000	90.701	-145.7063
1015.000000	90.818	-144.8684
1030.000000	90.937	-144.0840
1044.000000	91.050	-143.4011
1060.000000	91.181	-142.6827
1075.000000	91.303	-142.0641
1090.000000	91.426	-141.4904
1106.000000	91.557	-140.9383
1120.000000	91.669	-140.5022
1138.000000	91.811	-139.9956
1150.000000	91.903	-139.6850
1172.000000	92.066	-139.1660
1180.000000	92.123	-138.9920
1206.000000	92.304	-138.4754
1220.000000	92.397	-138.2227
1241.000000	92.535	-137.8547
1250.000000	92.594	-137.7074
1265.000000	92.693	-137.4830
1280.000000	92.793	-137.2778
1315.000000	93.017	-136.8392
1320.000000	93.047	-136.7809
1340.000000	93.165	-136.5527
1360.000000	93.277	-136.3214
1380.000000	93.385	-136.0903
1400.000000	93.489	-135.8553
1430.000000	93.641	-135.4844
1450.000000	93.740	-135.2315
1475.000000	93.862	-134.9114
1500.000000	93.982	-134.5842
1525.000000	94.101	-134.2518
1550.000000	94.221	-133.9132
1575.000000	94.340	-133.5676
1600.000000	94.456	-133.2221
1625.000000	94.570	-132.8806
1650.000000	94.683	-132.5430
1675.000000	94.797	-132.2106
1700.000000	94.913	-131.8825
1725.000000	95.030	-131.5643
1750.000000	95.149	-131.2554
1775.000000	95.269	-130.9617
1800.000000	95.391	-130.6805
1825.000000	95.514	-130.4120
1850.000000	95.639	-130.1584
1875.000000	95.765	-129.9230
1900.000000	95.893	-129.7080
1925.000000	96.022	-129.5111
1950.000000	96.152	-129.3370
1975.000000	96.284	-129.1856
2000.000000	96.418	-129.0570
2030.000000	96.582	-128.9385
2060.000000	96.747	-128.8536
2090.000000	96.912	-128.8083
2120.000000	97.078	-128.8035
2140.000000	97.189	-128.8230
2180.000000	97.410	-128.9192
2200.000000	97.520	-128.9968
2240.000000	97.736	-129.2208
2270.000000	97.895	-129.4325
2300.000000	98.049	-129.6805
2330.000000	98.199	-129.9599
2360.000000	98.342	-130.2628
2400.000000	98.527	-130.6627
2430.000000	98.662	-130.9356
2470.000000	98.848	-131.2692
2500.000000	98.999	-131.5217
2540.000000	99.218	-131.9437
2580.000000	99.446	-132.5694
2620.000000	99.666	-133.3908
2650.000000	99.818	-134.0886
2690.000000	100.005	-135.0641
2720.000000	100.138	-135.8041
2760.000000	100.315	-136.8000
2800.000000	100.498	-137.8765
2850.000000	100.729	-139.4716
2900.000000	100.935	-141.4133
2950.000000	101.089	-143.6120
3000.000000	101.182	-145.9188
3040.000000	101.214	-147.7410
3070.000000	101.216	-149.0575
3110.000000	101.196	-150.7235
3150.000000	101.157	-152.2787
3200.000000	101.086	-154.0751
3250.000000	100.997	-155.7012
3300.000000	100.894	-157.1484
3350.000000	100.788	-158.4225
3400.000000	100.686	-159.5730
3450.000000	100.592	-160.6809
3500.000000	100.498	-161.8084
3550.000000	100.392	-162.9629
3600.000000	100.268	-164.0948
3650.000000	100.128	-165.1545
3700.000000	99.975	-166.1144
3750.000000	99.813	-166.9754
3820.000000	99.577	-168.0372
3870.000000	99.400	-168.7018
3950.000000	99.101	-169.5799
4000.000000	98.904	-169.9831
4060.000000	98.660	-170.3033
4120.000000	98.418	-170.4541
4180.000000	98.181	-170.4639
4250.000000	97.915	-170.3132
4310.000000	97.696	-170.0482
4370.000000	97.491	-169.6565
4440.000000	97.276	-169.0842
4500.000000	97.113	-168.5519
4550.000000	96.991	-168.1126
4620.000000	96.835	-167.5372
4680.000000	96.709	-167.0856
4750.000000	96.564	-166.5991
4820.000000	96.417	-166.1231
4870.000000	96.312	-165.7689
4940.000000	96.164	-165.2287
5000.000000	96.040	-164.7146
5080.000000	95.884	-163.9686
5150.000000	95.758	-163.2798
5220.000000	95.641	-162.5774
5300.000000	95.513	-161.7594
5380.000000	95.392	-160.9124
5450.000000	95.293	-160.1358
5520.000000	95.201	-159.3208
5600.000000	95.110	-158.3503
5700.000000	95.018	-157.1162
5800.000000	94.952	-155.9204
5900.000000	94.906	-154.7886
6000.000000	94.875	-153.7224
6080.000000	94.860	-152.9062
6150.000000	94.855	-152.2154
6220.000000	94.860	-151.5452
6300.000000	94.886	-150.8089
6400.000000	94.960	-149.9467
6500.000000	95.065	-149.1621
6600.000000	95.190	-148.4809
6700.000000	95.334	-147.9204
6800.000000	95.495	-147.4990
6900.000000	95.674	-147.2324
7000.000000	95.869	-147.1307
7100.000000	96.084	-147.2245
7200.000000	96.316	-147.5681
7300.000000	96.560	-148.2158
7400.000000	96.808	-149.1833
7500.000000	97.053	-150.4859
7620.000000	97.335	-152.5124
7750.000000	97.607	-155.2969
7880.000000	97.817	-158.6808
8000.000000	97.912	-162.2579
8120.000000	97.877	-166.1381
8250.000000	97.708	-170.4713
8380.000000	97.436	-174.7485
8500.000000	97.109	-178.5566
8620.000000	96.718	177.8455
8750.000000	96.231	174.2957
8850.000000	95.826	171.8629
9000.000000	95.198	168.7104
9120.000000	94.696	166.5718
9250.000000	94.168	164.5656
9380.000000	93.663	162.7870
9500.000000	93.217	161.2784
9620.000000	92.790	159.8593
9750.000000	92.348	158.3867
9880.000000	91.929	156.9262
10000.000000	91.556	155.5254
10150.000000	91.081	153.7650
10300.000000	90.597	152.2173
10440.000000	90.163	151.0496
10600.000000	89.714	149.9399
10750.000000	89.353	148.9694
10900.000000	89.050	147.9183
11060.000000	88.785	146.5812
11200.000000	88.593	145.1514
11380.000000	88.386	142.8655
11500.000000	88.262	141.0167
11720.000000	88.039	136.8942
11800.000000	87.952	135.1558
12060.000000	87.614	128.6652
12200.000000	87.379	124.6935
12410.000000	86.941	118.2540
12500.000000	86.722	115.3684
12650.000000	86.317	110.4611
12800.000000	85.861	105.5051
13150.000000	84.610	94.1408
13200.000000	84.415	92.5605
13400.000000	83.611	86.3523
13600.000000	82.790	80.2893
13800.000000	81.977	74.2925
14000.000000	81.188	68.2424
14300.000000	80.087	58.8043
14500.000000	79.424	52.0665
14750.000000	78.693	42.8850
15000.000000	78.080	32.6528
15250.000000	77.598	21.2036
15500.000000	77.268	8.4297
15750.000000	77.136	-5.8083
16000.000000	77.304	-21.6838
16250.000000	77.889	-39.5173
16500.000000	78.880	-59.9572
16750.000000	80.212	-83.9809
17000.000000	81.721	-112.8018
17250.000000	83.030	-147.2171
17500.000000	83.647	173.3436
17750.000000	83.252	131.1816
18000.000000	81.912	88.8051
18250.000000	79.971	47.1432
18500.000000	77.748	5.4695
18750.000000	75.389	-37.7206
19000.000000	72.880	-83.9359
19250.000000	70.134	-134.4615
19500.000000	67.038	169.5653
19750.000000	63.592	105.6232
20000.000000	60.734	39.0724
