* Measurement data measured by REW V5.31.3
* Source: USB-C to 3.5mm Headphone Jack Adapter, USB-C to 3.5mm Headphone Jack Adapter, 0, volume: 0.295
* Format: 256k Log Swept Sine, 4 sweeps at -12.0 dBFS with no timing reference
* Dated: Mar 2, 2025 11:32:06 PM
* REW Settings:
*  C-weighting compensation: Off
*  Target level: 75.0 dB
* Note: ; 
* Measurement: L Flo Audio Bluelover Velvet Wide
* Smoothing: 1/24 octave
* Frequency Step: 1/48 octave
* Start Frequency: 20.300 Hz
*
* Freq(Hz)	SPL(dB)	Phase(degrees)
20.299999	103.289	17.5190
20.600000	103.306	16.8847
20.900000	103.323	16.1938
21.200001	103.338	15.4873
21.400000	103.348	15.0079
21.799999	103.365	14.0345
22.000000	103.372	13.5457
22.400000	103.382	12.5788
22.700001	103.386	11.8736
23.000000	103.389	11.1924
23.299999	103.390	10.5379
23.600000	103.391	9.9086
24.000000	103.393	9.0983
24.299999	103.396	8.5002
24.700001	103.402	7.6980
25.000000	103.406	7.0875
25.400000	103.406	6.2674
25.799999	103.399	5.4600
26.200001	103.388	4.6860
26.500000	103.377	4.1317
26.900000	103.364	3.4191
27.200001	103.355	2.8938
27.600000	103.343	2.1929
28.000000	103.331	1.4877
28.500000	103.314	0.6109
29.000000	103.295	-0.2440
29.500000	103.275	-1.0699
30.000000	103.254	-1.8688
30.400000	103.236	-2.4903
30.700001	103.222	-2.9473
31.100000	103.202	-3.5472
31.500000	103.182	-4.1404
32.000000	103.155	-4.8757
32.500000	103.126	-5.6011
33.000000	103.096	-6.3093
33.500000	103.065	-6.9993
34.000000	103.036	-7.6769
34.500000	103.006	-8.3458
35.000000	102.975	-9.0010
35.500000	102.941	-9.6352
36.000000	102.905	-10.2482
36.500000	102.867	-10.8487
37.000000	102.828	-11.4455
37.500000	102.788	-12.0392
38.200001	102.735	-12.8561
38.700001	102.702	-13.4293
39.500000	102.652	-14.3356
40.000000	102.613	-14.8840
40.599998	102.558	-15.5020
41.200001	102.497	-16.0798
41.799999	102.439	-16.6509
42.500000	102.379	-17.3432
43.099998	102.329	-17.9448
43.700001	102.278	-18.5165
44.400002	102.213	-19.1186
45.000000	102.157	-19.6053
45.500000	102.110	-20.0233
46.200001	102.040	-20.6363
46.799999	101.978	-21.1480
47.500000	101.909	-21.7177
48.200001	101.846	-22.3277
48.700001	101.796	-22.7913
49.400002	101.720	-23.3872
50.000000	101.660	-23.7959
50.799999	101.596	-24.2746
51.500000	101.538	-24.7082
52.200001	101.467	-25.1396
53.000000	101.382	-25.6276
53.799999	101.298	-26.1302
54.500000	101.228	-26.5525
55.200001	101.159	-26.9473
56.000000	101.079	-27.3904
57.000000	100.972	-27.9472
58.000000	100.865	-28.5075
59.000000	100.763	-29.0341
60.000000	100.663	-29.5176
60.799999	100.579	-29.8885
61.500000	100.502	-30.1927
62.200001	100.425	-30.4786
63.000000	100.337	-30.7900
64.000000	100.230	-31.1672
65.000000	100.124	-31.5468
66.000000	100.015	-31.9029
67.000000	99.907	-32.2288
68.000000	99.799	-32.5440
69.000000	99.693	-32.8281
70.000000	99.590	-33.1075
71.000000	99.485	-33.4059
72.000000	99.375	-33.6792
73.000000	99.264	-33.8916
74.000000	99.158	-34.0729
75.000000	99.054	-34.2829
76.199997	98.921	-34.4835
77.500000	98.779	-34.6225
78.800003	98.654	-34.8226
80.000000	98.552	-35.0612
81.199997	98.421	-35.1584
82.500000	98.263	-35.1112
83.800003	98.121	-35.1777
85.000000	98.000	-35.2930
86.199997	97.870	-35.3441
87.500000	97.728	-35.2687
88.500000	97.626	-35.1320
90.000000	97.480	-34.9683
91.199997	97.369	-35.0408
92.500000	97.260	-35.1018
93.800003	97.139	-34.9381
95.000000	97.001	-34.7542
96.199997	96.871	-34.5242
97.500000	96.725	-33.8485
98.800003	96.564	-32.7121
100.000000	96.470	-32.1457
101.500000	96.404	-32.2108
103.000000	96.343	-32.0310
104.400002	96.275	-31.7294
106.000000	96.195	-31.5239
107.500000	96.094	-31.3344
109.000000	95.969	-31.0782
110.599998	95.837	-30.6923
112.000000	95.741	-30.2657
113.800003	95.608	-29.7193
115.000000	95.562	-29.3952
117.199997	95.463	-28.8113
118.000000	95.413	-28.5793
120.599998	95.234	-27.8288
122.000000	95.145	-27.3726
124.099998	95.051	-26.7307
125.000000	95.014	-26.4151
126.500000	94.953	-25.8355
128.000000	94.889	-25.2207
131.500000	94.770	-23.8868
132.000000	94.758	-23.6753
134.000000	94.708	-22.8784
136.000000	94.661	-22.1867
138.000000	94.623	-21.5501
140.000000	94.595	-20.9222
143.000000	94.516	-19.8334
145.000000	94.478	-19.1561
147.500000	94.457	-18.2832
150.000000	94.427	-17.3974
152.500000	94.397	-16.5674
155.000000	94.382	-15.6878
157.500000	94.316	-15.0471
160.000000	94.226	-14.7594
162.500000	94.309	-13.9103
165.000000	94.391	-12.8535
167.500000	94.415	-12.1156
170.000000	94.421	-11.5508
172.500000	94.445	-10.9157
175.000000	94.477	-10.2955
177.500000	94.493	-9.7490
180.000000	94.500	-9.2666
182.500000	94.517	-8.8319
185.000000	94.538	-8.4121
187.500000	94.559	-7.9248
190.000000	94.580	-7.4204
192.500000	94.608	-6.9660
195.000000	94.647	-6.6071
197.500000	94.695	-6.2625
200.000000	94.717	-5.8758
203.000000	94.728	-5.4435
206.000000	94.761	-5.0391
209.000000	94.801	-4.6362
212.000000	94.838	-4.2634
214.000000	94.861	-4.0688
218.000000	94.909	-3.6262
220.000000	94.934	-3.3991
224.000000	95.011	-3.0990
227.000000	95.072	-2.8410
230.000000	95.130	-2.5488
233.000000	95.184	-2.2969
236.000000	95.228	-2.1351
240.000000	95.287	-1.9560
243.000000	95.335	-1.8437
247.000000	95.400	-1.7606
250.000000	95.448	-1.7451
254.000000	95.510	-1.6887
258.000000	95.564	-1.6218
262.000000	95.610	-1.6569
265.000000	95.638	-1.7407
269.000000	95.662	-1.8740
272.000000	95.677	-1.9486
276.000000	95.701	-2.0104
280.000000	95.725	-2.0510
285.000000	95.753	-2.1128
290.000000	95.779	-2.1866
295.000000	95.799	-2.2526
300.000000	95.814	-2.3467
304.000000	95.824	-2.4314
307.000000	95.829	-2.4822
311.000000	95.836	-2.5518
315.000000	95.843	-2.6170
320.000000	95.849	-2.6843
325.000000	95.851	-2.7393
330.000000	95.854	-2.7845
335.000000	95.857	-2.8543
340.000000	95.859	-2.9322
345.000000	95.860	-3.0055
350.000000	95.859	-3.0721
355.000000	95.856	-3.1422
360.000000	95.851	-3.2183
365.000000	95.845	-3.2937
370.000000	95.836	-3.3598
375.000000	95.826	-3.4193
382.000000	95.812	-3.4948
387.000000	95.801	-3.5497
395.000000	95.781	-3.6361
400.000000	95.767	-3.6914
406.000000	95.749	-3.7504
412.000000	95.729	-3.8066
418.000000	95.708	-3.8603
425.000000	95.681	-3.9149
431.000000	95.656	-3.9519
437.000000	95.628	-3.9838
444.000000	95.595	-4.0131
450.000000	95.564	-4.0209
455.000000	95.538	-4.0186
462.000000	95.502	-4.0071
468.000000	95.469	-3.9843
475.000000	95.431	-3.9443
482.000000	95.393	-3.8940
487.000000	95.365	-3.8476
494.000000	95.327	-3.7661
500.000000	95.295	-3.6880
508.000000	95.252	-3.5700
515.000000	95.215	-3.4585
522.000000	95.179	-3.3482
530.000000	95.137	-3.2154
538.000000	95.094	-3.0701
545.000000	95.056	-2.9346
552.000000	95.019	-2.7864
560.000000	94.976	-2.6051
570.000000	94.924	-2.3677
580.000000	94.871	-2.1118
590.000000	94.819	-1.8387
600.000000	94.767	-1.5552
608.000000	94.726	-1.3202
615.000000	94.691	-1.1070
622.000000	94.656	-0.8835
630.000000	94.616	-0.6170
640.000000	94.568	-0.2713
650.000000	94.521	0.0910
660.000000	94.475	0.4662
670.000000	94.430	0.8585
680.000000	94.386	1.2644
690.000000	94.344	1.6816
700.000000	94.303	2.1135
710.000000	94.264	2.5597
720.000000	94.226	3.0187
730.000000	94.190	3.4898
740.000000	94.156	3.9731
750.000000	94.124	4.4695
762.000000	94.088	5.0809
775.000000	94.053	5.7661
788.000000	94.021	6.4697
800.000000	93.993	7.1335
812.000000	93.967	7.8086
825.000000	93.941	8.5559
838.000000	93.920	9.3178
850.000000	93.905	10.0284
862.000000	93.896	10.7423
875.000000	93.892	11.5185
885.000000	93.893	12.1134
900.000000	93.901	13.0010
912.000000	93.913	13.7032
925.000000	93.932	14.4512
938.000000	93.955	15.1810
950.000000	93.982	15.8363
962.000000	94.012	16.4770
975.000000	94.049	17.1522
988.000000	94.091	17.7984
1000.000000	94.132	18.3724
1015.000000	94.187	19.0590
1030.000000	94.245	19.7013
1044.000000	94.303	20.2615
1060.000000	94.370	20.8574
1075.000000	94.435	21.3711
1090.000000	94.500	21.8405
1106.000000	94.569	22.2952
1120.000000	94.628	22.6574
1138.000000	94.702	23.0786
1150.000000	94.750	23.3348
1172.000000	94.833	23.7656
1180.000000	94.861	23.9089
1206.000000	94.949	24.3314
1220.000000	94.992	24.5427
1241.000000	95.052	24.8434
1250.000000	95.078	24.9672
1265.000000	95.123	25.1712
1280.000000	95.167	25.3740
1315.000000	95.260	25.8558
1320.000000	95.273	25.9267
1340.000000	95.321	26.2169
1360.000000	95.366	26.5182
1380.000000	95.408	26.8324
1400.000000	95.449	27.1633
1430.000000	95.509	27.6918
1450.000000	95.548	28.0622
1475.000000	95.597	28.5438
1500.000000	95.647	29.0467
1525.000000	95.698	29.5724
1550.000000	95.752	30.1192
1575.000000	95.806	30.6870
1600.000000	95.862	31.2759
1625.000000	95.919	31.8845
1650.000000	95.979	32.5081
1675.000000	96.045	33.1382
1700.000000	96.117	33.7638
1725.000000	96.194	34.3798
1750.000000	96.277	34.9828
1775.000000	96.364	35.5744
1800.000000	96.455	36.1548
1825.000000	96.552	36.7219
1850.000000	96.653	37.2746
1875.000000	96.759	37.8102
1900.000000	96.870	38.3269
1925.000000	96.986	38.8219
1950.000000	97.107	39.2936
1975.000000	97.234	39.7377
2000.000000	97.366	40.1505
2030.000000	97.533	40.6017
2060.000000	97.709	40.9993
2090.000000	97.890	41.3385
2120.000000	98.078	41.6129
2140.000000	98.206	41.7566
2180.000000	98.471	41.9450
2200.000000	98.606	41.9858
2240.000000	98.883	41.9508
2270.000000	99.094	41.8151
2300.000000	99.308	41.5780
2330.000000	99.523	41.2327
2360.000000	99.738	40.7709
2400.000000	100.022	39.9620
2430.000000	100.230	39.2045
2470.000000	100.497	37.9840
2500.000000	100.686	36.9070
2540.000000	100.919	35.2583
2580.000000	101.120	33.3806
2620.000000	101.280	31.2984
2650.000000	101.369	29.6308
2690.000000	101.440	27.3219
2720.000000	101.455	25.5723
2760.000000	101.426	23.2879
2800.000000	101.346	21.1367
2850.000000	101.189	18.7253
2900.000000	100.989	16.6538
2950.000000	100.764	14.8910
3000.000000	100.519	13.3959
3040.000000	100.310	12.3827
3070.000000	100.147	11.7340
3110.000000	99.921	11.0310
3150.000000	99.690	10.5320
3200.000000	99.402	10.2134
3250.000000	99.129	10.2385
3300.000000	98.889	10.5649
3350.000000	98.695	11.0795
3400.000000	98.551	11.5981
3450.000000	98.443	11.9444
3500.000000	98.340	12.0587
3550.000000	98.218	12.0230
3600.000000	98.067	11.9852
3650.000000	97.894	12.0657
3700.000000	97.709	12.3241
3750.000000	97.525	12.7679
3820.000000	97.283	13.6587
3870.000000	97.127	14.4467
3950.000000	96.912	15.8958
4000.000000	96.798	16.8824
4060.000000	96.680	18.1169
4120.000000	96.585	19.3802
4180.000000	96.512	20.6456
4250.000000	96.452	22.1004
4310.000000	96.420	23.3188
4370.000000	96.402	24.5126
4440.000000	96.397	25.8921
4500.000000	96.406	27.0884
4550.000000	96.427	28.1125
4620.000000	96.483	29.6001
4680.000000	96.566	30.9022
4750.000000	96.715	32.3615
4820.000000	96.922	33.6036
4870.000000	97.100	34.2724
4940.000000	97.372	34.8314
5000.000000	97.612	34.9491
5080.000000	97.920	34.6415
5150.000000	98.164	34.0262
5220.000000	98.378	33.1956
5300.000000	98.588	32.1087
5380.000000	98.781	30.9646
5450.000000	98.954	29.8702
5520.000000	99.121	28.5502
5600.000000	99.291	26.9743
5700.000000	99.595	24.8521
5800.000000	99.954	20.9442
5900.000000	100.049	14.9868
6000.000000	99.659	8.9381
6080.000000	99.075	5.6273
6150.000000	98.509	4.2318
6220.000000	97.992	4.0188
6300.000000	97.535	4.7259
6400.000000	97.198	6.3099
6500.000000	97.090	8.0954
6600.000000	97.179	9.7131
6700.000000	97.450	10.8772
6800.000000	97.896	11.2723
6900.000000	98.509	10.4926
7000.000000	99.263	8.0267
7100.000000	100.100	3.1791
7200.000000	100.840	-4.7700
7300.000000	101.220	-15.5891
7400.000000	101.028	-27.9923
7500.000000	100.195	-40.0105
7620.000000	98.532	-51.4711
7750.000000	96.344	-59.0573
7880.000000	94.154	-62.3264
8000.000000	92.281	-62.7267
8120.000000	90.554	-61.5324
8250.000000	88.842	-59.0938
8380.000000	87.279	-55.7975
8500.000000	85.948	-51.9179
8620.000000	84.776	-47.0819
8750.000000	83.757	-41.8108
8850.000000	83.049	-37.9335
9000.000000	82.237	-31.7217
9120.000000	81.695	-28.8200
9250.000000	80.844	-25.5373
9380.000000	79.946	-19.8437
9500.000000	79.373	-12.8563
9620.000000	79.159	-5.9643
9750.000000	79.199	-0.0603
9880.000000	79.334	4.2190
10000.000000	79.464	7.1915
10150.000000	79.586	10.1454
10300.000000	79.680	13.0944
10440.000000	79.869	16.1806
10600.000000	80.324	19.1394
10750.000000	80.895	20.1875
10900.000000	81.441	19.6802
11060.000000	81.987	18.2449
11200.000000	82.485	16.1533
11380.000000	83.116	11.8926
11500.000000	83.500	7.9843
11720.000000	83.941	-1.8686
11800.000000	83.936	-6.0361
12060.000000	83.246	-18.7750
12200.000000	82.573	-23.9016
12410.000000	81.479	-28.4942
12500.000000	81.066	-29.4057
12650.000000	80.546	-29.8894
12800.000000	80.285	-29.6423
13150.000000	80.669	-29.7894
13200.000000	80.816	-30.1285
13400.000000	81.585	-32.5341
13600.000000	82.614	-36.7488
13800.000000	83.903	-43.1591
14000.000000	85.429	-52.4255
14300.000000	88.127	-73.1939
14500.000000	89.994	-94.0015
14750.000000	91.019	-128.9635
15000.000000	89.603	-164.3395
15250.000000	86.714	169.8754
15500.000000	84.035	153.6465
15750.000000	82.742	141.6770
16000.000000	82.548	125.1604
16250.000000	82.403	105.9124
16500.000000	82.601	85.0964
16750.000000	83.095	60.6776
17000.000000	83.534	31.6269
17250.000000	83.538	-1.6441
17500.000000	82.875	-37.5361
17750.000000	81.592	-74.2322
18000.000000	79.966	-110.9913
18250.000000	78.303	-148.7168
18500.000000	76.748	171.0834
18750.000000	75.286	127.0714
19000.000000	73.880	77.9087
19250.000000	72.473	22.1112
19500.000000	70.954	-41.8531
19750.000000	69.283	-117.8522
20000.000000	67.998	162.9404
