* Measurement data measured by REW V5.31.3
* Source: USB-C to 3.5mm Headphone Jack Adapter, USB-C to 3.5mm Headphone Jack Adapter, 0, volume: 0.295
* Format: 256k Log Swept Sine, 4 sweeps at -12.0 dBFS with no timing reference
* Dated: May 21, 2025 1:56:45 PM
* REW Settings:
*  C-weighting compensation: Off
*  Target level: 75.0 dB
* Note: ; 
* Measurement: Flo Audio Bluelover Epro L
* Smoothing: 1/24 octave
* Frequency Step: 1/48 octave
* Start Frequency: 20.300 Hz
*
* Freq(Hz)	SPL(dB)	Phase(degrees)
20.299999	104.100	17.9545
20.600000	104.110	17.2773
20.900000	104.119	16.5614
21.200001	104.128	15.8547
21.400000	104.135	15.3859
21.799999	104.152	14.4455
22.000000	104.161	13.9737
22.400000	104.179	13.0346
22.700001	104.189	12.3442
23.000000	104.195	11.6741
23.299999	104.199	11.0275
23.600000	104.199	10.4031
24.000000	104.196	9.5965
24.299999	104.193	9.0035
24.700001	104.187	8.2209
25.000000	104.182	7.6373
25.400000	104.175	6.8614
25.799999	104.170	6.0855
26.200001	104.166	5.3071
26.500000	104.162	4.7226
26.900000	104.155	3.9495
27.200001	104.148	3.3817
27.600000	104.135	2.6504
28.000000	104.120	1.9514
28.500000	104.102	1.1099
29.000000	104.085	0.2800
29.500000	104.065	-0.5504
30.000000	104.042	-1.3707
30.400000	104.022	-2.0082
30.700001	104.006	-2.4727
31.100000	103.986	-3.0764
31.500000	103.968	-3.6694
32.000000	103.944	-4.4087
32.500000	103.917	-5.1525
33.000000	103.882	-5.8891
33.500000	103.839	-6.5886
34.000000	103.795	-7.2263
34.500000	103.759	-7.8141
35.000000	103.736	-8.4014
35.500000	103.719	-9.0282
36.000000	103.696	-9.6783
36.500000	103.662	-10.2904
37.000000	103.621	-10.8250
37.500000	103.580	-11.3136
38.200001	103.524	-12.0563
38.700001	103.476	-12.6594
39.500000	103.384	-13.6062
40.000000	103.334	-14.1208
40.599998	103.294	-14.6982
41.200001	103.266	-15.2941
41.799999	103.231	-15.9021
42.500000	103.173	-16.5695
43.099998	103.113	-17.1038
43.700001	103.054	-17.6392
44.400002	102.992	-18.2909
45.000000	102.942	-18.8401
45.500000	102.898	-19.2473
46.200001	102.833	-19.7268
46.799999	102.776	-20.1434
47.500000	102.704	-20.7556
48.200001	102.630	-21.4376
48.700001	102.586	-21.8782
49.400002	102.533	-22.3632
50.000000	102.473	-22.5949
50.799999	102.360	-22.5688
51.500000	102.276	-22.5491
52.200001	102.219	-23.0438
53.000000	102.144	-24.1345
53.799999	102.062	-25.0602
54.500000	102.008	-25.5378
55.200001	101.954	-25.9005
56.000000	101.869	-26.2981
57.000000	101.755	-26.8124
58.000000	101.644	-27.3433
59.000000	101.532	-27.7549
60.000000	101.434	-28.1298
60.799999	101.356	-28.4813
61.500000	101.281	-28.8073
62.200001	101.204	-29.1551
63.000000	101.132	-29.6004
64.000000	101.067	-30.1419
65.000000	100.983	-30.4899
66.000000	100.842	-30.6398
67.000000	100.689	-30.8449
68.000000	100.572	-31.2321
69.000000	100.477	-31.5641
70.000000	100.379	-31.7349
71.000000	100.270	-31.8339
72.000000	100.157	-31.9784
73.000000	100.040	-32.2235
74.000000	99.931	-32.4179
75.000000	99.826	-32.4881
76.199997	99.661	-32.6528
77.500000	99.467	-33.4925
78.800003	99.296	-33.7577
80.000000	99.240	-32.9807
81.199997	99.155	-32.9639
82.500000	98.998	-33.0719
83.800003	98.887	-32.7342
85.000000	98.751	-32.5304
86.199997	98.591	-32.5331
87.500000	98.441	-32.4312
88.500000	98.373	-32.1408
90.000000	98.262	-31.7279
91.199997	98.127	-31.4535
92.500000	98.043	-31.1741
93.800003	98.036	-30.8882
95.000000	98.002	-30.6870
96.199997	97.926	-30.6773
97.500000	97.837	-30.7820
98.800003	97.744	-31.1530
100.000000	97.633	-31.4096
101.500000	97.542	-30.9721
103.000000	97.503	-30.5855
104.400002	97.381	-30.4280
106.000000	97.190	-29.6687
107.500000	97.063	-29.0720
109.000000	96.965	-28.6973
110.599998	96.866	-28.1694
112.000000	96.781	-27.7102
113.800003	96.687	-27.2404
115.000000	96.633	-26.8724
117.199997	96.524	-26.2105
118.000000	96.486	-26.0456
120.599998	96.357	-25.3403
122.000000	96.286	-24.8966
124.099998	96.193	-24.1862
125.000000	96.157	-23.8525
126.500000	96.097	-23.3147
128.000000	96.038	-22.7692
131.500000	95.931	-21.6033
132.000000	95.919	-21.4207
134.000000	95.873	-20.7032
136.000000	95.826	-20.0157
138.000000	95.776	-19.2929
140.000000	95.739	-18.6618
143.000000	95.700	-17.6761
145.000000	95.673	-17.0174
147.500000	95.655	-16.1383
150.000000	95.652	-15.3246
152.500000	95.639	-14.4596
155.000000	95.645	-13.6177
157.500000	95.634	-12.7875
160.000000	95.630	-11.9905
162.500000	95.641	-11.2734
165.000000	95.656	-10.5454
167.500000	95.682	-9.8031
170.000000	95.720	-9.1446
172.500000	95.760	-8.5394
175.000000	95.806	-8.0043
177.500000	95.854	-7.5586
180.000000	95.900	-7.1827
182.500000	95.940	-6.8654
185.000000	95.972	-6.5402
187.500000	96.005	-6.2504
190.000000	96.035	-6.0390
192.500000	96.063	-5.8069
195.000000	96.091	-5.5305
197.500000	96.117	-5.2452
200.000000	96.145	-4.9888
203.000000	96.175	-4.6918
206.000000	96.211	-4.3826
209.000000	96.252	-4.1027
212.000000	96.294	-3.8244
214.000000	96.325	-3.6883
218.000000	96.384	-3.4519
220.000000	96.415	-3.3168
224.000000	96.480	-3.1268
227.000000	96.519	-3.0162
230.000000	96.558	-2.8946
233.000000	96.598	-2.8377
236.000000	96.632	-2.8219
240.000000	96.666	-2.7697
243.000000	96.693	-2.7057
247.000000	96.734	-2.6340
250.000000	96.764	-2.6093
254.000000	96.800	-2.5997
258.000000	96.829	-2.5776
262.000000	96.858	-2.5732
265.000000	96.879	-2.5921
269.000000	96.903	-2.6246
272.000000	96.919	-2.6401
276.000000	96.938	-2.6670
280.000000	96.954	-2.7107
285.000000	96.971	-2.7794
290.000000	96.990	-2.8613
295.000000	97.006	-2.9359
300.000000	97.017	-2.9987
304.000000	97.026	-3.0557
307.000000	97.032	-3.1001
311.000000	97.038	-3.1517
315.000000	97.040	-3.2014
320.000000	97.041	-3.2807
325.000000	97.044	-3.3599
330.000000	97.048	-3.4454
335.000000	97.049	-3.5254
340.000000	97.046	-3.5957
345.000000	97.043	-3.6681
350.000000	97.039	-3.7489
355.000000	97.032	-3.8208
360.000000	97.023	-3.8878
365.000000	97.014	-3.9591
370.000000	97.003	-4.0274
375.000000	96.991	-4.0874
382.000000	96.972	-4.1706
387.000000	96.958	-4.2306
395.000000	96.932	-4.3130
400.000000	96.915	-4.3598
406.000000	96.895	-4.4068
412.000000	96.873	-4.4429
418.000000	96.850	-4.4772
425.000000	96.822	-4.5163
431.000000	96.797	-4.5468
437.000000	96.771	-4.5719
444.000000	96.740	-4.5930
450.000000	96.712	-4.6058
455.000000	96.688	-4.6137
462.000000	96.652	-4.6175
468.000000	96.621	-4.6110
475.000000	96.583	-4.5936
482.000000	96.544	-4.5609
487.000000	96.516	-4.5300
494.000000	96.476	-4.4796
500.000000	96.442	-4.4284
508.000000	96.395	-4.3451
515.000000	96.355	-4.2583
522.000000	96.314	-4.1621
530.000000	96.267	-4.0412
538.000000	96.220	-3.9044
545.000000	96.179	-3.7717
552.000000	96.139	-3.6306
560.000000	96.092	-3.4597
570.000000	96.035	-3.2276
580.000000	95.978	-2.9787
590.000000	95.921	-2.7104
600.000000	95.865	-2.4223
608.000000	95.821	-2.1799
615.000000	95.783	-1.9595
622.000000	95.745	-1.7302
630.000000	95.703	-1.4562
640.000000	95.652	-1.0971
650.000000	95.602	-0.7224
660.000000	95.554	-0.3387
670.000000	95.508	0.0583
680.000000	95.462	0.4687
690.000000	95.418	0.8966
700.000000	95.376	1.3406
710.000000	95.336	1.7970
720.000000	95.297	2.2657
730.000000	95.260	2.7502
740.000000	95.225	3.2472
750.000000	95.193	3.7562
762.000000	95.157	4.3828
775.000000	95.123	5.0827
788.000000	95.092	5.7964
800.000000	95.066	6.4662
812.000000	95.042	7.1443
825.000000	95.019	7.8895
838.000000	95.000	8.6426
850.000000	94.988	9.3435
862.000000	94.980	10.0435
875.000000	94.978	10.8000
885.000000	94.979	11.3815
900.000000	94.988	12.2459
912.000000	95.001	12.9267
925.000000	95.020	13.6521
938.000000	95.044	14.3623
950.000000	95.071	14.9994
962.000000	95.101	15.6173
975.000000	95.138	16.2642
988.000000	95.178	16.8847
1000.000000	95.218	17.4326
1015.000000	95.270	18.0821
1030.000000	95.326	18.6896
1044.000000	95.379	19.2202
1060.000000	95.442	19.7809
1075.000000	95.501	20.2658
1090.000000	95.560	20.7127
1106.000000	95.622	21.1475
1120.000000	95.675	21.4975
1138.000000	95.740	21.9114
1150.000000	95.782	22.1688
1172.000000	95.854	22.6044
1180.000000	95.879	22.7534
1206.000000	95.954	23.2136
1220.000000	95.992	23.4467
1241.000000	96.046	23.7856
1250.000000	96.070	23.9277
1265.000000	96.110	24.1630
1280.000000	96.151	24.3990
1315.000000	96.239	24.9595
1320.000000	96.251	25.0411
1340.000000	96.297	25.3740
1360.000000	96.341	25.7209
1380.000000	96.384	26.0818
1400.000000	96.426	26.4533
1430.000000	96.489	27.0352
1450.000000	96.530	27.4398
1475.000000	96.583	27.9610
1500.000000	96.637	28.4984
1525.000000	96.692	29.0540
1550.000000	96.748	29.6255
1575.000000	96.807	30.2154
1600.000000	96.867	30.8306
1625.000000	96.928	31.4657
1650.000000	96.992	32.1088
1675.000000	97.062	32.7577
1700.000000	97.137	33.4136
1725.000000	97.219	34.0775
1750.000000	97.310	34.7349
1775.000000	97.409	35.3652
1800.000000	97.514	35.9546
1825.000000	97.623	36.5087
1850.000000	97.734	37.0370
1875.000000	97.849	37.5484
1900.000000	97.968	38.0454
1925.000000	98.091	38.5228
1950.000000	98.220	38.9784
1975.000000	98.355	39.4053
2000.000000	98.494	39.8010
2030.000000	98.669	40.2388
2060.000000	98.852	40.6372
2090.000000	99.045	40.9918
2120.000000	99.250	41.2860
2140.000000	99.393	41.4343
2180.000000	99.691	41.5733
2200.000000	99.844	41.5533
2240.000000	100.149	41.3435
2270.000000	100.376	41.0582
2300.000000	100.601	40.6729
2330.000000	100.826	40.1835
2360.000000	101.049	39.5826
2400.000000	101.342	38.5937
2430.000000	101.556	37.7017
2470.000000	101.830	36.3000
2500.000000	102.024	35.0853
2540.000000	102.262	33.2506
2580.000000	102.469	31.1823
2620.000000	102.634	28.9069
2650.000000	102.727	27.0885
2690.000000	102.803	24.5659
2720.000000	102.822	22.6442
2760.000000	102.797	20.1120
2800.000000	102.718	17.6944
2850.000000	102.558	14.9305
2900.000000	102.350	12.5000
2950.000000	102.113	10.3820
3000.000000	101.857	8.5266
3040.000000	101.642	7.2023
3070.000000	101.474	6.2913
3110.000000	101.243	5.1761
3150.000000	101.002	4.1661
3200.000000	100.684	3.0488
3250.000000	100.343	2.1167
3300.000000	99.972	1.4359
3350.000000	99.576	1.1142
3400.000000	99.169	1.2649
3450.000000	98.779	1.9265
3500.000000	98.432	2.9973
3550.000000	98.140	4.3146
3600.000000	97.898	5.7389
3650.000000	97.698	7.1963
3700.000000	97.532	8.6674
3750.000000	97.395	10.1487
3820.000000	97.254	12.2151
3870.000000	97.190	13.6384
3950.000000	97.134	15.7086
4000.000000	97.115	16.8571
4060.000000	97.096	18.1335
4120.000000	97.081	19.3553
4180.000000	97.079	20.5537
4250.000000	97.097	21.9050
4310.000000	97.132	22.9824
4370.000000	97.180	23.9618
4440.000000	97.247	24.9908
4500.000000	97.310	25.8034
4550.000000	97.369	26.4531
4620.000000	97.464	27.3453
4680.000000	97.566	28.0900
4750.000000	97.720	28.8820
4820.000000	97.914	29.4749
4870.000000	98.075	29.6982
4940.000000	98.317	29.6553
5000.000000	98.526	29.2680
5080.000000	98.784	28.2915
5150.000000	98.978	27.0910
5220.000000	99.135	25.6631
5300.000000	99.276	23.8518
5380.000000	99.390	21.8890
5450.000000	99.481	19.9419
5520.000000	99.541	17.6099
5600.000000	99.535	14.6698
5700.000000	99.465	10.5798
5800.000000	99.193	5.4225
5900.000000	98.518	0.4979
6000.000000	97.525	-2.1592
6080.000000	96.697	-2.1917
6150.000000	96.059	-1.0450
6220.000000	95.539	0.7661
6300.000000	95.097	3.2289
6400.000000	94.747	6.4978
6500.000000	94.572	9.7408
6600.000000	94.534	12.8432
6700.000000	94.617	15.7329
6800.000000	94.817	18.3364
6900.000000	95.133	20.5694
7000.000000	95.579	22.3867
7100.000000	96.194	23.4825
7200.000000	96.951	23.1806
7300.000000	97.794	21.2139
7400.000000	98.673	17.1512
7500.000000	99.464	10.5405
7620.000000	100.030	-0.6229
7750.000000	99.854	-14.8767
7880.000000	98.781	-28.0475
8000.000000	97.222	-36.9637
8120.000000	95.412	-42.2732
8250.000000	93.437	-44.6540
8380.000000	91.584	-44.4683
8500.000000	90.018	-42.3712
8620.000000	88.685	-38.6235
8750.000000	87.559	-34.3386
8850.000000	86.819	-30.8020
9000.000000	86.074	-26.2419
9120.000000	85.420	-24.6782
9250.000000	84.466	-21.7059
9380.000000	83.556	-16.1510
9500.000000	83.036	-9.3435
9620.000000	82.919	-2.8672
9750.000000	83.076	2.2554
9880.000000	83.306	5.5716
10000.000000	83.507	7.6741
10150.000000	83.737	9.7786
10300.000000	84.049	11.8646
10440.000000	84.530	13.2738
10600.000000	85.265	12.9000
10750.000000	85.947	10.1844
10900.000000	86.505	5.7119
11060.000000	86.929	-0.5819
11200.000000	87.107	-7.1001
11380.000000	87.054	-16.1968
11500.000000	86.836	-22.6438
11720.000000	85.900	-34.0703
11800.000000	85.414	-37.5155
12060.000000	83.636	-45.2063
12200.000000	82.701	-47.3497
12410.000000	81.479	-48.5819
12500.000000	81.049	-48.5582
12650.000000	80.490	-48.0340
12800.000000	80.137	-47.1907
13150.000000	80.084	-45.8701
13200.000000	80.155	-45.9017
13400.000000	80.606	-46.8587
13600.000000	81.258	-49.4341
13800.000000	82.003	-53.5745
14000.000000	82.886	-58.3662
14300.000000	84.895	-68.2660
14500.000000	86.548	-78.7978
14750.000000	88.773	-97.2119
15000.000000	90.650	-122.7957
15250.000000	91.374	-152.8688
15500.000000	91.201	178.3853
15750.000000	91.038	150.7527
16000.000000	90.861	122.5104
16250.000000	90.884	93.0192
16500.000000	90.870	60.5479
16750.000000	90.322	25.5157
17000.000000	89.091	-9.9572
17250.000000	87.422	-44.4991
17500.000000	85.620	-78.3815
17750.000000	83.778	-112.3600
18000.000000	81.911	-146.6981
18250.000000	80.308	177.8736
18500.000000	79.305	138.7951
18750.000000	78.774	93.2997
19000.000000	78.292	39.7995
19250.000000	77.401	-22.2365
19500.000000	75.703	-92.4523
19750.000000	73.079	-172.1638
20000.000000	70.547	105.0599
