* Measurement data measured by REW V5.31.3
* Source: USB-C to 3.5mm Headphone Jack Adapter, USB-C to 3.5mm Headphone Jack Adapter, 0, volume: 0.295
* Format: 256k Log Swept Sine, 4 sweeps at -12.0 dBFS with no timing reference
* Dated: Mar 2, 2025 11:23:50 PM
* REW Settings:
*  C-weighting compensation: Off
*  Target level: 75.0 dB
* Note: ; 
* Measurement: L Flo Audio Bluelover W1
* Smoothing: 1/24 octave
* Frequency Step: 1/48 octave
* Start Frequency: 20.300 Hz
*
* Freq(Hz)	SPL(dB)	Phase(degrees)
20.299999	103.204	17.7511
20.600000	103.219	17.0880
20.900000	103.232	16.3800
21.200001	103.244	15.6745
21.400000	103.251	15.2045
21.799999	103.266	14.2611
22.000000	103.272	13.7881
22.400000	103.284	12.8455
22.700001	103.291	12.1484
23.000000	103.296	11.4657
23.299999	103.300	10.8011
23.600000	103.302	10.1559
24.000000	103.304	9.3240
24.299999	103.305	8.7175
24.700001	103.308	7.9240
25.000000	103.309	7.3356
25.400000	103.308	6.5558
25.799999	103.304	5.7818
26.200001	103.296	5.0178
26.500000	103.288	4.4544
26.900000	103.277	3.7175
27.200001	103.267	3.1749
27.600000	103.255	2.4621
28.000000	103.243	1.7600
28.500000	103.227	0.8993
29.000000	103.209	0.0631
29.500000	103.190	-0.7478
30.000000	103.169	-1.5409
30.400000	103.151	-2.1672
30.700001	103.137	-2.6323
31.100000	103.118	-3.2435
31.500000	103.098	-3.8418
32.000000	103.072	-4.5718
32.500000	103.044	-5.2853
33.000000	103.013	-5.9841
33.500000	102.980	-6.6679
34.000000	102.948	-7.3432
34.500000	102.918	-8.0189
35.000000	102.888	-8.6890
35.500000	102.854	-9.3291
36.000000	102.819	-9.9257
36.500000	102.785	-10.5024
37.000000	102.749	-11.0987
37.500000	102.710	-11.7196
38.200001	102.654	-12.5509
38.700001	102.627	-13.0868
39.500000	102.606	-13.9568
40.000000	102.583	-14.5518
40.599998	102.524	-15.2364
41.200001	102.445	-15.7975
41.799999	102.373	-16.2788
42.500000	102.311	-16.9013
43.099998	102.262	-17.5088
43.700001	102.207	-18.0941
44.400002	102.141	-18.6841
45.000000	102.088	-19.1642
45.500000	102.044	-19.5905
46.200001	101.977	-20.2141
46.799999	101.918	-20.7301
47.500000	101.853	-21.3400
48.200001	101.782	-22.0281
48.700001	101.721	-22.5198
49.400002	101.630	-23.0688
50.000000	101.572	-23.4036
50.799999	101.520	-23.8599
51.500000	101.463	-24.3279
52.200001	101.387	-24.7602
53.000000	101.302	-25.2202
53.799999	101.222	-25.7294
54.500000	101.151	-26.1679
55.200001	101.079	-26.5633
56.000000	100.998	-27.0110
57.000000	100.890	-27.5808
58.000000	100.783	-28.1034
59.000000	100.678	-28.5895
60.000000	100.572	-29.0714
60.799999	100.488	-29.4440
61.500000	100.414	-29.7490
62.200001	100.340	-30.0370
63.000000	100.251	-30.3442
64.000000	100.137	-30.6978
65.000000	100.029	-31.0863
66.000000	99.917	-31.5092
67.000000	99.803	-31.8559
68.000000	99.692	-32.1343
69.000000	99.576	-32.4041
70.000000	99.460	-32.6487
71.000000	99.348	-32.8380
72.000000	99.233	-32.9898
73.000000	99.116	-33.1692
74.000000	99.008	-33.3531
75.000000	98.908	-33.4661
76.199997	98.771	-33.5340
77.500000	98.656	-33.6868
78.800003	98.571	-33.0782
80.000000	98.551	-32.1499
81.199997	98.379	-32.5544
82.500000	98.114	-32.7010
83.800003	98.002	-32.6030
85.000000	97.922	-32.5363
86.199997	97.861	-32.5868
87.500000	97.792	-32.6606
88.500000	97.729	-32.7172
90.000000	97.618	-32.9553
91.199997	97.515	-33.0444
92.500000	97.416	-32.9113
93.800003	97.337	-32.8991
95.000000	97.251	-33.0231
96.199997	97.139	-33.0713
97.500000	97.024	-32.9103
98.800003	96.941	-32.4502
100.000000	96.872	-32.1127
101.500000	96.711	-32.2377
103.000000	96.552	-32.2865
104.400002	96.440	-32.0473
106.000000	96.316	-31.7295
107.500000	96.198	-31.4548
109.000000	96.075	-31.1566
110.599998	95.954	-30.8240
112.000000	95.861	-30.4894
113.800003	95.742	-29.9681
115.000000	95.659	-29.5922
117.199997	95.510	-28.9127
118.000000	95.459	-28.6642
120.599998	95.310	-27.8233
122.000000	95.230	-27.3186
124.099998	95.115	-26.5614
125.000000	95.073	-26.2587
126.500000	95.012	-25.7551
128.000000	94.952	-25.2264
131.500000	94.823	-23.9143
132.000000	94.806	-23.7261
134.000000	94.744	-22.9617
136.000000	94.683	-22.1828
138.000000	94.626	-21.4066
140.000000	94.575	-20.6599
143.000000	94.533	-19.5830
145.000000	94.506	-18.7854
147.500000	94.475	-17.8366
150.000000	94.451	-16.9001
152.500000	94.426	-16.1273
155.000000	94.437	-15.2846
157.500000	94.457	-13.9384
160.000000	94.466	-11.8989
162.500000	94.468	-11.9776
165.000000	94.475	-12.1548
167.500000	94.498	-11.6630
170.000000	94.526	-11.1076
172.500000	94.549	-10.5468
175.000000	94.567	-10.0534
177.500000	94.583	-9.5890
180.000000	94.607	-9.1463
182.500000	94.634	-8.6706
185.000000	94.659	-8.2186
187.500000	94.680	-7.7952
190.000000	94.703	-7.3843
192.500000	94.731	-6.9911
195.000000	94.761	-6.6106
197.500000	94.788	-6.2529
200.000000	94.817	-5.9270
203.000000	94.858	-5.6143
206.000000	94.898	-5.3058
209.000000	94.936	-5.0028
212.000000	94.976	-4.7157
214.000000	95.003	-4.5490
218.000000	95.056	-4.2441
220.000000	95.082	-4.0935
224.000000	95.134	-3.8054
227.000000	95.170	-3.6149
230.000000	95.206	-3.4495
233.000000	95.242	-3.2994
236.000000	95.275	-3.1662
240.000000	95.318	-3.0007
243.000000	95.350	-2.8981
247.000000	95.390	-2.7707
250.000000	95.418	-2.6813
254.000000	95.453	-2.5906
258.000000	95.485	-2.5216
262.000000	95.516	-2.4602
265.000000	95.539	-2.4181
269.000000	95.567	-2.3698
272.000000	95.586	-2.3464
276.000000	95.610	-2.3278
280.000000	95.632	-2.3177
285.000000	95.657	-2.3179
290.000000	95.680	-2.3204
295.000000	95.701	-2.3245
300.000000	95.720	-2.3359
304.000000	95.734	-2.3580
307.000000	95.743	-2.3762
311.000000	95.755	-2.4038
315.000000	95.764	-2.4358
320.000000	95.773	-2.4883
325.000000	95.782	-2.5343
330.000000	95.789	-2.5857
335.000000	95.794	-2.6454
340.000000	95.796	-2.7011
345.000000	95.796	-2.7512
350.000000	95.794	-2.8015
355.000000	95.790	-2.8566
360.000000	95.785	-2.9068
365.000000	95.780	-2.9534
370.000000	95.772	-2.9981
375.000000	95.763	-3.0395
382.000000	95.749	-3.0902
387.000000	95.737	-3.1211
395.000000	95.717	-3.1700
400.000000	95.703	-3.1967
406.000000	95.686	-3.2202
412.000000	95.667	-3.2420
418.000000	95.647	-3.2654
425.000000	95.623	-3.2800
431.000000	95.600	-3.2813
437.000000	95.577	-3.2834
444.000000	95.549	-3.2800
450.000000	95.524	-3.2667
455.000000	95.502	-3.2457
462.000000	95.471	-3.2096
468.000000	95.443	-3.1769
475.000000	95.411	-3.1297
482.000000	95.377	-3.0696
487.000000	95.353	-3.0191
494.000000	95.318	-2.9458
500.000000	95.289	-2.8778
508.000000	95.249	-2.7734
515.000000	95.214	-2.6717
522.000000	95.179	-2.5639
530.000000	95.139	-2.4316
538.000000	95.098	-2.2864
545.000000	95.062	-2.1513
552.000000	95.026	-2.0090
560.000000	94.985	-1.8335
570.000000	94.933	-1.5995
580.000000	94.882	-1.3493
590.000000	94.830	-1.0799
600.000000	94.779	-0.7968
608.000000	94.739	-0.5537
615.000000	94.705	-0.3343
622.000000	94.670	-0.1084
630.000000	94.631	0.1618
640.000000	94.583	0.5126
650.000000	94.536	0.8765
660.000000	94.490	1.2602
670.000000	94.445	1.6589
680.000000	94.402	2.0696
690.000000	94.360	2.4967
700.000000	94.320	2.9381
710.000000	94.282	3.3965
720.000000	94.244	3.8683
730.000000	94.209	4.3494
740.000000	94.176	4.8430
750.000000	94.145	5.3535
762.000000	94.110	5.9835
775.000000	94.077	6.6806
788.000000	94.047	7.3911
800.000000	94.021	8.0644
812.000000	93.997	8.7530
825.000000	93.973	9.5132
838.000000	93.955	10.2778
850.000000	93.942	10.9872
862.000000	93.933	11.7010
875.000000	93.929	12.4786
885.000000	93.930	13.0803
900.000000	93.938	13.9789
912.000000	93.950	14.6885
925.000000	93.969	15.4476
938.000000	93.993	16.1941
950.000000	94.020	16.8705
962.000000	94.051	17.5292
975.000000	94.089	18.2182
988.000000	94.132	18.8836
1000.000000	94.175	19.4756
1015.000000	94.232	20.1776
1030.000000	94.293	20.8351
1044.000000	94.352	21.4115
1060.000000	94.422	22.0251
1075.000000	94.489	22.5513
1090.000000	94.556	23.0305
1106.000000	94.628	23.4977
1120.000000	94.689	23.8740
1138.000000	94.766	24.3139
1150.000000	94.815	24.5789
1172.000000	94.902	25.0165
1180.000000	94.931	25.1637
1206.000000	95.022	25.6047
1220.000000	95.066	25.8238
1241.000000	95.130	26.1372
1250.000000	95.157	26.2685
1265.000000	95.203	26.4843
1280.000000	95.249	26.6973
1315.000000	95.347	27.2031
1320.000000	95.360	27.2772
1340.000000	95.411	27.5800
1360.000000	95.459	27.8950
1380.000000	95.504	28.2242
1400.000000	95.549	28.5701
1430.000000	95.613	29.1148
1450.000000	95.656	29.4947
1475.000000	95.709	29.9934
1500.000000	95.763	30.5119
1525.000000	95.819	31.0468
1550.000000	95.877	31.6015
1575.000000	95.936	32.1707
1600.000000	95.995	32.7562
1625.000000	96.053	33.3639
1650.000000	96.115	33.9916
1675.000000	96.183	34.6314
1700.000000	96.257	35.2707
1725.000000	96.338	35.9021
1750.000000	96.424	36.5187
1775.000000	96.515	37.1193
1800.000000	96.610	37.7041
1825.000000	96.710	38.2726
1850.000000	96.814	38.8274
1875.000000	96.922	39.3672
1900.000000	97.035	39.8896
1925.000000	97.153	40.3898
1950.000000	97.276	40.8646
1975.000000	97.404	41.3129
2000.000000	97.538	41.7326
2030.000000	97.707	42.1917
2060.000000	97.883	42.5972
2090.000000	98.066	42.9447
2120.000000	98.254	43.2293
2140.000000	98.382	43.3816
2180.000000	98.645	43.5902
2200.000000	98.779	43.6440
2240.000000	99.051	43.6440
2270.000000	99.257	43.5461
2300.000000	99.465	43.3609
2330.000000	99.672	43.0876
2360.000000	99.878	42.7291
2400.000000	100.151	42.1295
2430.000000	100.356	41.5974
2470.000000	100.635	40.7745
2500.000000	100.855	40.0297
2540.000000	101.163	38.7314
2580.000000	101.460	36.9373
2620.000000	101.707	34.6513
2650.000000	101.841	32.7204
2690.000000	101.945	30.0372
2720.000000	101.971	28.0386
2760.000000	101.946	25.4895
2800.000000	101.863	23.1479
2850.000000	101.702	20.5845
2900.000000	101.504	18.4341
2950.000000	101.288	16.6372
3000.000000	101.068	15.1070
3040.000000	100.888	14.0221
3070.000000	100.751	13.2702
3110.000000	100.562	12.3435
3150.000000	100.363	11.5165
3200.000000	100.101	10.6607
3250.000000	99.828	10.0400
3300.000000	99.553	9.6642
3350.000000	99.283	9.5166
3400.000000	99.021	9.5661
3450.000000	98.770	9.7871
3500.000000	98.530	10.1652
3550.000000	98.303	10.6910
3600.000000	98.091	11.3569
3650.000000	97.897	12.1527
3700.000000	97.723	13.0618
3750.000000	97.573	14.0570
3820.000000	97.406	15.5162
3870.000000	97.315	16.5460
3950.000000	97.204	18.0949
4000.000000	97.147	19.0030
4060.000000	97.085	20.0515
4120.000000	97.032	21.0592
4180.000000	96.988	22.0186
4250.000000	96.945	23.0633
4310.000000	96.907	23.9048
4370.000000	96.862	24.7448
4440.000000	96.799	25.8286
4500.000000	96.745	26.9446
4550.000000	96.713	28.0502
4620.000000	96.711	29.8492
4680.000000	96.769	31.5182
4750.000000	96.920	33.4052
4820.000000	97.153	34.9939
4870.000000	97.357	35.8413
4940.000000	97.673	36.5549
5000.000000	97.953	36.7244
5080.000000	98.314	36.3835
5150.000000	98.603	35.6517
5220.000000	98.859	34.6209
5300.000000	99.112	33.1945
5380.000000	99.339	31.5716
5450.000000	99.526	29.9159
5520.000000	99.680	27.9255
5600.000000	99.800	25.5642
5700.000000	99.987	22.3161
5800.000000	100.094	17.3510
5900.000000	99.816	11.3336
6000.000000	99.083	6.6146
6080.000000	98.334	4.9306
6150.000000	97.708	4.9460
6220.000000	97.181	5.9445
6300.000000	96.740	7.7595
6400.000000	96.422	10.4410
6500.000000	96.314	13.1784
6600.000000	96.379	15.7457
6700.000000	96.601	17.9794
6800.000000	96.977	19.6972
6900.000000	97.505	20.6717
7000.000000	98.191	20.6121
7100.000000	99.036	18.9783
7200.000000	99.958	14.9162
7300.000000	100.788	8.0368
7400.000000	101.331	-1.5615
7500.000000	101.378	-12.9952
7620.000000	100.652	-26.6923
7750.000000	99.091	-38.4920
7880.000000	97.146	-45.7979
8000.000000	95.308	-49.0143
8120.000000	93.547	-49.7827
8250.000000	91.783	-48.7638
8380.000000	90.182	-46.4018
8500.000000	88.835	-43.1096
8620.000000	87.667	-38.6895
8750.000000	86.671	-33.7254
8850.000000	85.996	-29.9545
9000.000000	85.280	-23.9241
9120.000000	84.818	-21.2932
9250.000000	84.056	-18.2510
9380.000000	83.259	-12.7931
9500.000000	82.792	-5.9993
9620.000000	82.700	0.7249
9750.000000	82.891	6.4177
9880.000000	83.194	10.4172
10000.000000	83.492	13.0716
10150.000000	83.848	15.5291
10300.000000	84.211	17.8165
10440.000000	84.691	20.0264
10600.000000	85.512	21.5223
10750.000000	86.437	20.6408
10900.000000	87.329	17.5221
11060.000000	88.188	12.3040
11200.000000	88.827	6.1279
11380.000000	89.357	-3.7273
11500.000000	89.494	-11.0263
11720.000000	89.193	-25.1111
11800.000000	88.882	-29.8763
12060.000000	87.460	-41.7474
12200.000000	86.654	-45.8135
12410.000000	85.630	-49.6957
12500.000000	85.294	-50.8222
12650.000000	84.896	-52.3236
12800.000000	84.702	-53.6685
13150.000000	84.988	-57.9897
13200.000000	85.107	-58.8982
13400.000000	85.766	-63.6448
13600.000000	86.675	-70.7571
13800.000000	87.715	-81.1001
14000.000000	88.628	-95.1308
14300.000000	89.178	-120.8545
14500.000000	88.977	-138.8884
14750.000000	88.050	-160.5276
15000.000000	86.659	-177.8893
15250.000000	85.593	168.6481
15500.000000	85.169	156.8748
15750.000000	85.898	144.5178
16000.000000	87.268	125.0372
16250.000000	88.624	100.7250
16500.000000	90.151	71.8523
16750.000000	91.389	37.0813
17000.000000	91.824	-2.2870
17250.000000	91.394	-43.5365
17500.000000	90.423	-85.2531
17750.000000	89.151	-127.8019
18000.000000	87.567	-171.5056
18250.000000	85.823	143.4103
18500.000000	84.202	95.1239
18750.000000	82.384	42.0744
19000.000000	79.902	-15.0561
19250.000000	76.732	-75.6021
19500.000000	73.062	-140.2395
19750.000000	69.107	147.7444
20000.000000	65.879	72.4905
