* Measurement data measured by REW V5.31.3
* Source: USB-C to 3.5mm Headphone Jack Adapter, USB-C to 3.5mm Headphone Jack Adapter, 0, volume: 0.295
* Format: 256k Log Swept Sine, 4 sweeps at -12.0 dBFS with no timing reference
* Dated: May 15, 2025 9:28:39 AM
* REW Settings:
*  C-weighting compensation: Off
*  Target level: 75.0 dB
* Note: ; 
* Measurement: Floaudio Calla R
* Smoothing: 1/24 octave
* Frequency Step: 1/48 octave
* Start Frequency: 20.300 Hz
*
* Freq(Hz)	SPL(dB)	Phase(degrees)
20.299999	104.118	-170.5748
20.600000	104.121	-171.0278
20.900000	104.120	-171.5098
21.200001	104.116	-171.9842
21.400000	104.113	-172.2940
21.799999	104.106	-172.8928
22.000000	104.104	-173.1802
22.400000	104.103	-173.7349
22.700001	104.106	-174.1454
23.000000	104.113	-174.5662
23.299999	104.121	-175.0077
23.600000	104.127	-175.4710
24.000000	104.130	-176.1042
24.299999	104.128	-176.5676
24.700001	104.121	-177.1392
25.000000	104.115	-177.5266
25.400000	104.111	-178.0034
25.799999	104.110	-178.4695
26.200001	104.109	-178.9551
26.500000	104.106	-179.3353
26.900000	104.095	-179.8481
27.200001	104.084	179.7771
27.600000	104.068	179.3031
28.000000	104.056	178.8546
28.500000	104.049	178.3029
29.000000	104.045	177.7387
29.500000	104.035	177.1744
30.000000	104.018	176.6414
30.400000	104.001	176.2438
30.700001	103.989	175.9546
31.100000	103.975	175.5656
31.500000	103.963	175.1620
32.000000	103.946	174.6455
32.500000	103.928	174.1483
33.000000	103.910	173.6931
33.500000	103.895	173.2657
34.000000	103.882	172.8337
34.500000	103.867	172.3852
35.000000	103.848	171.9371
35.500000	103.828	171.5085
36.000000	103.810	171.0978
36.500000	103.793	170.6935
37.000000	103.773	170.2951
37.500000	103.749	169.9132
38.200001	103.717	169.4014
38.700001	103.698	169.0220
39.500000	103.670	168.3629
40.000000	103.649	167.9519
40.599998	103.621	167.5057
41.200001	103.591	167.1078
41.799999	103.561	166.7113
42.500000	103.521	166.2021
43.099998	103.483	165.7384
43.700001	103.453	165.2714
44.400002	103.437	164.7072
45.000000	103.429	164.2089
45.500000	103.415	163.8344
46.200001	103.379	163.4688
46.799999	103.339	163.2938
47.500000	103.288	163.1104
48.200001	103.235	162.8251
48.700001	103.200	162.5460
49.400002	103.160	162.0825
50.000000	103.133	161.6675
50.799999	103.098	161.1720
51.500000	103.064	160.8048
52.200001	103.023	160.4588
53.000000	102.974	160.0555
53.799999	102.932	159.6347
54.500000	102.900	159.2657
55.200001	102.867	158.9242
56.000000	102.826	158.5636
57.000000	102.771	158.1282
58.000000	102.723	157.7238
59.000000	102.679	157.3027
60.000000	102.627	156.8650
60.799999	102.586	156.4788
61.500000	102.549	156.0805
62.200001	102.500	155.7015
63.000000	102.441	155.3918
64.000000	102.383	155.0703
65.000000	102.327	154.6640
66.000000	102.258	154.3184
67.000000	102.197	154.0363
68.000000	102.152	153.6653
69.000000	102.110	153.2651
70.000000	102.055	153.0001
71.000000	101.984	152.8510
72.000000	101.915	152.6420
73.000000	101.857	152.3012
74.000000	101.798	151.9510
75.000000	101.738	151.6585
76.199997	101.673	151.2960
77.500000	101.611	150.8853
78.800003	101.543	150.4431
80.000000	101.471	150.1074
81.199997	101.401	149.8995
82.500000	101.333	149.7239
83.800003	101.262	149.4520
85.000000	101.186	149.2349
86.199997	101.117	148.9785
87.500000	101.050	148.6363
88.500000	100.995	148.4446
90.000000	100.913	148.2825
91.199997	100.851	148.0560
92.500000	100.783	147.7805
93.800003	100.712	147.5435
95.000000	100.643	147.3335
96.199997	100.580	147.1403
97.500000	100.518	146.9482
98.800003	100.453	146.7969
100.000000	100.393	146.6466
101.500000	100.313	146.4264
103.000000	100.230	146.1828
104.400002	100.153	145.9862
106.000000	100.075	145.7870
107.500000	100.008	145.6112
109.000000	99.940	145.4255
110.599998	99.862	145.2625
112.000000	99.790	145.1428
113.800003	99.695	145.0094
115.000000	99.634	144.9411
117.199997	99.526	144.8038
118.000000	99.487	144.7486
120.599998	99.365	144.6292
122.000000	99.306	144.5501
124.099998	99.215	144.4579
125.000000	99.178	144.4457
126.500000	99.121	144.4089
128.000000	99.066	144.3669
131.500000	98.941	144.1841
132.000000	98.921	144.1433
134.000000	98.835	143.9896
136.000000	98.750	143.8515
138.000000	98.678	143.7813
140.000000	98.608	143.7045
143.000000	98.486	143.5616
145.000000	98.405	143.5083
147.500000	98.306	143.4085
150.000000	98.208	143.3887
152.500000	98.111	143.3948
155.000000	98.016	143.3637
157.500000	97.919	143.3764
160.000000	97.825	143.3972
162.500000	97.731	143.3945
165.000000	97.634	143.4574
167.500000	97.539	143.4967
170.000000	97.452	143.5243
172.500000	97.358	143.5422
175.000000	97.255	143.6098
177.500000	97.164	143.7522
180.000000	97.079	143.8600
182.500000	96.994	143.8979
185.000000	96.915	143.9733
187.500000	96.832	144.0701
190.000000	96.749	144.1803
192.500000	96.675	144.2604
195.000000	96.604	144.3441
197.500000	96.530	144.4307
200.000000	96.453	144.5189
203.000000	96.361	144.6479
206.000000	96.272	144.7805
209.000000	96.185	144.9290
212.000000	96.099	145.0924
214.000000	96.043	145.2025
218.000000	95.935	145.3980
220.000000	95.881	145.4951
224.000000	95.779	145.7469
227.000000	95.703	145.9372
230.000000	95.626	146.1083
233.000000	95.552	146.2684
236.000000	95.478	146.4462
240.000000	95.381	146.7260
243.000000	95.310	146.9340
247.000000	95.218	147.2099
250.000000	95.147	147.4095
254.000000	95.055	147.6655
258.000000	94.965	147.9250
262.000000	94.875	148.2250
265.000000	94.810	148.4474
269.000000	94.729	148.7493
272.000000	94.668	148.9768
276.000000	94.588	149.2726
280.000000	94.506	149.5726
285.000000	94.399	149.9684
290.000000	94.299	150.3813
295.000000	94.195	150.7981
300.000000	94.103	151.1935
304.000000	94.030	151.5165
307.000000	93.975	151.7604
311.000000	93.904	152.0920
315.000000	93.837	152.4255
320.000000	93.755	152.8729
325.000000	93.677	153.3212
330.000000	93.598	153.7444
335.000000	93.521	154.1564
340.000000	93.446	154.5888
345.000000	93.372	155.0126
350.000000	93.301	155.4474
355.000000	93.233	155.9119
360.000000	93.165	156.3734
365.000000	93.096	156.7756
370.000000	93.030	157.1869
375.000000	92.965	157.6231
382.000000	92.874	158.2656
387.000000	92.812	158.7258
395.000000	92.718	159.4421
400.000000	92.658	159.8945
406.000000	92.591	160.4364
412.000000	92.528	160.9820
418.000000	92.465	161.5450
425.000000	92.395	162.2045
431.000000	92.335	162.7451
437.000000	92.276	163.3034
444.000000	92.213	163.9610
450.000000	92.160	164.5127
455.000000	92.117	164.9772
462.000000	92.059	165.6241
468.000000	92.010	166.1713
475.000000	91.953	166.8085
482.000000	91.897	167.4467
487.000000	91.860	167.9031
494.000000	91.811	168.5498
500.000000	91.770	169.1072
508.000000	91.717	169.8460
515.000000	91.672	170.4823
522.000000	91.628	171.1116
530.000000	91.580	171.8533
538.000000	91.534	172.6032
545.000000	91.495	173.2493
552.000000	91.458	173.8953
560.000000	91.418	174.6340
570.000000	91.371	175.5645
580.000000	91.328	176.4919
590.000000	91.287	177.4222
600.000000	91.249	178.3477
608.000000	91.220	179.0916
615.000000	91.196	179.7479
622.000000	91.173	-179.5960
630.000000	91.149	-178.8525
640.000000	91.123	-177.9193
650.000000	91.100	-176.9765
660.000000	91.081	-176.0402
670.000000	91.066	-175.1004
680.000000	91.054	-174.1604
690.000000	91.044	-173.2207
700.000000	91.037	-172.2790
710.000000	91.035	-171.3430
720.000000	91.036	-170.4151
730.000000	91.042	-169.4858
740.000000	91.053	-168.5635
750.000000	91.070	-167.6617
762.000000	91.099	-166.6496
775.000000	91.135	-165.6923
788.000000	91.150	-164.9495
800.000000	91.110	-164.2703
812.000000	91.037	-163.1929
825.000000	90.996	-161.6040
838.000000	91.010	-159.9960
850.000000	91.049	-158.6406
862.000000	91.097	-157.3871
875.000000	91.155	-156.1011
885.000000	91.203	-155.1438
900.000000	91.278	-153.7359
912.000000	91.341	-152.6346
925.000000	91.413	-151.4622
938.000000	91.490	-150.2986
950.000000	91.568	-149.2341
962.000000	91.651	-148.1764
975.000000	91.752	-147.0489
988.000000	91.863	-145.9633
1000.000000	91.974	-145.0239
1015.000000	92.116	-143.9668
1030.000000	92.256	-143.0283
1044.000000	92.381	-142.2047
1060.000000	92.521	-141.2884
1075.000000	92.651	-140.4499
1090.000000	92.781	-139.6343
1106.000000	92.920	-138.7925
1120.000000	93.043	-138.0768
1138.000000	93.205	-137.1890
1150.000000	93.313	-136.6181
1172.000000	93.512	-135.6118
1180.000000	93.585	-135.2603
1206.000000	93.825	-134.1625
1220.000000	93.956	-133.5879
1241.000000	94.157	-132.7556
1250.000000	94.245	-132.4110
1265.000000	94.398	-131.8516
1280.000000	94.556	-131.3117
1315.000000	94.937	-130.1338
1320.000000	94.993	-129.9773
1340.000000	95.221	-129.3830
1360.000000	95.455	-128.8424
1380.000000	95.695	-128.3699
1400.000000	95.942	-127.9757
1430.000000	96.317	-127.5462
1450.000000	96.571	-127.3781
1475.000000	96.890	-127.3096
1500.000000	97.206	-127.4035
1525.000000	97.514	-127.6465
1550.000000	97.813	-128.0310
1575.000000	98.099	-128.5450
1600.000000	98.370	-129.1686
1625.000000	98.622	-129.8826
1650.000000	98.858	-130.6749
1675.000000	99.080	-131.5304
1700.000000	99.288	-132.4367
1725.000000	99.484	-133.3856
1750.000000	99.667	-134.3764
1775.000000	99.839	-135.4045
1800.000000	100.000	-136.4684
1825.000000	100.151	-137.5686
1850.000000	100.290	-138.7022
1875.000000	100.419	-139.8716
1900.000000	100.537	-141.0745
1925.000000	100.643	-142.3071
1950.000000	100.736	-143.5665
1975.000000	100.817	-144.8509
2000.000000	100.885	-146.1557
2030.000000	100.950	-147.7385
2060.000000	100.997	-149.3281
2090.000000	101.023	-150.9139
2120.000000	101.028	-152.4843
2140.000000	101.020	-153.5157
2180.000000	100.978	-155.5225
2200.000000	100.944	-156.4911
2240.000000	100.853	-158.3405
2270.000000	100.766	-159.6376
2300.000000	100.664	-160.8517
2330.000000	100.550	-161.9743
2360.000000	100.424	-163.0016
2400.000000	100.243	-164.2205
2430.000000	100.098	-165.0168
2470.000000	99.896	-165.9205
2500.000000	99.741	-166.4824
2540.000000	99.533	-167.0820
2580.000000	99.326	-167.5220
2620.000000	99.121	-167.8120
2650.000000	98.970	-167.9394
2690.000000	98.772	-168.0024
2720.000000	98.627	-167.9749
2760.000000	98.439	-167.8441
2800.000000	98.258	-167.6153
2850.000000	98.040	-167.1985
2900.000000	97.833	-166.6450
2950.000000	97.641	-165.9716
3000.000000	97.463	-165.1951
3040.000000	97.330	-164.5098
3070.000000	97.237	-163.9619
3110.000000	97.121	-163.1896
3150.000000	97.015	-162.3741
3200.000000	96.896	-161.3022
3250.000000	96.792	-160.1786
3300.000000	96.704	-159.0103
3350.000000	96.630	-157.8074
3400.000000	96.570	-156.5745
3450.000000	96.525	-155.3206
3500.000000	96.495	-154.0526
3550.000000	96.479	-152.7742
3600.000000	96.478	-151.4934
3650.000000	96.491	-150.2173
3700.000000	96.519	-148.9492
3750.000000	96.560	-147.6928
3820.000000	96.642	-145.9665
3870.000000	96.717	-144.7642
3950.000000	96.865	-142.9067
4000.000000	96.973	-141.7934
4060.000000	97.119	-140.5119
4120.000000	97.283	-139.2994
4180.000000	97.472	-138.1687
4250.000000	97.726	-136.9875
4310.000000	97.976	-136.1460
4370.000000	98.254	-135.5288
4440.000000	98.606	-135.1766
4500.000000	98.919	-135.2377
4550.000000	99.180	-135.5547
4620.000000	99.535	-136.3924
4680.000000	99.820	-137.4569
4750.000000	100.122	-139.0798
4820.000000	100.381	-141.0875
4870.000000	100.533	-142.7359
4940.000000	100.690	-145.2974
5000.000000	100.767	-147.6701
5080.000000	100.777	-150.9606
5150.000000	100.696	-153.8267
5220.000000	100.536	-156.5526
5300.000000	100.265	-159.3597
5380.000000	99.921	-161.7251
5450.000000	99.574	-163.3796
5520.000000	99.202	-164.6340
5600.000000	98.758	-165.5945
5700.000000	98.196	-166.1489
5800.000000	97.634	-166.0617
5900.000000	97.065	-165.3129
6000.000000	96.493	-163.4404
6080.000000	96.166	-160.6305
6150.000000	96.097	-158.4237
6220.000000	96.056	-157.4576
6300.000000	95.895	-156.5079
6400.000000	95.687	-154.4547
6500.000000	95.573	-151.8390
6600.000000	95.554	-149.0417
6700.000000	95.620	-146.2133
6800.000000	95.766	-143.4241
6900.000000	95.987	-140.7144
7000.000000	96.286	-138.1134
7100.000000	96.670	-135.6619
7200.000000	97.147	-133.4346
7300.000000	97.721	-131.5160
7400.000000	98.402	-129.9925
7500.000000	99.207	-129.0042
7620.000000	100.356	-128.9077
7750.000000	101.834	-130.8698
7880.000000	103.483	-136.2465
8000.000000	104.904	-145.4608
8120.000000	105.824	-158.8146
8250.000000	105.882	-175.5913
8380.000000	104.968	169.2197
8500.000000	103.622	158.7437
8620.000000	102.137	151.5512
8750.000000	100.550	146.6472
8850.000000	99.399	144.4993
9000.000000	97.856	143.2521
9120.000000	96.805	143.4302
9250.000000	95.853	144.3283
9380.000000	95.085	145.6242
9500.000000	94.528	146.9497
9620.000000	94.108	148.2232
9750.000000	93.800	149.3698
9880.000000	93.636	150.0868
10000.000000	93.605	150.1668
10150.000000	93.713	149.1595
10300.000000	93.933	146.4758
10440.000000	94.157	142.0668
10600.000000	94.277	134.6007
10750.000000	94.081	125.6699
10900.000000	93.454	115.9753
11060.000000	92.295	106.3585
11200.000000	90.958	99.5854
11380.000000	89.004	93.7480
11500.000000	87.660	91.6161
11720.000000	85.281	90.8992
11800.000000	84.472	91.5316
12060.000000	82.169	96.5038
12200.000000	81.236	100.8723
12410.000000	80.489	108.4465
12500.000000	80.454	111.2401
12650.000000	80.695	113.9720
12800.000000	81.082	113.6954
13150.000000	81.357	105.7152
13200.000000	81.304	104.3856
13400.000000	80.974	99.5887
13600.000000	80.618	95.7556
13800.000000	80.382	92.5331
14000.000000	80.332	89.4688
14300.000000	80.711	84.4847
14500.000000	81.383	80.3363
14750.000000	82.841	72.7812
15000.000000	85.082	60.2837
15250.000000	87.830	39.0643
15500.000000	89.914	6.6522
15750.000000	89.962	-32.1003
16000.000000	88.037	-66.9955
16250.000000	85.546	-94.0259
16500.000000	83.554	-115.8950
16750.000000	82.298	-136.2642
17000.000000	81.742	-157.9127
17250.000000	81.826	176.4729
17500.000000	82.220	144.1101
17750.000000	82.106	103.8886
18000.000000	80.605	58.6283
18250.000000	77.506	13.5016
18500.000000	73.279	-28.8822
18750.000000	68.509	-69.3780
19000.000000	63.543	-109.7624
19250.000000	58.481	-151.7732
19500.000000	53.357	163.4698
19750.000000	48.189	114.5275
20000.000000	43.972	60.7563
