* Measurement data measured by REW V5.31.3
* Source: USB-C to 3.5mm Headphone Jack Adapter, USB-C to 3.5mm Headphone Jack Adapter, 0, volume: 0.295
* Format: 256k Log Swept Sine, 4 sweeps at -12.0 dBFS with no timing reference
* Dated: May 15, 2025 9:27:26 AM
* REW Settings:
*  C-weighting compensation: Off
*  Target level: 75.0 dB
* Note: ; 
* Measurement: Floaudio Calla L
* Smoothing: 1/24 octave
* Frequency Step: 1/48 octave
* Start Frequency: 20.300 Hz
*
* Freq(Hz)	SPL(dB)	Phase(degrees)
20.299999	100.299	-149.3261
20.600000	100.325	-149.8714
20.900000	100.357	-150.3962
21.200001	100.393	-150.8739
21.400000	100.420	-151.1813
21.799999	100.478	-151.8130
22.000000	100.507	-152.1536
22.400000	100.560	-152.9056
22.700001	100.592	-153.5291
23.000000	100.616	-154.1857
23.299999	100.632	-154.8500
23.600000	100.643	-155.4969
24.000000	100.654	-156.3056
24.299999	100.665	-156.8697
24.700001	100.684	-157.5829
25.000000	100.699	-158.1019
25.400000	100.716	-158.7765
25.799999	100.726	-159.4148
26.200001	100.734	-160.0006
26.500000	100.742	-160.4131
26.900000	100.762	-160.9656
27.200001	100.784	-161.4138
27.600000	100.816	-162.0825
28.000000	100.842	-162.8140
28.500000	100.857	-163.7169
29.000000	100.857	-164.4838
29.500000	100.855	-165.0791
30.000000	100.863	-165.5873
30.400000	100.875	-166.0155
30.700001	100.885	-166.3777
31.100000	100.894	-166.9154
31.500000	100.898	-167.4837
32.000000	100.897	-168.1624
32.500000	100.901	-168.7610
33.000000	100.915	-169.3100
33.500000	100.924	-169.8568
34.000000	100.914	-170.3779
34.500000	100.893	-170.8278
35.000000	100.883	-171.2780
35.500000	100.889	-171.8933
36.000000	100.885	-172.6765
36.500000	100.850	-173.3323
37.000000	100.820	-173.5720
37.500000	100.859	-173.5803
38.200001	100.991	-174.3065
38.700001	100.997	-175.5220
39.500000	100.764	-176.9381
40.000000	100.648	-176.8101
40.599998	100.711	-176.5462
41.200001	100.858	-177.2327
41.799999	100.883	-178.3641
42.500000	100.805	-178.9036
43.099998	100.796	-178.9361
43.700001	100.810	-179.3134
44.400002	100.743	-179.8310
45.000000	100.687	-179.7623
45.500000	100.714	-179.6474
46.200001	100.798	179.8009
46.799999	100.798	178.8262
47.500000	100.722	177.8759
48.200001	100.655	177.2657
48.700001	100.623	176.8978
49.400002	100.595	176.4650
50.000000	100.600	176.1375
50.799999	100.626	175.5427
51.500000	100.616	174.9834
52.200001	100.580	174.6156
53.000000	100.544	174.2631
53.799999	100.511	173.7805
54.500000	100.485	173.3200
55.200001	100.472	172.8625
56.000000	100.466	172.3284
57.000000	100.461	171.5481
58.000000	100.401	170.8615
59.000000	100.321	170.5881
60.000000	100.233	169.8729
60.799999	100.118	169.1444
61.500000	100.064	168.8220
62.200001	100.084	168.6201
63.000000	100.103	168.4201
64.000000	100.041	168.5775
65.000000	99.984	168.5845
66.000000	99.949	167.7926
67.000000	99.918	166.9345
68.000000	99.900	166.4961
69.000000	99.889	166.1644
70.000000	99.872	165.6744
71.000000	99.852	165.2887
72.000000	99.849	165.0068
73.000000	99.814	164.6332
74.000000	99.742	164.4385
75.000000	99.693	164.2874
76.199997	99.631	163.8044
77.500000	99.560	163.2445
78.800003	99.511	162.7766
80.000000	99.468	162.4078
81.199997	99.433	162.1177
82.500000	99.403	161.8347
83.800003	99.363	161.4312
85.000000	99.314	160.9049
86.199997	99.250	160.5129
87.500000	99.167	160.2976
88.500000	99.110	160.1320
90.000000	99.055	159.8651
91.199997	99.008	159.6154
92.500000	98.934	159.3132
93.800003	98.867	158.9799
95.000000	98.814	158.7909
96.199997	98.761	158.6049
97.500000	98.699	158.3345
98.800003	98.652	157.9479
100.000000	98.606	157.5870
101.500000	98.536	157.3250
103.000000	98.460	157.1921
104.400002	98.404	156.9529
106.000000	98.347	156.5663
107.500000	98.274	156.3891
109.000000	98.182	156.1915
110.599998	98.102	156.0580
112.000000	98.063	156.0229
113.800003	98.000	155.9964
115.000000	97.943	155.8808
117.199997	97.859	155.3323
118.000000	97.840	155.1496
120.599998	97.843	155.2456
122.000000	97.938	155.0469
124.099998	97.944	153.9316
125.000000	97.925	153.7365
126.500000	97.873	153.9374
128.000000	97.755	154.2469
131.500000	97.469	154.0397
132.000000	97.438	154.0279
134.000000	97.336	153.9081
136.000000	97.264	153.7065
138.000000	97.198	153.3857
140.000000	97.126	153.1074
143.000000	97.022	152.9685
145.000000	96.942	152.9143
147.500000	96.843	152.8425
150.000000	96.767	152.7834
152.500000	96.702	152.7278
155.000000	96.627	152.6046
157.500000	96.550	152.5196
160.000000	96.471	152.4649
162.500000	96.384	152.4065
165.000000	96.303	152.3617
167.500000	96.228	152.3970
170.000000	96.155	152.5095
172.500000	96.080	152.5976
175.000000	95.997	152.5533
177.500000	95.917	152.4789
180.000000	95.852	152.3102
182.500000	95.779	152.2961
185.000000	95.691	152.4408
187.500000	95.598	152.5360
190.000000	95.513	152.4955
192.500000	95.434	152.5042
195.000000	95.360	152.5926
197.500000	95.288	152.6669
200.000000	95.219	152.7357
203.000000	95.137	152.8616
206.000000	95.068	153.0271
209.000000	95.007	153.1438
212.000000	94.946	153.2498
214.000000	94.899	153.2998
218.000000	94.795	153.4338
220.000000	94.749	153.5334
224.000000	94.656	153.7560
227.000000	94.583	153.8842
230.000000	94.513	154.0003
233.000000	94.445	154.1209
236.000000	94.380	154.2724
240.000000	94.297	154.5022
243.000000	94.234	154.7025
247.000000	94.149	154.9221
250.000000	94.087	155.0379
254.000000	94.005	155.2293
258.000000	93.920	155.4675
262.000000	93.836	155.6762
265.000000	93.777	155.8584
269.000000	93.702	156.1509
272.000000	93.645	156.3782
276.000000	93.569	156.6488
280.000000	93.496	156.9273
285.000000	93.426	157.2287
290.000000	93.343	157.4541
295.000000	93.244	157.8869
300.000000	93.150	158.2890
304.000000	93.083	158.5106
307.000000	93.037	158.7178
311.000000	92.977	159.0342
315.000000	92.912	159.3416
320.000000	92.841	159.7295
325.000000	92.774	160.1486
330.000000	92.704	160.5060
335.000000	92.638	160.9027
340.000000	92.576	161.3785
345.000000	92.510	161.7314
350.000000	92.439	162.0916
355.000000	92.377	162.5603
360.000000	92.326	162.9506
365.000000	92.269	163.3264
370.000000	92.207	163.6962
375.000000	92.146	164.1520
382.000000	92.055	164.8020
387.000000	91.999	165.1610
395.000000	91.928	165.7811
400.000000	91.882	166.3006
406.000000	91.821	166.8661
412.000000	91.758	167.3441
418.000000	91.701	167.8046
425.000000	91.637	168.4264
431.000000	91.593	168.9716
437.000000	91.544	169.4681
444.000000	91.487	170.0982
450.000000	91.443	170.6419
455.000000	91.407	171.0637
462.000000	91.356	171.6395
468.000000	91.313	172.1741
475.000000	91.265	172.8054
482.000000	91.222	173.4258
487.000000	91.190	173.8610
494.000000	91.146	174.4853
500.000000	91.110	175.0259
508.000000	91.067	175.7334
515.000000	91.030	176.3616
522.000000	90.993	176.9849
530.000000	90.953	177.6965
538.000000	90.918	178.3791
545.000000	90.887	178.9930
552.000000	90.856	179.6215
560.000000	90.825	-179.6703
570.000000	90.790	-178.7769
580.000000	90.755	-177.8651
590.000000	90.724	-176.9849
600.000000	90.695	-176.0956
608.000000	90.673	-175.3914
615.000000	90.656	-174.7744
622.000000	90.640	-174.1439
630.000000	90.625	-173.4150
640.000000	90.608	-172.4937
650.000000	90.593	-171.5769
660.000000	90.584	-170.6821
670.000000	90.579	-169.7786
680.000000	90.572	-168.8665
690.000000	90.566	-167.9507
700.000000	90.566	-167.0383
710.000000	90.569	-166.1336
720.000000	90.576	-165.2446
730.000000	90.586	-164.3521
740.000000	90.598	-163.4728
750.000000	90.608	-162.6246
762.000000	90.617	-161.5743
775.000000	90.626	-160.3580
788.000000	90.648	-159.0899
800.000000	90.680	-157.9339
812.000000	90.713	-156.7961
825.000000	90.752	-155.5884
838.000000	90.797	-154.4014
850.000000	90.846	-153.3140
862.000000	90.900	-152.2342
875.000000	90.965	-151.0836
885.000000	91.019	-150.2049
900.000000	91.103	-148.8933
912.000000	91.175	-147.8646
925.000000	91.260	-146.7802
938.000000	91.352	-145.7317
950.000000	91.441	-144.7813
962.000000	91.534	-143.8567
975.000000	91.639	-142.8939
988.000000	91.747	-141.9736
1000.000000	91.850	-141.1563
1015.000000	91.982	-140.1958
1030.000000	92.110	-139.3090
1044.000000	92.225	-138.5161
1060.000000	92.348	-137.6087
1075.000000	92.459	-136.7036
1090.000000	92.577	-135.7251
1106.000000	92.722	-134.6406
1120.000000	92.864	-133.7183
1138.000000	93.063	-132.6354
1150.000000	93.201	-131.9897
1172.000000	93.455	-130.9308
1180.000000	93.549	-130.5779
1206.000000	93.857	-129.5151
1220.000000	94.026	-128.9882
1241.000000	94.281	-128.2656
1250.000000	94.393	-127.9775
1265.000000	94.585	-127.5287
1280.000000	94.782	-127.1280
1315.000000	95.251	-126.4098
1320.000000	95.319	-126.3335
1340.000000	95.589	-126.0901
1360.000000	95.859	-125.9411
1380.000000	96.129	-125.8868
1400.000000	96.397	-125.9288
1430.000000	96.786	-126.1760
1450.000000	97.035	-126.4548
1475.000000	97.335	-126.9028
1500.000000	97.623	-127.4545
1525.000000	97.897	-128.0939
1550.000000	98.157	-128.7950
1575.000000	98.404	-129.5559
1600.000000	98.638	-130.3639
1625.000000	98.859	-131.2192
1650.000000	99.069	-132.1228
1675.000000	99.270	-133.0739
1700.000000	99.462	-134.0752
1725.000000	99.645	-135.1307
1750.000000	99.820	-136.2398
1775.000000	99.985	-137.4052
1800.000000	100.139	-138.6301
1825.000000	100.283	-139.9150
1850.000000	100.414	-141.2567
1875.000000	100.532	-142.6481
1900.000000	100.635	-144.0880
1925.000000	100.722	-145.5709
1950.000000	100.792	-147.0864
1975.000000	100.846	-148.6257
2000.000000	100.882	-150.1789
2030.000000	100.902	-152.0418
2060.000000	100.898	-153.8827
2090.000000	100.867	-155.6848
2120.000000	100.812	-157.4297
2140.000000	100.762	-158.5504
2180.000000	100.635	-160.6700
2200.000000	100.558	-161.6650
2240.000000	100.384	-163.5134
2270.000000	100.236	-164.7697
2300.000000	100.075	-165.9061
2330.000000	99.905	-166.9184
2360.000000	99.726	-167.8090
2400.000000	99.480	-168.8073
2430.000000	99.291	-169.4183
2470.000000	99.037	-170.0636
2500.000000	98.846	-170.4270
2540.000000	98.594	-170.7555
2580.000000	98.347	-170.9157
2620.000000	98.106	-170.9240
2650.000000	97.930	-170.8403
2690.000000	97.701	-170.6147
2720.000000	97.536	-170.3659
2760.000000	97.324	-169.9377
2800.000000	97.122	-169.4113
2850.000000	96.882	-168.6262
2900.000000	96.658	-167.7157
2950.000000	96.451	-166.7026
3000.000000	96.260	-165.5947
3040.000000	96.119	-164.6439
3070.000000	96.020	-163.8980
3110.000000	95.898	-162.8674
3150.000000	95.786	-161.7942
3200.000000	95.660	-160.3973
3250.000000	95.550	-158.9440
3300.000000	95.455	-157.4399
3350.000000	95.375	-155.8883
3400.000000	95.310	-154.2913
3450.000000	95.260	-152.6437
3500.000000	95.226	-150.9446
3550.000000	95.210	-149.1845
3600.000000	95.215	-147.3541
3650.000000	95.248	-145.4681
3700.000000	95.314	-143.5580
3750.000000	95.417	-141.6783
3820.000000	95.619	-139.2436
3870.000000	95.794	-137.7119
3950.000000	96.098	-135.6343
4000.000000	96.293	-134.5228
4060.000000	96.526	-133.3282
4120.000000	96.765	-132.2478
4180.000000	97.013	-131.2624
4250.000000	97.320	-130.2391
4310.000000	97.604	-129.4909
4370.000000	97.907	-128.8939
4440.000000	98.287	-128.4414
4500.000000	98.634	-128.3092
4550.000000	98.935	-128.4132
4620.000000	99.369	-128.9360
4680.000000	99.746	-129.7786
4750.000000	100.177	-131.2743
4820.000000	100.580	-133.3523
4870.000000	100.839	-135.1911
4940.000000	101.140	-138.2264
5000.000000	101.327	-141.1869
5080.000000	101.452	-145.4641
5150.000000	101.434	-149.2977
5220.000000	101.300	-152.9952
5300.000000	101.023	-156.8384
5380.000000	100.642	-160.1134
5450.000000	100.246	-162.4393
5520.000000	99.809	-164.2378
5600.000000	99.281	-165.6492
5700.000000	98.600	-166.4684
5800.000000	97.911	-166.1484
5900.000000	97.287	-164.1514
6000.000000	97.007	-161.1281
6080.000000	96.938	-160.2809
6150.000000	96.766	-160.0542
6220.000000	96.528	-159.3674
6300.000000	96.280	-157.9688
6400.000000	96.070	-155.7100
6500.000000	95.964	-153.1733
6600.000000	95.947	-150.4958
6700.000000	96.016	-147.7540
6800.000000	96.172	-145.0082
6900.000000	96.417	-142.3106
7000.000000	96.761	-139.7187
7100.000000	97.212	-137.3099
7200.000000	97.782	-135.2020
7300.000000	98.482	-133.5415
7400.000000	99.326	-132.5082
7500.000000	100.336	-132.4007
7620.000000	101.775	-134.2112
7750.000000	103.539	-139.9362
7880.000000	105.190	-151.1844
8000.000000	106.087	-166.4384
8120.000000	105.957	176.3135
8250.000000	104.699	159.9246
8380.000000	102.786	148.7938
8500.000000	100.921	143.1266
8620.000000	99.216	140.6243
8750.000000	97.634	140.1148
8850.000000	96.601	140.6668
9000.000000	95.315	142.3635
9120.000000	94.487	144.1332
9250.000000	93.767	146.1937
9380.000000	93.209	148.2028
9500.000000	92.820	149.9027
9620.000000	92.545	151.3539
9750.000000	92.368	152.5246
9880.000000	92.308	153.1210
10000.000000	92.350	152.9856
10150.000000	92.513	151.5753
10300.000000	92.733	148.3774
10440.000000	92.892	143.5042
10600.000000	92.851	135.7920
10750.000000	92.438	127.2349
10900.000000	91.577	118.7175
11060.000000	90.205	111.2722
11200.000000	88.753	107.1252
11380.000000	86.801	105.6128
11500.000000	85.602	106.9445
11720.000000	84.017	113.0256
11800.000000	83.728	115.5983
12060.000000	83.697	119.7565
12200.000000	83.818	118.0730
12410.000000	83.572	112.8046
12500.000000	83.301	110.6339
12650.000000	82.768	107.9506
12800.000000	82.289	106.2153
13150.000000	81.499	102.2326
13200.000000	81.400	101.6409
13400.000000	81.061	99.4685
13600.000000	80.871	97.5340
13800.000000	80.895	95.5569
14000.000000	81.172	93.1937
14300.000000	82.171	88.1381
14500.000000	83.354	82.9066
14750.000000	85.565	72.1323
15000.000000	88.388	52.8470
15250.000000	90.682	21.8868
15500.000000	90.944	-16.5919
15750.000000	89.020	-51.6320
16000.000000	86.331	-77.9830
16250.000000	84.244	-98.4552
16500.000000	83.131	-117.5653
16750.000000	82.842	-138.6543
17000.000000	83.202	-164.5668
17250.000000	83.694	161.9588
17500.000000	83.318	121.0728
17750.000000	81.353	77.4061
18000.000000	77.962	35.9400
18250.000000	73.820	-2.2304
18500.000000	69.510	-39.0018
18750.000000	65.286	-76.5781
19000.000000	61.141	-116.8475
19250.000000	56.968	-161.2202
19500.000000	52.581	148.7373
19750.000000	47.907	90.6895
20000.000000	43.888	29.5479
