* Measurement data measured by REW V5.31.3
* Source: USB-C to 3.5mm Headphone Jack Adapter, USB-C to 3.5mm Headphone Jack Adapter, 0, volume: 0.295
* Format: 256k Log Swept Sine, 4 sweeps at -12.0 dBFS with no timing reference
* Dated: Jan 2, 2025 11:14:22 PM
* REW Settings:
*  C-weighting compensation: Off
*  Target level: 75.0 dB
* Note: ; 
* Measurement: Kiwi X HBB Punch Azla10 L
* Smoothing: 1/24 octave
* Frequency Step: 1/48 octave
* Start Frequency: 20.300 Hz
*
* Freq(Hz)	SPL(dB)	Phase(degrees)
20.299999	109.841	-11.5854
20.600000	109.818	-12.0832
20.900000	109.790	-12.6131
21.200001	109.764	-13.1414
21.400000	109.748	-13.4954
21.799999	109.722	-14.2136
22.000000	109.711	-14.5769
22.400000	109.688	-15.3008
22.700001	109.669	-15.8293
23.000000	109.648	-16.3370
23.299999	109.624	-16.8227
23.600000	109.599	-17.2911
24.000000	109.564	-17.9045
24.299999	109.537	-18.3667
24.700001	109.500	-18.9921
25.000000	109.470	-19.4646
25.400000	109.430	-20.0874
25.799999	109.391	-20.6906
26.200001	109.354	-21.2701
26.500000	109.327	-21.6915
26.900000	109.291	-22.2413
27.200001	109.263	-22.6472
27.600000	109.223	-23.1809
28.000000	109.181	-23.7064
28.500000	109.127	-24.3564
29.000000	109.074	-25.0068
29.500000	109.022	-25.6587
30.000000	108.970	-26.2991
30.400000	108.927	-26.7914
30.700001	108.895	-27.1464
31.100000	108.852	-27.6041
31.500000	108.810	-28.0530
32.000000	108.757	-28.6153
32.500000	108.703	-29.1826
33.000000	108.646	-29.7450
33.500000	108.590	-30.2914
34.000000	108.534	-30.8219
34.500000	108.480	-31.3425
35.000000	108.423	-31.8533
35.500000	108.365	-32.3463
36.000000	108.307	-32.8188
36.500000	108.252	-33.2830
37.000000	108.200	-33.7549
37.500000	108.147	-34.2344
38.200001	108.070	-34.8814
38.700001	108.013	-35.3093
39.500000	107.923	-35.9782
40.000000	107.864	-36.4182
40.599998	107.790	-36.9592
41.200001	107.714	-37.4759
41.799999	107.642	-37.9522
42.500000	107.566	-38.4842
43.099998	107.502	-38.9460
43.700001	107.433	-39.4147
44.400002	107.348	-39.9558
45.000000	107.277	-40.4063
45.500000	107.219	-40.7706
46.200001	107.140	-41.2612
46.799999	107.073	-41.6668
47.500000	106.993	-42.1374
48.200001	106.912	-42.6132
48.700001	106.853	-42.9448
49.400002	106.774	-43.3769
50.000000	106.707	-43.7180
50.799999	106.618	-44.1564
51.500000	106.535	-44.5417
52.200001	106.452	-44.9336
53.000000	106.358	-45.3858
53.799999	106.263	-45.8304
54.500000	106.179	-46.2147
55.200001	106.095	-46.6073
56.000000	106.007	-47.0694
57.000000	105.908	-47.6283
58.000000	105.798	-48.0680
59.000000	105.674	-48.3867
60.000000	105.553	-48.7754
60.799999	105.460	-49.1153
61.500000	105.383	-49.3425
62.200001	105.312	-49.5496
63.000000	105.226	-49.8765
64.000000	105.107	-50.3933
65.000000	104.999	-50.8634
66.000000	104.897	-51.2395
67.000000	104.783	-51.5547
68.000000	104.673	-51.9249
69.000000	104.568	-52.3423
70.000000	104.457	-52.6518
71.000000	104.341	-52.8779
72.000000	104.224	-53.1530
73.000000	104.114	-53.4544
74.000000	104.010	-53.7109
75.000000	103.904	-53.9470
76.199997	103.773	-54.2448
77.500000	103.636	-54.5546
78.800003	103.500	-54.8361
80.000000	103.375	-55.0947
81.199997	103.243	-55.3129
82.500000	103.107	-55.3898
83.800003	102.986	-55.6011
85.000000	102.868	-55.9160
86.199997	102.744	-56.1864
87.500000	102.606	-56.3905
88.500000	102.500	-56.5199
90.000000	102.347	-56.6803
91.199997	102.232	-56.8151
92.500000	102.110	-56.9730
93.800003	101.984	-57.0874
95.000000	101.864	-57.1454
96.199997	101.742	-57.2388
97.500000	101.602	-57.3309
98.800003	101.460	-57.3759
100.000000	101.335	-57.3696
101.500000	101.205	-57.2290
103.000000	101.082	-57.1409
104.400002	100.970	-57.0423
106.000000	100.852	-56.8350
107.500000	100.745	-56.7818
109.000000	100.647	-56.8903
110.599998	100.533	-57.0435
112.000000	100.420	-57.1017
113.800003	100.283	-57.0488
115.000000	100.194	-57.0288
117.199997	100.022	-57.0934
118.000000	99.958	-57.0994
120.599998	99.750	-57.0227
122.000000	99.644	-56.9831
124.099998	99.478	-56.8991
125.000000	99.403	-56.8512
126.500000	99.283	-56.7433
128.000000	99.171	-56.6341
131.500000	98.921	-56.3678
132.000000	98.886	-56.3222
134.000000	98.739	-56.1089
136.000000	98.584	-55.8814
138.000000	98.454	-55.7139
140.000000	98.332	-55.5124
143.000000	98.141	-55.0984
145.000000	98.013	-54.7986
147.500000	97.855	-54.4140
150.000000	97.701	-54.0097
152.500000	97.555	-53.5938
155.000000	97.418	-53.1758
157.500000	97.281	-52.7410
160.000000	97.145	-52.3059
162.500000	97.009	-51.8393
165.000000	96.873	-51.4027
167.500000	96.742	-50.9612
170.000000	96.612	-50.5014
172.500000	96.486	-50.0357
175.000000	96.363	-49.5682
177.500000	96.241	-49.0851
180.000000	96.123	-48.5958
182.500000	96.008	-48.0908
185.000000	95.901	-47.5622
187.500000	95.795	-47.0681
190.000000	95.689	-46.5474
192.500000	95.588	-46.0181
195.000000	95.488	-45.5098
197.500000	95.390	-44.9797
200.000000	95.300	-44.4470
203.000000	95.199	-43.8356
206.000000	95.098	-43.2067
209.000000	95.004	-42.5368
212.000000	94.918	-41.8827
214.000000	94.862	-41.4717
218.000000	94.752	-40.6544
220.000000	94.699	-40.2263
224.000000	94.596	-39.3546
227.000000	94.526	-38.7032
230.000000	94.460	-38.0423
233.000000	94.399	-37.4157
236.000000	94.342	-36.8140
240.000000	94.269	-36.0261
243.000000	94.214	-35.4336
247.000000	94.141	-34.6386
250.000000	94.088	-34.0570
254.000000	94.019	-33.3167
258.000000	93.956	-32.6071
262.000000	93.900	-31.9033
265.000000	93.862	-31.3722
269.000000	93.811	-30.6668
272.000000	93.772	-30.1512
276.000000	93.724	-29.4870
280.000000	93.681	-28.8366
285.000000	93.628	-28.0280
290.000000	93.580	-27.2504
295.000000	93.535	-26.4771
300.000000	93.492	-25.7342
304.000000	93.459	-25.1477
307.000000	93.436	-24.7177
311.000000	93.405	-24.1522
315.000000	93.377	-23.5948
320.000000	93.344	-22.9101
325.000000	93.314	-22.2472
330.000000	93.285	-21.5998
335.000000	93.257	-20.9695
340.000000	93.231	-20.3501
345.000000	93.207	-19.7430
350.000000	93.184	-19.1510
355.000000	93.162	-18.5729
360.000000	93.141	-18.0062
365.000000	93.122	-17.4545
370.000000	93.103	-16.9172
375.000000	93.086	-16.3864
382.000000	93.062	-15.6570
387.000000	93.046	-15.1492
395.000000	93.022	-14.3605
400.000000	93.008	-13.8834
406.000000	92.991	-13.3249
412.000000	92.974	-12.7755
418.000000	92.958	-12.2340
425.000000	92.940	-11.6177
431.000000	92.924	-11.0973
437.000000	92.908	-10.5810
444.000000	92.891	-9.9900
450.000000	92.876	-9.4864
455.000000	92.864	-9.0704
462.000000	92.847	-8.4915
468.000000	92.834	-7.9988
475.000000	92.820	-7.4299
482.000000	92.808	-6.8679
487.000000	92.799	-6.4729
494.000000	92.789	-5.9312
500.000000	92.780	-5.4768
508.000000	92.769	-4.8810
515.000000	92.760	-4.3695
522.000000	92.750	-3.8675
530.000000	92.740	-3.2958
538.000000	92.730	-2.7277
545.000000	92.721	-2.2422
552.000000	92.712	-1.7607
560.000000	92.702	-1.2104
570.000000	92.690	-0.5309
580.000000	92.678	0.1409
590.000000	92.666	0.8111
600.000000	92.655	1.4803
608.000000	92.646	2.0114
615.000000	92.639	2.4752
622.000000	92.632	2.9401
630.000000	92.625	3.4713
640.000000	92.617	4.1306
650.000000	92.610	4.7848
660.000000	92.603	5.4442
670.000000	92.597	6.1049
680.000000	92.593	6.7608
690.000000	92.589	7.4180
700.000000	92.587	8.0762
710.000000	92.585	8.7347
720.000000	92.584	9.3951
730.000000	92.585	10.0549
740.000000	92.586	10.7162
750.000000	92.589	11.3776
762.000000	92.594	12.1720
775.000000	92.602	13.0324
788.000000	92.613	13.8918
800.000000	92.624	14.6881
812.000000	92.633	15.4810
825.000000	92.645	16.3374
838.000000	92.660	17.1930
850.000000	92.677	17.9794
862.000000	92.696	18.7625
875.000000	92.721	19.6023
885.000000	92.743	20.2408
900.000000	92.780	21.1895
912.000000	92.813	21.9390
925.000000	92.852	22.7331
938.000000	92.895	23.5082
950.000000	92.938	24.2076
962.000000	92.984	24.8884
975.000000	93.036	25.6056
988.000000	93.091	26.2939
1000.000000	93.144	26.9037
1015.000000	93.211	27.6339
1030.000000	93.279	28.3229
1044.000000	93.344	28.9295
1060.000000	93.419	29.5806
1075.000000	93.489	30.1522
1090.000000	93.557	30.6855
1106.000000	93.629	31.2136
1120.000000	93.690	31.6442
1138.000000	93.764	32.1562
1150.000000	93.811	32.4765
1172.000000	93.892	33.0227
1180.000000	93.919	33.2115
1206.000000	93.998	33.8046
1220.000000	94.035	34.1143
1241.000000	94.084	34.5757
1250.000000	94.105	34.7744
1265.000000	94.137	35.1122
1280.000000	94.166	35.4695
1315.000000	94.217	36.4484
1320.000000	94.222	36.6163
1340.000000	94.245	37.4001
1360.000000	94.287	38.3970
1380.000000	94.380	39.5010
1400.000000	94.528	40.3811
1430.000000	94.753	40.8557
1450.000000	94.848	40.8898
1475.000000	94.915	41.0190
1500.000000	94.956	41.3301
1525.000000	94.991	41.7860
1550.000000	95.027	42.3378
1575.000000	95.067	42.9447
1600.000000	95.108	43.5787
1625.000000	95.146	44.2246
1650.000000	95.183	44.8841
1675.000000	95.218	45.5621
1700.000000	95.254	46.2554
1725.000000	95.290	46.9630
1750.000000	95.325	47.6865
1775.000000	95.359	48.4218
1800.000000	95.392	49.1720
1825.000000	95.420	49.9393
1850.000000	95.443	50.7337
1875.000000	95.459	51.5658
1900.000000	95.466	52.4546
1925.000000	95.461	53.4302
1950.000000	95.443	54.5353
1975.000000	95.409	55.8374
2000.000000	95.362	57.4380
2030.000000	95.301	59.9702
2060.000000	95.279	63.4974
2090.000000	95.408	68.2827
2120.000000	95.861	73.9314
2140.000000	96.397	77.4018
2180.000000	97.853	81.0235
2200.000000	98.587	80.7523
2240.000000	99.742	77.4334
2270.000000	100.294	74.0845
2300.000000	100.646	70.9260
2330.000000	100.878	68.2380
2360.000000	101.048	66.0143
2400.000000	101.234	63.5771
2430.000000	101.361	61.9939
2470.000000	101.520	60.0377
2500.000000	101.627	58.6355
2540.000000	101.751	56.8957
2580.000000	101.874	55.3147
2620.000000	102.006	53.7120
2650.000000	102.099	52.4176
2690.000000	102.201	50.5886
2720.000000	102.257	49.1745
2760.000000	102.300	47.2771
2800.000000	102.311	45.4116
2850.000000	102.282	43.1757
2900.000000	102.214	41.0704
2950.000000	102.106	39.1135
3000.000000	101.961	37.3576
3040.000000	101.822	36.1463
3070.000000	101.708	35.3714
3110.000000	101.550	34.5349
3150.000000	101.394	33.9315
3200.000000	101.222	33.4578
3250.000000	101.088	33.1458
3300.000000	100.985	32.8143
3350.000000	100.890	32.4101
3400.000000	100.790	32.0049
3450.000000	100.688	31.6660
3500.000000	100.589	31.4025
3550.000000	100.497	31.1963
3600.000000	100.412	31.0300
3650.000000	100.331	30.9119
3700.000000	100.258	30.8718
3750.000000	100.201	30.9168
3820.000000	100.170	30.9849
3870.000000	100.176	30.8933
3950.000000	100.203	30.3668
4000.000000	100.209	29.8330
4060.000000	100.196	29.0668
4120.000000	100.165	28.2183
4180.000000	100.118	27.2954
4250.000000	100.042	26.1128
4310.000000	99.951	25.0277
4370.000000	99.831	23.9250
4440.000000	99.651	22.6991
4500.000000	99.463	21.7776
4550.000000	99.288	21.1518
4620.000000	99.024	20.5599
4680.000000	98.793	20.3537
4750.000000	98.538	20.4611
4820.000000	98.319	20.8880
4870.000000	98.194	21.3352
4940.000000	98.070	22.0543
5000.000000	98.015	22.6441
5080.000000	98.007	23.2069
5150.000000	98.043	23.3548
5220.000000	98.093	23.1150
5300.000000	98.137	22.3884
5380.000000	98.139	21.2907
5450.000000	98.094	20.1643
5520.000000	98.003	19.0202
5600.000000	97.847	17.8422
5700.000000	97.601	16.7486
5800.000000	97.339	16.1784
5900.000000	97.102	16.1092
6000.000000	96.922	16.4207
6080.000000	96.836	16.8281
6150.000000	96.811	17.2073
6220.000000	96.838	17.5282
6300.000000	96.939	17.7188
6400.000000	97.175	17.5023
6500.000000	97.500	16.5362
6600.000000	97.868	14.5838
6700.000000	98.221	11.5126
6800.000000	98.494	7.4072
6900.000000	98.649	2.6083
7000.000000	98.719	-2.6649
7100.000000	98.692	-8.7888
7200.000000	98.450	-15.7011
7300.000000	97.924	-22.6226
7400.000000	97.133	-28.7189
7500.000000	96.157	-33.4072
7620.000000	94.888	-36.9314
7750.000000	93.548	-38.4602
7880.000000	92.339	-38.2234
8000.000000	91.352	-36.9521
8120.000000	90.467	-35.0241
8250.000000	89.634	-32.4768
8380.000000	88.939	-29.6398
8500.000000	88.414	-26.8685
8620.000000	87.991	-24.0208
8750.000000	87.638	-20.9117
8850.000000	87.437	-18.5382
9000.000000	87.245	-15.0870
9120.000000	87.179	-12.4911
9250.000000	87.186	-9.9319
9380.000000	87.263	-7.7075
9500.000000	87.384	-6.0288
9620.000000	87.541	-4.7760
9750.000000	87.731	-3.9596
9880.000000	87.917	-3.7413
10000.000000	88.062	-4.0622
10150.000000	88.173	-5.0766
10300.000000	88.171	-6.5797
10440.000000	88.045	-8.1509
10600.000000	87.753	-9.7611
10750.000000	87.359	-10.7493
10900.000000	86.892	-11.0520
11060.000000	86.369	-10.5507
11200.000000	85.936	-9.4884
11380.000000	85.465	-7.5285
11500.000000	85.221	-6.0570
11720.000000	84.927	-3.5600
11800.000000	84.861	-2.8468
12060.000000	84.726	-1.5179
12200.000000	84.666	-1.3308
12410.000000	84.591	-1.3728
12500.000000	84.579	-1.4186
12650.000000	84.615	-1.4804
12800.000000	84.748	-1.5469
13150.000000	85.610	-2.4058
13200.000000	85.815	-2.7211
13400.000000	86.885	-4.8844
13600.000000	88.410	-9.3673
13800.000000	90.355	-17.8401
14000.000000	92.422	-32.2173
14300.000000	94.368	-65.3064
14500.000000	94.126	-90.1629
14750.000000	92.399	-116.0370
15000.000000	90.298	-133.9859
15250.000000	88.671	-147.3925
15500.000000	87.618	-160.3331
15750.000000	86.846	-175.4951
16000.000000	85.923	166.3887
16250.000000	84.473	146.8463
16500.000000	82.337	128.7510
16750.000000	79.706	114.3865
17000.000000	77.002	104.3322
17250.000000	74.699	97.1464
17500.000000	73.107	89.5634
17750.000000	72.138	78.2145
18000.000000	71.428	61.2265
18250.000000	70.601	38.0684
18500.000000	69.370	8.7439
18750.000000	67.587	-26.4952
19000.000000	65.136	-67.8138
19250.000000	61.915	-115.9143
19500.000000	57.916	-171.8541
19750.000000	53.526	121.5602
20000.000000	50.383	-89.0185
