* Measurement data measured by REW V5.31.3
* Source: USB-C to 3.5mm Headphone Jack Adapter, USB-C to 3.5mm Headphone Jack Adapter, 0, volume: 0.295
* Format: 256k Log Swept Sine, 4 sweeps at -12.0 dBFS with no timing reference
* Dated: Dec 30, 2024 10:29:10 PM
* REW Settings:
*  C-weighting compensation: Off
*  Target level: 75.0 dB
* Note: ; 
* Measurement: Kiwi X HBB Punch W1 L
* Smoothing: 1/24 octave
* Frequency Step: 1/48 octave
* Start Frequency: 20.300 Hz
*
* Freq(Hz)	SPL(dB)	Phase(degrees)
20.299999	108.029	-8.3656
20.600000	108.016	-8.8372
20.900000	108.003	-9.3459
21.200001	107.991	-9.8660
21.400000	107.983	-10.2233
21.799999	107.968	-10.9626
22.000000	107.958	-11.3376
22.400000	107.931	-12.0677
22.700001	107.903	-12.5742
23.000000	107.871	-13.0347
23.299999	107.840	-13.4553
23.600000	107.810	-13.8543
24.000000	107.776	-14.3900
24.299999	107.752	-14.8125
24.700001	107.721	-15.4034
25.000000	107.696	-15.8529
25.400000	107.663	-16.4364
25.799999	107.630	-16.9896
26.200001	107.601	-17.5199
26.500000	107.579	-17.9125
26.900000	107.547	-18.4368
27.200001	107.521	-18.8290
27.600000	107.482	-19.3427
28.000000	107.441	-19.8403
28.500000	107.393	-20.4454
29.000000	107.349	-21.0481
29.500000	107.307	-21.6534
30.000000	107.263	-22.2464
30.400000	107.224	-22.7000
30.700001	107.194	-23.0269
31.100000	107.155	-23.4504
31.500000	107.116	-23.8707
32.000000	107.069	-24.4065
32.500000	107.021	-24.9543
33.000000	106.971	-25.4952
33.500000	106.920	-26.0063
34.000000	106.871	-26.4834
34.500000	106.825	-26.9451
35.000000	106.779	-27.4146
35.500000	106.731	-27.8979
36.000000	106.680	-28.3812
36.500000	106.625	-28.8464
37.000000	106.570	-29.2857
37.500000	106.518	-29.7067
38.200001	106.452	-30.2956
38.700001	106.406	-30.7298
39.500000	106.325	-31.4198
40.000000	106.268	-31.8141
40.599998	106.200	-32.2399
41.200001	106.136	-32.6503
41.799999	106.075	-33.0864
42.500000	106.003	-33.6246
43.099998	105.939	-34.0752
43.700001	105.877	-34.5007
44.400002	105.808	-34.9810
45.000000	105.747	-35.3858
45.500000	105.695	-35.7124
46.200001	105.620	-36.1572
46.799999	105.555	-36.5460
47.500000	105.475	-36.9978
48.200001	105.398	-37.3918
48.700001	105.353	-37.6403
49.400002	105.299	-38.0135
50.000000	105.248	-38.3886
50.799999	105.156	-38.8819
51.500000	105.067	-39.2458
52.200001	104.989	-39.5994
53.000000	104.908	-40.0332
53.799999	104.827	-40.4380
54.500000	104.757	-40.7585
55.200001	104.683	-41.0852
56.000000	104.594	-41.4665
57.000000	104.487	-41.9204
58.000000	104.386	-42.3718
59.000000	104.286	-42.8071
60.000000	104.194	-43.1858
60.799999	104.124	-43.4260
61.500000	104.062	-43.5965
62.200001	103.997	-43.8019
63.000000	103.911	-44.1437
64.000000	103.787	-44.6211
65.000000	103.669	-45.0164
66.000000	103.561	-45.3486
67.000000	103.458	-45.6591
68.000000	103.356	-45.9927
69.000000	103.253	-46.3010
70.000000	103.155	-46.5659
71.000000	103.058	-46.8366
72.000000	102.957	-47.1014
73.000000	102.853	-47.3417
74.000000	102.749	-47.5655
75.000000	102.647	-47.7788
76.199997	102.524	-48.0143
77.500000	102.394	-48.2429
78.800003	102.271	-48.4714
80.000000	102.153	-48.6183
81.199997	102.039	-48.6870
82.500000	101.911	-48.8763
83.800003	101.771	-49.0033
85.000000	101.668	-49.0435
86.199997	101.583	-49.1094
87.500000	101.494	-49.1865
88.500000	101.418	-49.2913
90.000000	101.296	-49.4907
91.199997	101.201	-49.6919
92.500000	101.092	-49.8760
93.800003	100.990	-49.9799
95.000000	100.897	-50.0884
96.199997	100.798	-50.2170
97.500000	100.684	-50.3585
98.800003	100.562	-50.3888
100.000000	100.453	-50.3400
101.500000	100.341	-50.4272
103.000000	100.236	-50.5142
104.400002	100.133	-50.5507
106.000000	100.001	-50.6292
107.500000	99.878	-50.6814
109.000000	99.759	-50.7570
110.599998	99.628	-50.8134
112.000000	99.519	-50.7574
113.800003	99.385	-50.6538
115.000000	99.292	-50.5911
117.199997	99.121	-50.4499
118.000000	99.063	-50.3933
120.599998	98.879	-50.1943
122.000000	98.783	-50.0839
124.099998	98.642	-49.8870
125.000000	98.585	-49.7989
126.500000	98.493	-49.6596
128.000000	98.403	-49.5278
131.500000	98.194	-49.2294
132.000000	98.164	-49.1907
134.000000	98.045	-49.0535
136.000000	97.925	-48.9096
138.000000	97.804	-48.7267
140.000000	97.680	-48.4957
143.000000	97.501	-48.1299
145.000000	97.386	-47.8600
147.500000	97.237	-47.5085
150.000000	97.083	-47.1502
152.500000	96.965	-46.8039
155.000000	96.844	-46.4207
157.500000	96.718	-46.0026
160.000000	96.591	-45.5833
162.500000	96.465	-45.1543
165.000000	96.340	-44.7114
167.500000	96.219	-44.2453
170.000000	96.101	-43.7663
172.500000	95.986	-43.2844
175.000000	95.876	-42.8120
177.500000	95.770	-42.3315
180.000000	95.669	-41.8328
182.500000	95.571	-41.3263
185.000000	95.476	-40.8257
187.500000	95.384	-40.3293
190.000000	95.295	-39.8286
192.500000	95.206	-39.3418
195.000000	95.120	-38.8510
197.500000	95.039	-38.3484
200.000000	94.962	-37.8564
203.000000	94.875	-37.2647
206.000000	94.792	-36.6742
209.000000	94.710	-36.0918
212.000000	94.632	-35.5045
214.000000	94.582	-35.1123
218.000000	94.487	-34.3260
220.000000	94.442	-33.9342
224.000000	94.353	-33.1518
227.000000	94.290	-32.5702
230.000000	94.232	-31.9845
233.000000	94.176	-31.4088
236.000000	94.122	-30.8438
240.000000	94.054	-30.0969
243.000000	94.005	-29.5486
247.000000	93.943	-28.8535
250.000000	93.897	-28.3405
254.000000	93.843	-27.5825
258.000000	93.791	-26.8591
262.000000	93.742	-26.1693
265.000000	93.707	-25.6644
269.000000	93.662	-25.0010
272.000000	93.631	-24.5099
276.000000	93.592	-23.8648
280.000000	93.555	-23.2330
285.000000	93.512	-22.4625
290.000000	93.473	-21.7120
295.000000	93.437	-20.9869
300.000000	93.405	-20.2865
304.000000	93.379	-19.7207
307.000000	93.359	-19.3048
311.000000	93.335	-18.7660
315.000000	93.314	-18.2391
320.000000	93.289	-17.5941
325.000000	93.267	-16.9629
330.000000	93.245	-16.3500
335.000000	93.224	-15.7548
340.000000	93.205	-15.1772
345.000000	93.185	-14.6218
350.000000	93.166	-14.0838
355.000000	93.152	-13.5224
360.000000	93.139	-12.9724
365.000000	93.126	-12.4476
370.000000	93.113	-11.9422
375.000000	93.101	-11.4430
382.000000	93.084	-10.7592
387.000000	93.073	-10.2822
395.000000	93.057	-9.5533
400.000000	93.048	-9.1100
406.000000	93.037	-8.5535
412.000000	93.025	-8.0182
418.000000	93.014	-7.5025
425.000000	93.002	-6.9151
431.000000	92.992	-6.4214
437.000000	92.983	-5.9383
444.000000	92.974	-5.3977
450.000000	92.968	-4.9453
455.000000	92.959	-4.5426
462.000000	92.947	-3.9870
468.000000	92.939	-3.5312
475.000000	92.930	-3.0147
482.000000	92.921	-2.5059
487.000000	92.914	-2.1462
494.000000	92.905	-1.6523
500.000000	92.897	-1.2372
508.000000	92.887	-0.6686
515.000000	92.879	-0.1796
522.000000	92.871	0.3023
530.000000	92.861	0.8466
538.000000	92.851	1.3869
545.000000	92.842	1.8586
552.000000	92.833	2.3269
560.000000	92.825	2.8590
570.000000	92.815	3.5170
580.000000	92.804	4.1707
590.000000	92.793	4.8260
600.000000	92.783	5.4811
608.000000	92.775	6.0060
615.000000	92.768	6.4686
622.000000	92.762	6.9305
630.000000	92.755	7.4552
640.000000	92.748	8.1164
650.000000	92.741	8.7818
660.000000	92.735	9.4360
670.000000	92.730	10.0938
680.000000	92.726	10.7598
690.000000	92.723	11.4283
700.000000	92.721	12.0977
710.000000	92.719	12.7633
720.000000	92.720	13.4340
730.000000	92.721	14.1106
740.000000	92.724	14.7894
750.000000	92.729	15.4750
762.000000	92.735	16.2934
775.000000	92.744	17.1820
788.000000	92.757	18.0785
800.000000	92.769	18.9032
812.000000	92.781	19.7344
825.000000	92.795	20.6374
838.000000	92.813	21.5376
850.000000	92.834	22.3668
862.000000	92.856	23.1979
875.000000	92.883	24.0912
885.000000	92.908	24.7718
900.000000	92.951	25.7827
912.000000	92.989	26.5794
925.000000	93.034	27.4308
938.000000	93.083	28.2604
950.000000	93.132	29.0074
962.000000	93.184	29.7456
975.000000	93.244	30.5244
988.000000	93.307	31.2766
1000.000000	93.368	31.9425
1015.000000	93.445	32.7383
1030.000000	93.525	33.4900
1044.000000	93.602	34.1544
1060.000000	93.691	34.8650
1075.000000	93.774	35.4891
1090.000000	93.857	36.0776
1106.000000	93.944	36.6583
1120.000000	94.019	37.1295
1138.000000	94.112	37.6956
1150.000000	94.171	38.0516
1172.000000	94.277	38.6613
1180.000000	94.313	38.8686
1206.000000	94.425	39.5097
1220.000000	94.481	39.8425
1241.000000	94.561	40.3205
1250.000000	94.595	40.5220
1265.000000	94.653	40.8600
1280.000000	94.710	41.1982
1315.000000	94.835	41.9934
1320.000000	94.852	42.1084
1340.000000	94.916	42.5748
1360.000000	94.978	43.0581
1380.000000	95.038	43.5597
1400.000000	95.096	44.0809
1430.000000	95.183	44.8936
1450.000000	95.243	45.4467
1475.000000	95.319	46.1432
1500.000000	95.394	46.8437
1525.000000	95.468	47.5590
1550.000000	95.542	48.2946
1575.000000	95.618	49.0518
1600.000000	95.696	49.8240
1625.000000	95.773	50.6044
1650.000000	95.853	51.3864
1675.000000	95.935	52.1679
1700.000000	96.020	52.9525
1725.000000	96.108	53.7412
1750.000000	96.201	54.5308
1775.000000	96.300	55.3109
1800.000000	96.402	56.0842
1825.000000	96.509	56.8488
1850.000000	96.620	57.6038
1875.000000	96.736	58.3426
1900.000000	96.856	59.0629
1925.000000	96.981	59.7636
1950.000000	97.110	60.4423
1975.000000	97.244	61.0961
2000.000000	97.384	61.7233
2030.000000	97.559	62.4403
2060.000000	97.740	63.1123
2090.000000	97.927	63.7355
2120.000000	98.119	64.3017
2140.000000	98.250	64.6461
2180.000000	98.518	65.2523
2200.000000	98.654	65.5100
2240.000000	98.931	65.9308
2270.000000	99.141	66.1597
2300.000000	99.351	66.3098
2330.000000	99.562	66.3825
2360.000000	99.771	66.3759
2400.000000	100.045	66.2464
2430.000000	100.245	66.0680
2470.000000	100.506	65.7410
2500.000000	100.696	65.4431
2540.000000	100.948	64.9850
2580.000000	101.200	64.4543
2620.000000	101.454	63.8348
2650.000000	101.650	63.2979
2690.000000	101.925	62.4121
2720.000000	102.137	61.5242
2760.000000	102.405	59.9345
2800.000000	102.618	57.9297
2850.000000	102.776	55.1679
2900.000000	102.825	52.4922
2950.000000	102.794	50.0924
3000.000000	102.712	48.0194
3040.000000	102.623	46.5836
3070.000000	102.547	45.6235
3110.000000	102.435	44.4892
3150.000000	102.314	43.5202
3200.000000	102.155	42.5442
3250.000000	101.995	41.8273
3300.000000	101.841	41.3559
3350.000000	101.701	41.0955
3400.000000	101.581	41.0010
3450.000000	101.484	41.0285
3500.000000	101.412	41.1337
3550.000000	101.365	41.2702
3600.000000	101.343	41.3922
3650.000000	101.345	41.4579
3700.000000	101.367	41.4190
3750.000000	101.404	41.2257
3820.000000	101.462	40.6471
3870.000000	101.494	40.0095
3950.000000	101.503	38.6758
4000.000000	101.467	37.7417
4060.000000	101.378	36.6547
4120.000000	101.247	35.7240
4180.000000	101.095	35.0341
4250.000000	100.917	34.5427
4310.000000	100.780	34.2958
4370.000000	100.660	34.0995
4440.000000	100.529	33.8612
4500.000000	100.415	33.6591
4550.000000	100.313	33.5296
4620.000000	100.163	33.4824
4680.000000	100.035	33.6216
4750.000000	99.902	34.0197
4820.000000	99.807	34.6354
4870.000000	99.772	35.1484
4940.000000	99.772	35.8580
5000.000000	99.819	36.3529
5080.000000	99.938	36.6840
5150.000000	100.073	36.5516
5220.000000	100.213	35.9714
5300.000000	100.346	34.7868
5380.000000	100.419	33.1716
5450.000000	100.419	31.5683
5520.000000	100.354	29.9534
5600.000000	100.211	28.2773
5700.000000	99.956	26.6620
5800.000000	99.665	25.7129
5900.000000	99.384	25.4149
6000.000000	99.151	25.6497
6080.000000	99.015	26.1136
6150.000000	98.942	26.6408
6220.000000	98.918	27.2160
6300.000000	98.959	27.8501
6400.000000	99.127	28.4652
6500.000000	99.407	28.6855
6600.000000	99.780	28.2779
6700.000000	100.222	27.0002
6800.000000	100.695	24.6467
6900.000000	101.151	21.1495
7000.000000	101.561	16.4578
7100.000000	101.852	10.3407
7200.000000	101.895	3.1095
7300.000000	101.631	-4.3579
7400.000000	101.085	-11.2342
7500.000000	100.330	-16.9512
7620.000000	99.277	-21.9840
7750.000000	98.092	-25.2934
7880.000000	96.961	-26.7546
8000.000000	95.996	-26.8374
8120.000000	95.105	-26.0133
8250.000000	94.250	-24.3829
8380.000000	93.533	-22.2122
8500.000000	92.992	-19.8793
8620.000000	92.564	-17.3336
8750.000000	92.222	-14.4314
8850.000000	92.040	-12.1580
9000.000000	91.895	-8.7899
9120.000000	91.883	-6.2187
9250.000000	91.966	-3.6434
9380.000000	92.142	-1.3887
9500.000000	92.378	0.3014
9620.000000	92.673	1.5121
9750.000000	93.041	2.1612
9880.000000	93.432	1.9935
10000.000000	93.783	1.0357
10150.000000	94.151	-1.2448
10300.000000	94.368	-4.5365
10440.000000	94.383	-8.1374
10600.000000	94.156	-12.2523
10750.000000	93.733	-15.5152
10900.000000	93.170	-17.7951
11060.000000	92.503	-18.9921
11200.000000	91.930	-19.0664
11380.000000	91.285	-18.1897
11500.000000	90.937	-17.2730
11720.000000	90.486	-15.5836
11800.000000	90.374	-15.1247
12060.000000	90.121	-14.5624
12200.000000	90.020	-14.7806
12410.000000	89.908	-15.4928
12500.000000	89.891	-15.8793
12650.000000	89.930	-16.6217
12800.000000	90.075	-17.5591
13150.000000	90.948	-21.5515
13200.000000	91.142	-22.4778
13400.000000	92.085	-27.5814
13600.000000	93.223	-35.6944
13800.000000	94.338	-47.5441
14000.000000	95.106	-62.8496
14300.000000	95.110	-88.3749
14500.000000	94.413	-103.7465
14750.000000	93.241	-119.0974
15000.000000	92.218	-130.9297
15250.000000	91.630	-141.2238
15500.000000	91.593	-152.4986
15750.000000	92.018	-167.8383
16000.000000	92.388	170.2445
16250.000000	91.807	142.9356
16500.000000	89.715	116.0735
16750.000000	86.469	95.1674
17000.000000	82.897	81.3813
17250.000000	79.727	72.4742
17500.000000	77.377	64.4474
17750.000000	75.816	53.0197
18000.000000	74.566	35.7617
18250.000000	73.062	12.5204
18500.000000	70.956	-15.7175
18750.000000	68.094	-47.9712
19000.000000	64.342	-83.2714
19250.000000	59.483	-118.6664
19500.000000	53.438	-142.4987
19750.000000	47.889	-145.5731
20000.000000	46.260	-171.5450
