* Measurement data measured by REW V5.31.3
* Source: USB-C to 3.5mm Headphone Jack Adapter, USB-C to 3.5mm Headphone Jack Adapter, 0, volume: 0.295
* Format: 256k Log Swept Sine, 4 sweeps at -12.0 dBFS with no timing reference
* Dated: Jan 2, 2025 11:18:33 PM
* REW Settings:
*  C-weighting compensation: Off
*  Target level: 75.0 dB
* Note: ; 
* Measurement: Kiwi X HBB Punch Azla10 R
* Smoothing: 1/24 octave
* Frequency Step: 1/48 octave
* Start Frequency: 20.300 Hz
*
* Freq(Hz)	SPL(dB)	Phase(degrees)
20.299999	110.012	-11.8856
20.600000	109.990	-12.3932
20.900000	109.962	-12.9308
21.200001	109.933	-13.4566
21.400000	109.914	-13.8001
21.799999	109.881	-14.4755
22.000000	109.867	-14.8101
22.400000	109.842	-15.4781
22.700001	109.824	-15.9797
23.000000	109.806	-16.4809
23.299999	109.784	-16.9785
23.600000	109.760	-17.4687
24.000000	109.724	-18.1062
24.299999	109.696	-18.5716
24.700001	109.658	-19.1793
25.000000	109.629	-19.6296
25.400000	109.592	-20.2278
25.799999	109.555	-20.8240
26.200001	109.517	-21.4137
26.500000	109.488	-21.8483
26.900000	109.447	-22.4137
27.200001	109.416	-22.8267
27.600000	109.372	-23.3638
28.000000	109.329	-23.8885
28.500000	109.277	-24.5328
29.000000	109.226	-25.1707
29.500000	109.178	-25.8036
30.000000	109.128	-26.4244
30.400000	109.087	-26.9061
30.700001	109.055	-27.2578
31.100000	109.012	-27.7173
31.500000	108.968	-28.1726
32.000000	108.912	-28.7438
32.500000	108.857	-29.3168
33.000000	108.802	-29.8838
33.500000	108.750	-30.4399
34.000000	108.699	-30.9838
34.500000	108.646	-31.5109
35.000000	108.590	-32.0137
35.500000	108.531	-32.4926
36.000000	108.472	-32.9604
36.500000	108.414	-33.4308
37.000000	108.355	-33.9038
37.500000	108.296	-34.3681
38.200001	108.218	-34.9928
38.700001	108.163	-35.4272
39.500000	108.071	-36.1048
40.000000	108.011	-36.5128
40.599998	107.941	-36.9999
41.200001	107.874	-37.5099
41.799999	107.806	-38.0430
42.500000	107.724	-38.6479
43.099998	107.652	-39.1178
43.700001	107.580	-39.5466
44.400002	107.498	-40.0282
45.000000	107.427	-40.4461
45.500000	107.370	-40.8013
46.200001	107.291	-41.3058
46.799999	107.224	-41.7342
47.500000	107.142	-42.1946
48.200001	107.056	-42.5808
48.700001	106.997	-42.8311
49.400002	106.918	-43.2168
50.000000	106.850	-43.6125
50.799999	106.755	-44.1740
51.500000	106.672	-44.6285
52.200001	106.592	-45.0451
53.000000	106.501	-45.4964
53.799999	106.407	-45.9220
54.500000	106.327	-46.2793
55.200001	106.248	-46.6310
56.000000	106.156	-47.0274
57.000000	106.039	-47.5143
58.000000	105.922	-47.9868
59.000000	105.809	-48.4601
60.000000	105.694	-48.9123
60.799999	105.608	-49.2266
61.500000	105.541	-49.5104
62.200001	105.471	-49.8358
63.000000	105.376	-50.2038
64.000000	105.244	-50.5566
65.000000	105.122	-50.8766
66.000000	105.006	-51.2300
67.000000	104.892	-51.5456
68.000000	104.785	-51.8328
69.000000	104.676	-52.1710
70.000000	104.558	-52.5049
71.000000	104.446	-52.7427
72.000000	104.347	-52.9514
73.000000	104.246	-53.1951
74.000000	104.141	-53.4619
75.000000	104.035	-53.7441
76.199997	103.903	-54.0273
77.500000	103.769	-54.2583
78.800003	103.643	-54.5535
80.000000	103.520	-54.8056
81.199997	103.401	-55.0733
82.500000	103.285	-55.3649
83.800003	103.163	-55.6452
85.000000	103.024	-55.8424
86.199997	102.888	-55.9707
87.500000	102.754	-56.1356
88.500000	102.650	-56.2980
90.000000	102.496	-56.4951
91.199997	102.378	-56.6372
92.500000	102.247	-56.7641
93.800003	102.108	-56.8477
95.000000	101.981	-56.8999
96.199997	101.867	-56.9799
97.500000	101.747	-56.9818
98.800003	101.624	-56.9534
100.000000	101.509	-56.9906
101.500000	101.365	-56.9195
103.000000	101.217	-56.7595
104.400002	101.081	-56.6100
106.000000	100.926	-56.3441
107.500000	100.797	-56.1152
109.000000	100.699	-56.0122
110.599998	100.620	-55.9326
112.000000	100.564	-55.7458
113.800003	100.476	-55.6240
115.000000	100.404	-55.7760
117.199997	100.260	-56.1394
118.000000	100.205	-56.1588
120.599998	100.012	-56.1690
122.000000	99.913	-56.2462
124.099998	99.760	-56.2052
125.000000	99.688	-56.1830
126.500000	99.569	-56.1991
128.000000	99.446	-56.1676
131.500000	99.188	-55.9911
132.000000	99.153	-55.9587
134.000000	99.008	-55.7745
136.000000	98.853	-55.5696
138.000000	98.708	-55.4326
140.000000	98.577	-55.2087
143.000000	98.388	-54.8092
145.000000	98.262	-54.6196
147.500000	98.105	-54.2774
150.000000	97.950	-53.8988
152.500000	97.800	-53.5166
155.000000	97.659	-53.0853
157.500000	97.519	-52.6429
160.000000	97.373	-52.2108
162.500000	97.228	-51.7492
165.000000	97.086	-51.2675
167.500000	96.953	-50.7790
170.000000	96.831	-50.3539
172.500000	96.708	-49.9035
175.000000	96.587	-49.3792
177.500000	96.466	-48.8408
180.000000	96.354	-48.3090
182.500000	96.248	-47.8065
185.000000	96.141	-47.2893
187.500000	96.040	-46.7562
190.000000	95.947	-46.2303
192.500000	95.853	-45.6980
195.000000	95.760	-45.1610
197.500000	95.672	-44.6356
200.000000	95.590	-44.1270
203.000000	95.497	-43.5558
206.000000	95.407	-42.9854
209.000000	95.320	-42.4096
212.000000	95.235	-41.8292
214.000000	95.179	-41.4343
218.000000	95.071	-40.6578
220.000000	95.020	-40.2764
224.000000	94.921	-39.5018
227.000000	94.850	-38.9140
230.000000	94.781	-38.3334
233.000000	94.715	-37.7576
236.000000	94.651	-37.1874
240.000000	94.572	-36.4389
243.000000	94.515	-35.8814
247.000000	94.443	-35.1467
250.000000	94.391	-34.6075
254.000000	94.323	-33.8906
258.000000	94.260	-33.1767
262.000000	94.201	-32.4815
265.000000	94.160	-31.9645
269.000000	94.107	-31.2864
272.000000	94.068	-30.7891
276.000000	94.019	-30.1387
280.000000	93.973	-29.4993
285.000000	93.918	-28.7132
290.000000	93.867	-27.9446
295.000000	93.819	-27.2052
300.000000	93.775	-26.4879
304.000000	93.741	-25.9238
307.000000	93.716	-25.5080
311.000000	93.685	-24.9603
315.000000	93.655	-24.4212
320.000000	93.621	-23.7635
325.000000	93.588	-23.1168
330.000000	93.557	-22.4884
335.000000	93.529	-21.8759
340.000000	93.502	-21.2824
345.000000	93.476	-20.7007
350.000000	93.451	-20.1258
355.000000	93.428	-19.5620
360.000000	93.405	-19.0097
365.000000	93.383	-18.4775
370.000000	93.363	-17.9534
375.000000	93.344	-17.4379
382.000000	93.318	-16.7397
387.000000	93.300	-16.2447
395.000000	93.273	-15.4732
400.000000	93.257	-15.0067
406.000000	93.238	-14.4626
412.000000	93.221	-13.9228
418.000000	93.204	-13.3865
425.000000	93.184	-12.7764
431.000000	93.169	-12.2682
437.000000	93.154	-11.7678
444.000000	93.137	-11.1941
450.000000	93.122	-10.7113
455.000000	93.110	-10.3131
462.000000	93.094	-9.7663
468.000000	93.081	-9.3072
475.000000	93.065	-8.7740
482.000000	93.051	-8.2481
487.000000	93.041	-7.8799
494.000000	93.027	-7.3696
500.000000	93.016	-6.9354
508.000000	93.001	-6.3644
515.000000	92.989	-5.8706
522.000000	92.976	-5.3803
530.000000	92.963	-4.8247
538.000000	92.950	-4.2761
545.000000	92.939	-3.7978
552.000000	92.928	-3.3234
560.000000	92.915	-2.7879
570.000000	92.900	-2.1139
580.000000	92.885	-1.4422
590.000000	92.871	-0.7701
600.000000	92.861	-0.0917
608.000000	92.856	0.4474
615.000000	92.853	0.9052
622.000000	92.850	1.3430
630.000000	92.847	1.8235
640.000000	92.840	2.4148
650.000000	92.831	3.0143
660.000000	92.822	3.6222
670.000000	92.814	4.2343
680.000000	92.806	4.8520
690.000000	92.800	5.4693
700.000000	92.794	6.0903
710.000000	92.789	6.7150
720.000000	92.784	7.3386
730.000000	92.781	7.9614
740.000000	92.779	8.5834
750.000000	92.779	9.2051
762.000000	92.780	9.9581
775.000000	92.782	10.7799
788.000000	92.787	11.6040
800.000000	92.792	12.3624
812.000000	92.796	13.1224
825.000000	92.801	13.9507
838.000000	92.808	14.7804
850.000000	92.818	15.5437
862.000000	92.831	16.3080
875.000000	92.850	17.1422
885.000000	92.868	17.7835
900.000000	92.903	18.7245
912.000000	92.934	19.4484
925.000000	92.971	20.2041
938.000000	93.009	20.9414
950.000000	93.046	21.6083
962.000000	93.085	22.2612
975.000000	93.131	22.9480
988.000000	93.178	23.6113
1000.000000	93.224	24.2012
1015.000000	93.282	24.9088
1030.000000	93.341	25.5813
1044.000000	93.397	26.1735
1060.000000	93.461	26.8147
1075.000000	93.521	27.3850
1090.000000	93.580	27.9267
1106.000000	93.644	28.4755
1120.000000	93.701	28.9197
1138.000000	93.771	29.4250
1150.000000	93.814	29.7245
1172.000000	93.881	30.2307
1180.000000	93.902	30.4082
1206.000000	93.960	30.9788
1220.000000	93.984	31.2851
1241.000000	94.014	31.7509
1250.000000	94.025	31.9572
1265.000000	94.041	32.3142
1280.000000	94.051	32.6968
1315.000000	94.049	33.7999
1320.000000	94.046	33.9965
1340.000000	94.030	34.9416
1360.000000	94.028	36.2294
1380.000000	94.088	37.8527
1400.000000	94.247	39.4469
1430.000000	94.588	40.6486
1450.000000	94.765	40.7420
1475.000000	94.905	40.8117
1500.000000	95.013	41.0427
1525.000000	95.114	41.2530
1550.000000	95.192	41.3853
1575.000000	95.237	41.5571
1600.000000	95.259	41.8616
1625.000000	95.267	42.3210
1650.000000	95.272	42.9292
1675.000000	95.283	43.6726
1700.000000	95.310	44.5087
1725.000000	95.356	45.3439
1750.000000	95.409	46.0937
1775.000000	95.455	46.7657
1800.000000	95.484	47.4339
1825.000000	95.496	48.1778
1850.000000	95.494	49.0659
1875.000000	95.486	50.1665
1900.000000	95.484	51.5320
1925.000000	95.505	53.1651
1950.000000	95.566	54.9980
1975.000000	95.668	56.9496
2000.000000	95.813	59.0292
2030.000000	96.077	61.7733
2060.000000	96.496	64.4746
2090.000000	97.060	66.3372
2120.000000	97.661	66.9149
2140.000000	98.030	66.6908
2180.000000	98.634	65.4324
2200.000000	98.873	64.6603
2240.000000	99.269	63.1151
2270.000000	99.515	61.9723
2300.000000	99.723	60.8747
2330.000000	99.903	59.8843
2360.000000	100.072	59.0186
2400.000000	100.304	57.9332
2430.000000	100.483	57.0220
2470.000000	100.700	55.5730
2500.000000	100.830	54.3941
2540.000000	100.963	52.9303
2580.000000	101.088	51.6338
2620.000000	101.218	50.2998
2650.000000	101.308	49.2057
2690.000000	101.405	47.6471
2720.000000	101.457	46.4378
2760.000000	101.498	44.8124
2800.000000	101.507	43.2099
2850.000000	101.474	41.2954
2900.000000	101.398	39.5456
2950.000000	101.286	38.0283
3000.000000	101.152	36.7972
3040.000000	101.040	36.0302
3070.000000	100.960	35.5709
3110.000000	100.865	35.0812
3150.000000	100.788	34.6761
3200.000000	100.715	34.1799
3250.000000	100.657	33.5934
3300.000000	100.593	32.9049
3350.000000	100.510	32.2088
3400.000000	100.412	31.6082
3450.000000	100.311	31.1373
3500.000000	100.217	30.7737
3550.000000	100.134	30.4706
3600.000000	100.063	30.1762
3650.000000	99.999	29.8505
3700.000000	99.935	29.4912
3750.000000	99.869	29.1310
3820.000000	99.777	28.6713
3870.000000	99.718	28.3527
3950.000000	99.630	27.8181
4000.000000	99.580	27.4674
4060.000000	99.526	26.9698
4120.000000	99.473	26.3035
4180.000000	99.403	25.4537
4250.000000	99.281	24.3366
4310.000000	99.138	23.3949
4370.000000	98.963	22.5592
4440.000000	98.728	21.7966
4500.000000	98.509	21.3713
4550.000000	98.321	21.2022
4620.000000	98.062	21.2662
4680.000000	97.855	21.5879
4750.000000	97.645	22.2350
4820.000000	97.481	23.1130
4870.000000	97.399	23.8283
4940.000000	97.340	24.8550
5000.000000	97.342	25.6559
5080.000000	97.410	26.4385
5150.000000	97.514	26.7346
5220.000000	97.634	26.5995
5300.000000	97.761	25.9202
5380.000000	97.848	24.7778
5450.000000	97.873	23.5328
5520.000000	97.844	22.2028
5600.000000	97.751	20.7541
5700.000000	97.569	19.2767
5800.000000	97.356	18.2926
5900.000000	97.156	17.7823
6000.000000	97.002	17.6297
6080.000000	96.929	17.6541
6150.000000	96.909	17.6956
6220.000000	96.935	17.6760
6300.000000	97.028	17.4765
6400.000000	97.241	16.8103
6500.000000	97.538	15.5118
6600.000000	97.903	13.3573
6700.000000	98.310	10.0032
6800.000000	98.693	5.0703
6900.000000	98.933	-1.5710
7000.000000	98.894	-9.4890
7100.000000	98.503	-17.7271
7200.000000	97.784	-25.2741
7300.000000	96.827	-31.4868
7400.000000	95.732	-36.0857
7500.000000	94.594	-39.0640
7620.000000	93.276	-40.8015
7750.000000	91.985	-40.9903
7880.000000	90.862	-39.9707
8000.000000	89.959	-38.3074
8120.000000	89.152	-36.1763
8250.000000	88.398	-33.5179
8380.000000	87.779	-30.6238
8500.000000	87.325	-27.8071
8620.000000	86.977	-24.9161
8750.000000	86.712	-21.7663
8850.000000	86.582	-19.3637
9000.000000	86.499	-15.8931
9120.000000	86.520	-13.3096
9250.000000	86.621	-10.7915
9380.000000	86.790	-8.6510
9500.000000	86.989	-7.1010
9620.000000	87.212	-6.0372
9750.000000	87.454	-5.4915
9880.000000	87.664	-5.5829
10000.000000	87.799	-6.1645
10150.000000	87.856	-7.3242
10300.000000	87.774	-8.6625
10440.000000	87.571	-9.8403
10600.000000	87.197	-10.8060
10750.000000	86.739	-11.0686
10900.000000	86.222	-10.5472
11060.000000	85.663	-9.1283
11200.000000	85.209	-7.2772
11380.000000	84.717	-4.3436
11500.000000	84.462	-2.2459
11720.000000	84.158	1.3673
11800.000000	84.094	2.4795
12060.000000	84.002	4.9847
12200.000000	83.991	5.6424
12410.000000	84.012	5.9987
12500.000000	84.047	6.0075
12650.000000	84.173	5.8945
12800.000000	84.413	5.6070
13150.000000	85.637	3.4296
13200.000000	85.912	2.8036
13400.000000	87.322	-1.0829
13600.000000	89.247	-8.4884
13800.000000	91.467	-21.6361
14000.000000	93.331	-41.8482
14300.000000	93.928	-79.6702
14500.000000	92.782	-102.0514
14750.000000	90.741	-121.9648
15000.000000	89.078	-135.6765
15250.000000	88.044	-147.8479
15500.000000	87.360	-161.7902
15750.000000	86.513	-178.6936
16000.000000	85.026	163.1134
16250.000000	82.823	147.2573
16500.000000	80.287	136.3939
16750.000000	78.051	129.5200
17000.000000	76.389	122.7218
17250.000000	74.994	113.8863
17500.000000	73.652	103.1182
17750.000000	72.332	89.9853
18000.000000	70.957	73.6805
18250.000000	69.379	53.5936
18500.000000	67.376	29.7291
18750.000000	64.636	3.4138
19000.000000	60.898	-22.2106
19250.000000	56.616	-44.2536
19500.000000	53.674	-69.2659
19750.000000	52.775	-110.1161
20000.000000	52.430	-159.2531
