* Measurement data measured by REW V5.31.3
* Source: USB-C to 3.5mm Headphone Jack Adapter, USB-C to 3.5mm Headphone Jack Adapter, 0, volume: 0.295
* Format: 256k Log Swept Sine, 4 sweeps at -12.0 dBFS with no timing reference
* Dated: Jan 2, 2025 11:11:57 PM
* REW Settings:
*  C-weighting compensation: Off
*  Target level: 75.0 dB
* Note: ; 
* Measurement: Kiwi X HBB Punch 10ohm R
* Smoothing: 1/24 octave
* Frequency Step: 1/48 octave
* Start Frequency: 20.300 Hz
*
* Freq(Hz)	SPL(dB)	Phase(degrees)
20.299999	110.394	-10.4805
20.600000	110.382	-10.9673
20.900000	110.364	-11.4991
21.200001	110.343	-12.0376
21.400000	110.328	-12.3967
21.799999	110.295	-13.1036
22.000000	110.279	-13.4459
22.400000	110.246	-14.1002
22.700001	110.223	-14.5665
23.000000	110.203	-15.0207
23.299999	110.184	-15.4730
23.600000	110.165	-15.9313
24.000000	110.137	-16.5556
24.299999	110.115	-17.0289
24.700001	110.081	-17.6540
25.000000	110.054	-18.1113
25.400000	110.018	-18.7020
25.799999	109.983	-19.2743
26.200001	109.949	-19.8340
26.500000	109.923	-20.2474
26.900000	109.888	-20.7898
27.200001	109.861	-21.1896
27.600000	109.824	-21.7142
28.000000	109.787	-22.2323
28.500000	109.739	-22.8759
29.000000	109.691	-23.5146
29.500000	109.642	-24.1402
30.000000	109.592	-24.7449
30.400000	109.552	-25.2140
30.700001	109.523	-25.5599
31.100000	109.484	-26.0179
31.500000	109.445	-26.4750
32.000000	109.395	-27.0440
32.500000	109.343	-27.6022
33.000000	109.290	-28.1416
33.500000	109.238	-28.6630
34.000000	109.186	-29.1739
34.500000	109.134	-29.6803
35.000000	109.081	-30.1816
35.500000	109.028	-30.6739
36.000000	108.976	-31.1572
36.500000	108.925	-31.6351
37.000000	108.873	-32.1080
37.500000	108.821	-32.5702
38.200001	108.746	-33.1949
38.700001	108.693	-33.6349
39.500000	108.605	-34.3434
40.000000	108.547	-34.7721
40.599998	108.478	-35.2502
41.200001	108.415	-35.7032
41.799999	108.355	-36.1663
42.500000	108.282	-36.7251
43.099998	108.212	-37.1895
43.700001	108.141	-37.6345
44.400002	108.062	-38.1588
45.000000	107.997	-38.6145
45.500000	107.944	-38.9798
46.200001	107.874	-39.4569
46.799999	107.814	-39.8509
47.500000	107.738	-40.3085
48.200001	107.655	-40.7610
48.700001	107.595	-41.0862
49.400002	107.515	-41.5503
50.000000	107.446	-41.9405
50.799999	107.357	-42.4178
51.500000	107.282	-42.8073
52.200001	107.207	-43.1984
53.000000	107.120	-43.6468
53.799999	107.030	-44.0766
54.500000	106.951	-44.4399
55.200001	106.872	-44.8016
56.000000	106.784	-45.2045
57.000000	106.679	-45.6810
58.000000	106.570	-46.1545
59.000000	106.456	-46.6316
60.000000	106.353	-47.1066
60.799999	106.278	-47.4178
61.500000	106.216	-47.6352
62.200001	106.149	-47.8867
63.000000	106.054	-48.2532
64.000000	105.920	-48.7007
65.000000	105.805	-49.0896
66.000000	105.700	-49.4441
67.000000	105.591	-49.7763
68.000000	105.480	-50.1442
69.000000	105.370	-50.5021
70.000000	105.265	-50.8220
71.000000	105.160	-51.1313
72.000000	105.055	-51.4228
73.000000	104.951	-51.6881
74.000000	104.848	-51.9397
75.000000	104.743	-52.1980
76.199997	104.616	-52.5177
77.500000	104.482	-52.8394
78.800003	104.351	-53.1196
80.000000	104.227	-53.3767
81.199997	104.099	-53.6782
82.500000	103.964	-53.9858
83.800003	103.839	-54.1857
85.000000	103.724	-54.3262
86.199997	103.603	-54.4960
87.500000	103.474	-54.6874
88.500000	103.378	-54.8294
90.000000	103.233	-55.0248
91.199997	103.118	-55.1661
92.500000	102.995	-55.3022
93.800003	102.876	-55.4303
95.000000	102.765	-55.5291
96.199997	102.648	-55.6040
97.500000	102.522	-55.6876
98.800003	102.406	-55.8004
100.000000	102.302	-55.8953
101.500000	102.164	-55.9710
103.000000	102.025	-56.0253
104.400002	101.899	-56.0347
106.000000	101.757	-56.0504
107.500000	101.624	-56.1104
109.000000	101.491	-56.1224
110.599998	101.350	-56.0639
112.000000	101.225	-56.0253
113.800003	101.069	-56.0320
115.000000	100.966	-55.9576
117.199997	100.780	-55.7373
118.000000	100.712	-55.7200
120.599998	100.504	-55.6032
122.000000	100.379	-55.4275
124.099998	100.179	-54.9775
125.000000	100.104	-54.6759
126.500000	100.011	-54.2761
128.000000	99.936	-54.1030
131.500000	99.747	-53.4061
132.000000	99.730	-53.3321
134.000000	99.652	-53.2355
136.000000	99.530	-53.2632
138.000000	99.412	-53.1181
140.000000	99.309	-52.9506
143.000000	99.121	-52.8400
145.000000	98.989	-52.6603
147.500000	98.839	-52.3200
150.000000	98.687	-51.9223
152.500000	98.530	-51.5775
155.000000	98.375	-51.2566
157.500000	98.229	-50.8363
160.000000	98.101	-50.2889
162.500000	97.971	-49.7585
165.000000	97.840	-49.2713
167.500000	97.717	-48.8470
170.000000	97.591	-48.4049
172.500000	97.470	-47.9638
175.000000	97.352	-47.5261
177.500000	97.238	-47.0453
180.000000	97.132	-46.5795
182.500000	97.023	-46.0568
185.000000	96.915	-45.5033
187.500000	96.812	-44.9835
190.000000	96.717	-44.5020
192.500000	96.625	-43.9850
195.000000	96.533	-43.4524
197.500000	96.445	-42.9143
200.000000	96.366	-42.3680
203.000000	96.275	-41.6889
206.000000	96.188	-41.0629
209.000000	96.107	-40.4659
212.000000	96.026	-39.8530
214.000000	95.973	-39.4479
218.000000	95.875	-38.6831
220.000000	95.829	-38.3054
224.000000	95.737	-37.5403
227.000000	95.671	-36.9722
230.000000	95.607	-36.4042
233.000000	95.545	-35.8400
236.000000	95.486	-35.2762
240.000000	95.410	-34.5238
243.000000	95.355	-33.9674
247.000000	95.286	-33.2361
250.000000	95.237	-32.6912
254.000000	95.173	-31.9792
258.000000	95.112	-31.2818
262.000000	95.055	-30.5919
265.000000	95.015	-30.0781
269.000000	94.964	-29.4009
272.000000	94.927	-28.9037
276.000000	94.881	-28.2526
280.000000	94.837	-27.6143
285.000000	94.786	-26.8287
290.000000	94.738	-26.0628
295.000000	94.695	-25.3099
300.000000	94.655	-24.5771
304.000000	94.625	-24.0090
307.000000	94.604	-23.5905
311.000000	94.578	-23.0417
315.000000	94.553	-22.5074
320.000000	94.523	-21.8567
325.000000	94.496	-21.2244
330.000000	94.470	-20.6099
335.000000	94.445	-20.0149
340.000000	94.422	-19.4329
345.000000	94.398	-18.8669
350.000000	94.376	-18.3136
355.000000	94.355	-17.7666
360.000000	94.335	-17.2309
365.000000	94.315	-16.7059
370.000000	94.295	-16.1888
375.000000	94.277	-15.6826
382.000000	94.253	-14.9859
387.000000	94.236	-14.4946
395.000000	94.212	-13.7275
400.000000	94.197	-13.2586
406.000000	94.181	-12.7017
412.000000	94.166	-12.1511
418.000000	94.152	-11.6114
425.000000	94.137	-10.9961
431.000000	94.127	-10.4838
437.000000	94.117	-9.9849
444.000000	94.107	-9.4171
450.000000	94.098	-8.9460
455.000000	94.091	-8.5630
462.000000	94.081	-8.0430
468.000000	94.071	-7.6080
475.000000	94.060	-7.1135
482.000000	94.047	-6.6255
487.000000	94.037	-6.2787
494.000000	94.023	-5.7939
500.000000	94.012	-5.3786
508.000000	93.997	-4.8272
515.000000	93.984	-4.3437
522.000000	93.971	-3.8644
530.000000	93.958	-3.3252
538.000000	93.944	-2.7882
545.000000	93.933	-2.3185
552.000000	93.922	-1.8479
560.000000	93.911	-1.3149
570.000000	93.896	-0.6558
580.000000	93.883	0.0053
590.000000	93.870	0.6599
600.000000	93.858	1.3093
608.000000	93.849	1.8267
615.000000	93.842	2.2779
622.000000	93.835	2.7276
630.000000	93.828	3.2382
640.000000	93.819	3.8765
650.000000	93.811	4.5167
660.000000	93.804	5.1569
670.000000	93.797	5.7976
680.000000	93.791	6.4340
690.000000	93.786	7.0714
700.000000	93.783	7.7111
710.000000	93.780	8.3523
720.000000	93.778	8.9944
730.000000	93.777	9.6406
740.000000	93.778	10.2894
750.000000	93.779	10.9387
762.000000	93.783	11.7197
775.000000	93.788	12.5724
788.000000	93.796	13.4309
800.000000	93.805	14.2252
812.000000	93.813	15.0215
825.000000	93.823	15.8851
838.000000	93.836	16.7515
850.000000	93.852	17.5523
862.000000	93.871	18.3519
875.000000	93.895	19.2148
885.000000	93.918	19.8760
900.000000	93.956	20.8591
912.000000	93.991	21.6352
925.000000	94.033	22.4658
938.000000	94.080	23.2778
950.000000	94.127	24.0094
962.000000	94.178	24.7215
975.000000	94.237	25.4698
988.000000	94.299	26.1921
1000.000000	94.359	26.8343
1015.000000	94.436	27.5997
1030.000000	94.516	28.3214
1044.000000	94.593	28.9566
1060.000000	94.683	29.6329
1075.000000	94.768	30.2190
1090.000000	94.852	30.7629
1106.000000	94.942	31.2944
1120.000000	95.019	31.7208
1138.000000	95.115	32.2235
1150.000000	95.177	32.5321
1172.000000	95.286	33.0466
1180.000000	95.324	33.2200
1206.000000	95.440	33.7433
1220.000000	95.499	34.0049
1241.000000	95.582	34.3766
1250.000000	95.617	34.5298
1265.000000	95.677	34.7800
1280.000000	95.736	35.0271
1315.000000	95.864	35.5984
1320.000000	95.881	35.6806
1340.000000	95.946	36.0153
1360.000000	96.009	36.3587
1380.000000	96.067	36.7106
1400.000000	96.123	37.0759
1430.000000	96.204	37.6504
1450.000000	96.256	38.0523
1475.000000	96.320	38.5735
1500.000000	96.384	39.1145
1525.000000	96.450	39.6766
1550.000000	96.516	40.2550
1575.000000	96.584	40.8442
1600.000000	96.652	41.4386
1625.000000	96.718	42.0402
1650.000000	96.784	42.6518
1675.000000	96.853	43.2731
1700.000000	96.926	43.9001
1725.000000	97.002	44.5266
1750.000000	97.082	45.1503
1775.000000	97.166	45.7708
1800.000000	97.254	46.3853
1825.000000	97.347	46.9880
1850.000000	97.444	47.5774
1875.000000	97.545	48.1527
1900.000000	97.650	48.7083
1925.000000	97.759	49.2417
1950.000000	97.871	49.7541
1975.000000	97.988	50.2458
2000.000000	98.110	50.7122
2030.000000	98.263	51.2330
2060.000000	98.422	51.7065
2090.000000	98.587	52.1306
2120.000000	98.756	52.5010
2140.000000	98.872	52.7156
2180.000000	99.108	53.0583
2200.000000	99.228	53.1837
2240.000000	99.472	53.3362
2270.000000	99.657	53.3609
2300.000000	99.844	53.3039
2330.000000	100.030	53.1600
2360.000000	100.216	52.9270
2400.000000	100.460	52.4740
2430.000000	100.638	52.0236
2470.000000	100.866	51.2749
2500.000000	101.030	50.6044
2540.000000	101.234	49.5706
2580.000000	101.419	48.3864
2620.000000	101.579	47.0694
2650.000000	101.681	46.0080
2690.000000	101.792	44.5139
2720.000000	101.854	43.3506
2760.000000	101.907	41.7694
2800.000000	101.928	40.1866
2850.000000	101.908	38.2580
2900.000000	101.842	36.4517
2950.000000	101.737	34.8258
3000.000000	101.604	33.4137
3040.000000	101.485	32.4357
3070.000000	101.390	31.7839
3110.000000	101.259	31.0175
3150.000000	101.122	30.3687
3200.000000	100.948	29.7286
3250.000000	100.774	29.2779
3300.000000	100.606	29.0060
3350.000000	100.448	28.8964
3400.000000	100.304	28.9288
3450.000000	100.179	29.0815
3500.000000	100.076	29.3230
3550.000000	100.000	29.6025
3600.000000	99.950	29.8564
3650.000000	99.922	30.0257
3700.000000	99.908	30.0760
3750.000000	99.900	30.0087
3820.000000	99.891	29.7469
3870.000000	99.883	29.4540
3950.000000	99.862	28.8124
4000.000000	99.839	28.3045
4060.000000	99.792	27.6035
4120.000000	99.726	26.8380
4180.000000	99.639	26.0498
4250.000000	99.518	25.1429
4310.000000	99.398	24.3862
4370.000000	99.265	23.6428
4440.000000	99.087	22.8026
4500.000000	98.911	22.1508
4550.000000	98.748	21.7088
4620.000000	98.504	21.3248
4680.000000	98.293	21.2435
4750.000000	98.061	21.4270
4820.000000	97.858	21.8611
4870.000000	97.739	22.2791
4940.000000	97.616	22.9358
5000.000000	97.552	23.4822
5080.000000	97.527	24.0212
5150.000000	97.545	24.1623
5220.000000	97.576	23.9033
5300.000000	97.591	23.1280
5380.000000	97.553	21.9846
5450.000000	97.464	20.8458
5520.000000	97.323	19.7141
5600.000000	97.107	18.5531
5700.000000	96.770	17.4604
5800.000000	96.388	16.8895
5900.000000	95.989	16.8886
6000.000000	95.600	17.4563
6080.000000	95.314	18.3008
6150.000000	95.094	19.2898
6220.000000	94.912	20.4687
6300.000000	94.765	21.9805
6400.000000	94.686	24.0009
6500.000000	94.713	26.0457
6600.000000	94.842	27.9970
6700.000000	95.074	29.7154
6800.000000	95.414	31.0192
6900.000000	95.855	31.6878
7000.000000	96.384	31.4910
7100.000000	96.974	30.1998
7200.000000	97.586	27.5819
7300.000000	98.155	23.4545
7400.000000	98.591	17.8218
7500.000000	98.798	11.0448
7620.000000	98.673	2.3534
7750.000000	98.094	-6.3804
7880.000000	97.183	-13.2567
8000.000000	96.185	-17.5740
8120.000000	95.138	-20.0766
8250.000000	94.053	-21.1356
8380.000000	93.090	-20.9148
8500.000000	92.331	-19.9016
8620.000000	91.699	-18.3422
8750.000000	91.154	-16.2271
8850.000000	90.829	-14.3978
9000.000000	90.490	-11.4694
9120.000000	90.340	-9.0748
9250.000000	90.293	-6.5477
9380.000000	90.360	-4.2069
9500.000000	90.516	-2.3252
9620.000000	90.752	-0.8395
9750.000000	91.081	0.1699
9880.000000	91.459	0.4089
10000.000000	91.823	-0.1426
10150.000000	92.249	-1.9143
10300.000000	92.581	-4.8780
10440.000000	92.737	-8.5790
10600.000000	92.657	-13.3822
10750.000000	92.310	-17.6823
10900.000000	91.747	-21.1131
11060.000000	91.005	-23.3979
11200.000000	90.322	-24.2008
11380.000000	89.497	-23.8922
11500.000000	89.020	-23.1251
11720.000000	88.333	-21.3172
11800.000000	88.140	-20.7198
12060.000000	87.656	-19.5867
12200.000000	87.439	-19.5547
12410.000000	87.130	-20.0345
12500.000000	87.012	-20.3434
12650.000000	86.857	-20.9308
12800.000000	86.775	-21.6252
13150.000000	86.998	-24.3194
13200.000000	87.090	-24.9241
13400.000000	87.639	-28.2152
13600.000000	88.497	-33.6718
13800.000000	89.539	-42.5524
14000.000000	90.480	-55.2686
14300.000000	91.077	-79.5292
14500.000000	90.717	-96.3000
14750.000000	89.602	-114.3597
15000.000000	88.260	-127.8723
15250.000000	87.129	-137.8115
15500.000000	86.410	-145.9072
15750.000000	86.184	-153.9020
16000.000000	86.519	-163.7028
16250.000000	87.324	-177.4998
16500.000000	88.115	163.0573
16750.000000	88.288	138.2359
17000.000000	87.337	110.7404
17250.000000	85.250	84.8990
17500.000000	82.580	62.5377
17750.000000	79.851	42.1769
18000.000000	77.229	21.3920
18250.000000	74.566	-1.4897
18500.000000	71.534	-26.7612
18750.000000	67.784	-52.8094
19000.000000	63.203	-75.7561
19250.000000	58.579	-94.7531
19500.000000	55.833	-120.5770
19750.000000	54.701	-163.7029
20000.000000	53.931	145.7515
