* Measurement data measured by REW V5.31.3
* Source: USB-C to 3.5mm Headphone Jack Adapter, USB-C to 3.5mm Headphone Jack Adapter, 0, volume: 0.295
* Format: 256k Log Swept Sine, 4 sweeps at -12.0 dBFS with no timing reference
* Dated: Dec 30, 2024 10:40:54 PM
* REW Settings:
*  C-weighting compensation: Off
*  Target level: 75.0 dB
* Note: ; 
* Measurement: Kiwi X HBB Punch Flex R
* Smoothing: 1/24 octave
* Frequency Step: 1/48 octave
* Start Frequency: 20.300 Hz
*
* Freq(Hz)	SPL(dB)	Phase(degrees)
20.299999	108.133	-8.3778
20.600000	108.107	-8.8637
20.900000	108.076	-9.3582
21.200001	108.048	-9.8332
21.400000	108.034	-10.1497
21.799999	108.016	-10.8100
22.000000	108.009	-11.1594
22.400000	107.996	-11.8840
22.700001	107.982	-12.4236
23.000000	107.963	-12.9336
23.299999	107.941	-13.4003
23.600000	107.918	-13.8257
24.000000	107.888	-14.3563
24.299999	107.867	-14.7531
24.700001	107.838	-15.3072
25.000000	107.815	-15.7429
25.400000	107.779	-16.3343
25.799999	107.742	-16.9138
26.200001	107.707	-17.4674
26.500000	107.683	-17.8661
26.900000	107.654	-18.3820
27.200001	107.633	-18.7601
27.600000	107.603	-19.2528
28.000000	107.570	-19.7317
28.500000	107.525	-20.3159
29.000000	107.477	-20.8975
29.500000	107.427	-21.4860
30.000000	107.377	-22.0771
30.400000	107.338	-22.5446
30.700001	107.309	-22.8895
31.100000	107.271	-23.3408
31.500000	107.233	-23.7820
32.000000	107.186	-24.3176
32.500000	107.139	-24.8344
33.000000	107.092	-25.3354
33.500000	107.045	-25.8257
34.000000	106.997	-26.3072
34.500000	106.947	-26.7776
35.000000	106.896	-27.2378
35.500000	106.846	-27.6952
36.000000	106.795	-28.1578
36.500000	106.745	-28.6244
37.000000	106.694	-29.0847
37.500000	106.643	-29.5282
38.200001	106.571	-30.1148
38.700001	106.518	-30.5127
39.500000	106.432	-31.1344
40.000000	106.379	-31.5354
40.599998	106.318	-32.0417
41.200001	106.257	-32.5469
41.799999	106.196	-33.0025
42.500000	106.127	-33.4576
43.099998	106.070	-33.8262
43.700001	106.009	-34.2130
44.400002	105.933	-34.6883
45.000000	105.868	-35.0982
45.500000	105.814	-35.4313
46.200001	105.740	-35.8786
46.799999	105.678	-36.2515
47.500000	105.603	-36.6867
48.200001	105.529	-37.1093
48.700001	105.479	-37.3937
49.400002	105.414	-37.7819
50.000000	105.356	-38.1223
50.799999	105.268	-38.5663
51.500000	105.186	-38.9192
52.200001	105.110	-39.2624
53.000000	105.035	-39.6777
53.799999	104.959	-40.0976
54.500000	104.885	-40.4425
55.200001	104.805	-40.7596
56.000000	104.713	-41.1039
57.000000	104.608	-41.5526
58.000000	104.509	-42.0012
59.000000	104.414	-42.4344
60.000000	104.311	-42.8746
60.799999	104.224	-43.1406
61.500000	104.157	-43.3116
62.200001	104.096	-43.5176
63.000000	104.018	-43.8247
64.000000	103.909	-44.1904
65.000000	103.805	-44.5148
66.000000	103.701	-44.8404
67.000000	103.598	-45.1494
68.000000	103.508	-45.4671
69.000000	103.422	-45.7873
70.000000	103.324	-46.0501
71.000000	103.219	-46.2787
72.000000	103.114	-46.5414
73.000000	103.016	-46.7986
74.000000	102.923	-47.0226
75.000000	102.827	-47.2418
76.199997	102.712	-47.5024
77.500000	102.589	-47.7725
78.800003	102.462	-47.9988
80.000000	102.344	-48.2230
81.199997	102.228	-48.4467
82.500000	102.109	-48.6517
83.800003	101.988	-48.8401
85.000000	101.873	-48.9789
86.199997	101.761	-49.1163
87.500000	101.641	-49.3044
88.500000	101.549	-49.4187
90.000000	101.414	-49.5348
91.199997	101.303	-49.6313
92.500000	101.181	-49.6953
93.800003	101.057	-49.7213
95.000000	100.945	-49.7717
96.199997	100.835	-49.7731
97.500000	100.715	-49.7225
98.800003	100.601	-49.6760
100.000000	100.512	-49.6169
101.500000	100.397	-49.4506
103.000000	100.289	-49.3190
104.400002	100.212	-49.2181
106.000000	100.135	-49.0682
107.500000	100.052	-49.1328
109.000000	99.967	-49.2518
110.599998	99.876	-49.3204
112.000000	99.779	-49.3843
113.800003	99.633	-49.4700
115.000000	99.538	-49.5217
117.199997	99.384	-49.5613
118.000000	99.329	-49.5472
120.599998	99.146	-49.4452
122.000000	99.051	-49.3981
124.099998	98.904	-49.3132
125.000000	98.840	-49.2723
126.500000	98.738	-49.1788
128.000000	98.641	-49.0648
131.500000	98.415	-48.7624
132.000000	98.384	-48.7165
134.000000	98.260	-48.5150
136.000000	98.138	-48.3000
138.000000	98.016	-48.0859
140.000000	97.897	-47.8459
143.000000	97.726	-47.4656
145.000000	97.615	-47.1969
147.500000	97.473	-46.8088
150.000000	97.335	-46.3775
152.500000	97.209	-46.0482
155.000000	97.087	-45.6863
157.500000	96.966	-45.2697
160.000000	96.844	-44.8365
162.500000	96.723	-44.4085
165.000000	96.606	-43.9791
167.500000	96.491	-43.5337
170.000000	96.378	-43.0819
172.500000	96.268	-42.6222
175.000000	96.162	-42.1671
177.500000	96.058	-41.7124
180.000000	95.958	-41.2550
182.500000	95.862	-40.7865
185.000000	95.767	-40.3110
187.500000	95.675	-39.8320
190.000000	95.587	-39.3537
192.500000	95.500	-38.8782
195.000000	95.417	-38.3998
197.500000	95.335	-37.9159
200.000000	95.257	-37.4369
203.000000	95.171	-36.8581
206.000000	95.089	-36.2729
209.000000	95.010	-35.6879
212.000000	94.935	-35.1112
214.000000	94.887	-34.7387
218.000000	94.797	-33.9888
220.000000	94.753	-33.6071
224.000000	94.667	-32.8488
227.000000	94.604	-32.2919
230.000000	94.546	-31.7343
233.000000	94.492	-31.1832
236.000000	94.440	-30.6407
240.000000	94.373	-29.9218
243.000000	94.326	-29.3850
247.000000	94.268	-28.6588
250.000000	94.227	-28.1112
254.000000	94.170	-27.4648
258.000000	94.116	-26.8124
262.000000	94.066	-26.1570
265.000000	94.031	-25.6761
269.000000	93.987	-25.0433
272.000000	93.955	-24.5769
276.000000	93.914	-23.9647
280.000000	93.877	-23.3560
285.000000	93.833	-22.6132
290.000000	93.792	-21.8929
295.000000	93.754	-21.1866
300.000000	93.718	-20.4941
304.000000	93.692	-19.9631
307.000000	93.673	-19.5732
311.000000	93.648	-19.0595
315.000000	93.625	-18.5516
320.000000	93.598	-17.9333
325.000000	93.574	-17.3258
330.000000	93.551	-16.7268
335.000000	93.530	-16.1453
340.000000	93.508	-15.5827
345.000000	93.487	-15.0430
350.000000	93.465	-14.5319
355.000000	93.451	-13.9852
360.000000	93.437	-13.4515
365.000000	93.422	-12.9433
370.000000	93.407	-12.4482
375.000000	93.393	-11.9619
382.000000	93.374	-11.2980
387.000000	93.361	-10.8353
395.000000	93.343	-10.1058
400.000000	93.332	-9.6597
406.000000	93.318	-9.1402
412.000000	93.305	-8.6304
418.000000	93.292	-8.1312
425.000000	93.279	-7.5584
431.000000	93.268	-7.0718
437.000000	93.256	-6.5915
444.000000	93.239	-6.0291
450.000000	93.224	-5.5432
455.000000	93.218	-5.1808
462.000000	93.211	-4.6836
468.000000	93.202	-4.2422
475.000000	93.192	-3.7313
482.000000	93.182	-3.2250
487.000000	93.174	-2.8687
494.000000	93.164	-2.3765
500.000000	93.156	-1.9570
508.000000	93.145	-1.4012
515.000000	93.136	-0.9241
522.000000	93.128	-0.4522
530.000000	93.119	0.0813
538.000000	93.109	0.6057
545.000000	93.101	1.0642
552.000000	93.093	1.5208
560.000000	93.083	2.0305
570.000000	93.071	2.6639
580.000000	93.059	3.2969
590.000000	93.048	3.9292
600.000000	93.036	4.5667
608.000000	93.028	5.0753
615.000000	93.020	5.5174
622.000000	93.013	5.9600
630.000000	93.005	6.4670
640.000000	92.995	7.0909
650.000000	92.988	7.7018
660.000000	92.980	8.3561
670.000000	92.973	9.0073
680.000000	92.967	9.6511
690.000000	92.962	10.2968
700.000000	92.957	10.9437
710.000000	92.955	11.5838
720.000000	92.953	12.2262
730.000000	92.952	12.8752
740.000000	92.953	13.5335
750.000000	92.955	14.2019
762.000000	92.958	14.9838
775.000000	92.963	15.8365
788.000000	92.970	16.7018
800.000000	92.978	17.5039
812.000000	92.985	18.3092
825.000000	92.995	19.1858
838.000000	93.008	20.0547
850.000000	93.023	20.8522
862.000000	93.042	21.6718
875.000000	93.066	22.5543
885.000000	93.087	23.2250
900.000000	93.123	24.2239
912.000000	93.157	25.0093
925.000000	93.197	25.8452
938.000000	93.242	26.6654
950.000000	93.287	27.4069
962.000000	93.335	28.1352
975.000000	93.391	28.9005
988.000000	93.450	29.6380
1000.000000	93.508	30.2951
1015.000000	93.582	31.0815
1030.000000	93.658	31.8271
1044.000000	93.731	32.4870
1060.000000	93.816	33.1919
1075.000000	93.895	33.8082
1090.000000	93.974	34.3865
1106.000000	94.058	34.9583
1120.000000	94.129	35.4231
1138.000000	94.217	35.9786
1150.000000	94.275	36.3245
1172.000000	94.376	36.9198
1180.000000	94.410	37.1257
1206.000000	94.516	37.7594
1220.000000	94.570	38.0800
1241.000000	94.647	38.5495
1250.000000	94.679	38.7477
1265.000000	94.734	39.0783
1280.000000	94.788	39.4086
1315.000000	94.907	40.1910
1320.000000	94.924	40.3047
1340.000000	94.987	40.7635
1360.000000	95.048	41.2326
1380.000000	95.107	41.7089
1400.000000	95.164	42.1917
1430.000000	95.246	42.9330
1450.000000	95.299	43.4446
1475.000000	95.366	44.1035
1500.000000	95.431	44.7813
1525.000000	95.498	45.4805
1550.000000	95.566	46.1954
1575.000000	95.636	46.9340
1600.000000	95.706	47.6834
1625.000000	95.776	48.4391
1650.000000	95.847	49.2067
1675.000000	95.920	49.9824
1700.000000	95.997	50.7620
1725.000000	96.078	51.5425
1750.000000	96.164	52.3262
1775.000000	96.253	53.1138
1800.000000	96.348	53.8999
1825.000000	96.448	54.6855
1850.000000	96.555	55.4685
1875.000000	96.668	56.2365
1900.000000	96.788	56.9817
1925.000000	96.916	57.6934
1950.000000	97.050	58.3582
1975.000000	97.188	58.9738
2000.000000	97.329	59.5454
2030.000000	97.501	60.1833
2060.000000	97.676	60.7747
2090.000000	97.856	61.3200
2120.000000	98.038	61.8220
2140.000000	98.162	62.1299
2180.000000	98.416	62.6731
2200.000000	98.545	62.9056
2240.000000	98.807	63.2844
2270.000000	99.008	63.4882
2300.000000	99.211	63.6177
2330.000000	99.416	63.6653
2360.000000	99.622	63.6215
2400.000000	99.896	63.4061
2430.000000	100.098	63.1246
2470.000000	100.357	62.5957
2500.000000	100.543	62.0915
2540.000000	100.776	61.2863
2580.000000	100.990	60.3442
2620.000000	101.181	59.2839
2650.000000	101.307	58.4254
2690.000000	101.451	57.2225
2720.000000	101.539	56.2946
2760.000000	101.632	55.0521
2800.000000	101.698	53.8336
2850.000000	101.744	52.3876
2900.000000	101.754	51.1002
2950.000000	101.742	50.0580
3000.000000	101.734	49.2999
3040.000000	101.749	48.8270
3070.000000	101.777	48.4720
3110.000000	101.834	47.8992
3150.000000	101.898	47.1402
3200.000000	101.961	45.9423
3250.000000	101.987	44.5920
3300.000000	101.973	43.2394
3350.000000	101.928	41.9879
3400.000000	101.865	40.8665
3450.000000	101.796	39.8515
3500.000000	101.725	38.8993
3550.000000	101.651	37.9643
3600.000000	101.572	37.0089
3650.000000	101.478	36.0165
3700.000000	101.360	35.0135
3750.000000	101.210	34.0783
3820.000000	100.949	33.1084
3870.000000	100.748	32.7968
3950.000000	100.465	32.9591
4000.000000	100.340	33.2977
4060.000000	100.244	33.6818
4120.000000	100.191	33.8586
4180.000000	100.154	33.7525
4250.000000	100.101	33.3201
4310.000000	100.030	32.7835
4370.000000	99.928	32.2022
4440.000000	99.772	31.5902
4500.000000	99.611	31.2138
4550.000000	99.465	31.0531
4620.000000	99.254	31.1078
4680.000000	99.082	31.4257
4750.000000	98.907	32.0906
4820.000000	98.779	33.0059
4870.000000	98.723	33.7516
4940.000000	98.702	34.8119
5000.000000	98.738	35.6287
5080.000000	98.852	36.4108
5150.000000	98.995	36.6747
5220.000000	99.155	36.4704
5300.000000	99.322	35.6612
5380.000000	99.438	34.3376
5450.000000	99.480	32.9078
5520.000000	99.457	31.3876
5600.000000	99.355	29.7341
5700.000000	99.139	28.0601
5800.000000	98.866	27.0103
5900.000000	98.586	26.6226
6000.000000	98.339	26.8194
6080.000000	98.183	27.3091
6150.000000	98.088	27.9104
6220.000000	98.039	28.6118
6300.000000	98.052	29.4584
6400.000000	98.183	30.4496
6500.000000	98.433	31.1956
6600.000000	98.790	31.4939
6700.000000	99.250	31.1075
6800.000000	99.795	29.7541
6900.000000	100.391	27.1273
7000.000000	100.976	22.9773
7100.000000	101.463	17.2365
7200.000000	101.764	10.0889
7300.000000	101.792	1.9668
7400.000000	101.490	-6.3621
7500.000000	100.874	-13.9625
7620.000000	99.851	-21.2309
7750.000000	98.593	-26.4993
7880.000000	97.352	-29.3769
8000.000000	96.291	-30.4227
8120.000000	95.321	-30.3663
8250.000000	94.399	-29.4467
8380.000000	93.633	-27.9228
8500.000000	93.062	-26.1674
8620.000000	92.614	-24.2070
8750.000000	92.258	-21.9643
8850.000000	92.069	-20.2214
9000.000000	91.914	-17.6943
9120.000000	91.891	-15.8391
9250.000000	91.956	-14.1040
9380.000000	92.101	-12.7686
9500.000000	92.290	-12.0022
9620.000000	92.511	-11.7808
9750.000000	92.755	-12.2374
9880.000000	92.965	-13.4495
10000.000000	93.090	-15.1769
10150.000000	93.107	-17.8925
10300.000000	92.941	-20.7912
10440.000000	92.624	-23.2619
10600.000000	92.101	-25.4500
10750.000000	91.495	-26.6301
10900.000000	90.833	-26.8279
11060.000000	90.124	-25.9916
11200.000000	89.549	-24.5474
11380.000000	88.916	-22.0498
11500.000000	88.573	-20.1926
11720.000000	88.116	-16.9661
11800.000000	87.997	-15.9855
12060.000000	87.710	-13.8565
12200.000000	87.580	-13.3499
12410.000000	87.396	-13.1143
12500.000000	87.333	-13.1129
12650.000000	87.275	-13.1777
12800.000000	87.298	-13.3327
13150.000000	87.820	-14.5823
13200.000000	87.962	-14.9452
13400.000000	88.733	-17.1216
13600.000000	89.868	-20.9403
13800.000000	91.381	-27.3976
14000.000000	93.128	-37.7743
14300.000000	95.446	-61.9004
14500.000000	96.228	-82.0895
14750.000000	96.142	-107.2072
15000.000000	95.401	-128.6647
15250.000000	94.706	-147.0099
15500.000000	94.330	-165.6371
15750.000000	93.900	172.4262
16000.000000	92.704	147.8035
16250.000000	90.407	125.0288
16500.000000	87.353	108.4578
16750.000000	84.337	98.4529
17000.000000	82.014	91.0195
17250.000000	80.271	82.1456
17500.000000	78.722	70.9940
17750.000000	77.207	57.3421
18000.000000	75.627	40.8239
18250.000000	73.852	21.0006
18500.000000	71.703	-2.2476
18750.000000	68.934	-27.8190
19000.000000	65.430	-53.3725
19250.000000	61.714	-78.5519
19500.000000	58.920	-109.5292
19750.000000	57.173	-153.7246
20000.000000	56.035	156.6649
