* Measurement data measured by REW V5.31.3
* Source: USB-C to 3.5mm Headphone Jack Adapter, USB-C to 3.5mm Headphone Jack Adapter, 0, volume: 0.295
* Format: 256k Log Swept Sine, 4 sweeps at -12.0 dBFS with no timing reference
* Dated: Dec 30, 2024 10:42:09 PM
* REW Settings:
*  C-weighting compensation: Off
*  Target level: 75.0 dB
* Note: ; 
* Measurement: Kiwi X HBB Punch Flex L
* Smoothing: 1/24 octave
* Frequency Step: 1/48 octave
* Start Frequency: 20.300 Hz
*
* Freq(Hz)	SPL(dB)	Phase(degrees)
20.299999	107.965	-7.8739
20.600000	107.946	-8.4284
20.900000	107.922	-9.0477
21.200001	107.894	-9.6818
21.400000	107.876	-10.1022
21.799999	107.838	-10.9049
22.000000	107.820	-11.2725
22.400000	107.790	-11.9179
22.700001	107.774	-12.3274
23.000000	107.763	-12.6954
23.299999	107.757	-13.0510
23.600000	107.750	-13.4207
24.000000	107.736	-13.9579
24.299999	107.717	-14.3904
24.700001	107.681	-14.9824
25.000000	107.650	-15.4215
25.400000	107.608	-15.9906
25.799999	107.571	-16.5469
26.200001	107.540	-17.1003
26.500000	107.519	-17.5136
26.900000	107.490	-18.0537
27.200001	107.467	-18.4441
27.600000	107.434	-18.9430
28.000000	107.399	-19.4254
28.500000	107.352	-20.0251
29.000000	107.303	-20.6307
29.500000	107.254	-21.2331
30.000000	107.207	-21.8198
30.400000	107.171	-22.2758
30.700001	107.145	-22.6107
31.100000	107.110	-23.0481
31.500000	107.073	-23.4746
32.000000	107.025	-23.9945
32.500000	106.976	-24.5088
33.000000	106.927	-25.0278
33.500000	106.878	-25.5511
34.000000	106.828	-26.0663
34.500000	106.779	-26.5589
35.000000	106.730	-27.0240
35.500000	106.683	-27.4682
36.000000	106.637	-27.9042
36.500000	106.590	-28.3443
37.000000	106.542	-28.7948
37.500000	106.491	-29.2521
38.200001	106.418	-29.8798
38.700001	106.365	-30.3021
39.500000	106.285	-30.9355
40.000000	106.238	-31.3242
40.599998	106.180	-31.7936
41.200001	106.118	-32.2536
41.799999	106.054	-32.6919
42.500000	105.980	-33.1860
43.099998	105.915	-33.6088
43.700001	105.851	-34.0297
44.400002	105.778	-34.5112
45.000000	105.716	-34.9107
45.500000	105.665	-35.2279
46.200001	105.594	-35.6532
46.799999	105.534	-36.0342
47.500000	105.460	-36.5215
48.200001	105.380	-36.9891
48.700001	105.326	-37.2690
49.400002	105.263	-37.6120
50.000000	105.215	-37.9191
50.799999	105.139	-38.3593
51.500000	105.059	-38.7302
52.200001	104.979	-39.0941
53.000000	104.890	-39.5257
53.799999	104.805	-39.9432
54.500000	104.735	-40.2800
55.200001	104.668	-40.6055
56.000000	104.591	-40.9790
57.000000	104.491	-41.4482
58.000000	104.385	-41.9136
59.000000	104.280	-42.3742
60.000000	104.182	-42.7776
60.799999	104.108	-43.0204
61.500000	104.044	-43.2273
62.200001	103.973	-43.4948
63.000000	103.881	-43.8542
64.000000	103.764	-44.2294
65.000000	103.663	-44.5019
66.000000	103.568	-44.7781
67.000000	103.476	-45.1635
68.000000	103.378	-45.6042
69.000000	103.277	-45.8180
70.000000	103.195	-45.9224
71.000000	103.103	-46.1945
72.000000	102.990	-46.5397
73.000000	102.877	-46.8969
74.000000	102.760	-47.2079
75.000000	102.645	-47.3783
76.199997	102.524	-47.4542
77.500000	102.425	-47.5909
78.800003	102.311	-48.0062
80.000000	102.169	-48.2772
81.199997	102.042	-48.4222
82.500000	101.912	-48.5173
83.800003	101.763	-48.4896
85.000000	101.652	-48.4138
86.199997	101.588	-48.4814
87.500000	101.517	-48.6133
88.500000	101.452	-48.7455
90.000000	101.356	-48.9125
91.199997	101.274	-49.0328
92.500000	101.162	-49.3067
93.800003	101.046	-49.4289
95.000000	100.957	-49.4288
96.199997	100.947	-49.5909
97.500000	101.087	-49.8192
98.800003	101.101	-49.9021
100.000000	100.859	-49.6791
101.500000	100.468	-50.0350
103.000000	100.237	-50.2358
104.400002	100.130	-50.2396
106.000000	100.035	-50.3628
107.500000	99.940	-50.4317
109.000000	99.844	-50.5122
110.599998	99.728	-50.4961
112.000000	99.594	-50.3954
113.800003	99.416	-50.2974
115.000000	99.325	-50.1616
117.199997	99.204	-49.7227
118.000000	99.153	-49.5790
120.599998	98.944	-49.4111
122.000000	98.854	-49.4612
124.099998	98.742	-49.5108
125.000000	98.693	-49.4866
126.500000	98.607	-49.4539
128.000000	98.513	-49.4498
131.500000	98.281	-49.3637
132.000000	98.249	-49.3290
134.000000	98.131	-49.1961
136.000000	98.010	-48.9913
138.000000	97.882	-48.7898
140.000000	97.761	-48.5287
143.000000	97.590	-48.0960
145.000000	97.491	-47.8802
147.500000	97.377	-47.6654
150.000000	97.219	-47.3638
152.500000	97.064	-46.9175
155.000000	96.933	-46.4623
157.500000	96.816	-46.0943
160.000000	96.687	-45.7071
162.500000	96.558	-45.2913
165.000000	96.435	-44.8439
167.500000	96.315	-44.4368
170.000000	96.200	-44.0102
172.500000	96.085	-43.5556
175.000000	95.976	-43.1140
177.500000	95.867	-42.6530
180.000000	95.761	-42.1885
182.500000	95.659	-41.7280
185.000000	95.561	-41.2630
187.500000	95.466	-40.7894
190.000000	95.373	-40.3199
192.500000	95.278	-39.8366
195.000000	95.180	-39.2912
197.500000	95.092	-38.7534
200.000000	95.023	-38.3087
203.000000	94.941	-37.7736
206.000000	94.855	-37.2057
209.000000	94.774	-36.6428
212.000000	94.700	-36.0759
214.000000	94.649	-35.6851
218.000000	94.551	-34.8771
220.000000	94.505	-34.4702
224.000000	94.415	-33.7241
227.000000	94.349	-33.1880
230.000000	94.285	-32.6233
233.000000	94.223	-32.0501
236.000000	94.167	-31.4690
240.000000	94.098	-30.7114
243.000000	94.048	-30.1737
247.000000	93.984	-29.4822
250.000000	93.939	-28.9545
254.000000	93.883	-28.2578
258.000000	93.830	-27.5783
262.000000	93.779	-26.9075
265.000000	93.743	-26.4162
269.000000	93.697	-25.7554
272.000000	93.663	-25.2675
276.000000	93.621	-24.6255
280.000000	93.582	-24.0028
285.000000	93.537	-23.2340
290.000000	93.494	-22.4915
295.000000	93.453	-21.7687
300.000000	93.414	-21.0575
304.000000	93.388	-20.5074
307.000000	93.368	-20.1011
311.000000	93.343	-19.5656
315.000000	93.320	-19.0461
320.000000	93.291	-18.4125
325.000000	93.265	-17.7769
330.000000	93.245	-17.1664
335.000000	93.225	-16.5803
340.000000	93.202	-15.9960
345.000000	93.179	-15.4044
350.000000	93.158	-14.8215
355.000000	93.141	-14.3034
360.000000	93.127	-13.7838
365.000000	93.113	-13.2550
370.000000	93.098	-12.7499
375.000000	93.084	-12.2565
382.000000	93.064	-11.5740
387.000000	93.053	-11.0958
395.000000	93.036	-10.3481
400.000000	93.025	-9.8888
406.000000	93.011	-9.3587
412.000000	92.998	-8.8410
418.000000	92.986	-8.3244
425.000000	92.973	-7.7333
431.000000	92.962	-7.2387
437.000000	92.951	-6.7543
444.000000	92.939	-6.2290
450.000000	92.930	-5.7921
455.000000	92.922	-5.3896
462.000000	92.911	-4.8314
468.000000	92.901	-4.3715
475.000000	92.890	-3.8553
482.000000	92.878	-3.3489
487.000000	92.871	-2.9883
494.000000	92.860	-2.4906
500.000000	92.852	-2.0656
508.000000	92.842	-1.5051
515.000000	92.832	-1.0187
522.000000	92.822	-0.5385
530.000000	92.811	0.0037
538.000000	92.799	0.5415
545.000000	92.787	0.9960
552.000000	92.777	1.4543
560.000000	92.770	1.9983
570.000000	92.758	2.6642
580.000000	92.746	3.3230
590.000000	92.733	3.9778
600.000000	92.721	4.6331
608.000000	92.713	5.1621
615.000000	92.706	5.6218
622.000000	92.699	6.0787
630.000000	92.691	6.6001
640.000000	92.684	7.2525
650.000000	92.677	7.9071
660.000000	92.669	8.5703
670.000000	92.662	9.2319
680.000000	92.657	9.8954
690.000000	92.652	10.5624
700.000000	92.649	11.2280
710.000000	92.647	11.8921
720.000000	92.647	12.5610
730.000000	92.647	13.2354
740.000000	92.648	13.9102
750.000000	92.651	14.5847
762.000000	92.657	15.3956
775.000000	92.666	16.2790
788.000000	92.677	17.1660
800.000000	92.688	17.9900
812.000000	92.698	18.8098
825.000000	92.711	19.6966
838.000000	92.727	20.5892
850.000000	92.745	21.4175
862.000000	92.766	22.2281
875.000000	92.794	23.1012
885.000000	92.817	23.7719
900.000000	92.856	24.7700
912.000000	92.892	25.5602
925.000000	92.935	26.4043
938.000000	92.981	27.2391
950.000000	93.028	27.9912
962.000000	93.078	28.7081
975.000000	93.134	29.4626
988.000000	93.194	30.1978
1000.000000	93.252	30.8541
1015.000000	93.326	31.6418
1030.000000	93.403	32.3864
1044.000000	93.476	33.0402
1060.000000	93.559	33.7526
1075.000000	93.637	34.3789
1090.000000	93.715	34.9585
1106.000000	93.797	35.5351
1120.000000	93.867	36.0113
1138.000000	93.954	36.5864
1150.000000	94.009	36.9489
1172.000000	94.106	37.5660
1180.000000	94.139	37.7803
1206.000000	94.240	38.4537
1220.000000	94.290	38.8048
1241.000000	94.361	39.3318
1250.000000	94.391	39.5613
1265.000000	94.442	39.9496
1280.000000	94.494	40.3494
1315.000000	94.617	41.3301
1320.000000	94.635	41.4756
1340.000000	94.710	42.0571
1360.000000	94.789	42.6109
1380.000000	94.867	43.1195
1400.000000	94.941	43.5884
1430.000000	95.040	44.2772
1450.000000	95.098	44.7577
1475.000000	95.168	45.3889
1500.000000	95.235	46.0608
1525.000000	95.304	46.7635
1550.000000	95.374	47.4956
1575.000000	95.445	48.2499
1600.000000	95.517	49.0167
1625.000000	95.589	49.7940
1650.000000	95.664	50.5834
1675.000000	95.740	51.3837
1700.000000	95.821	52.1887
1725.000000	95.905	52.9966
1750.000000	95.994	53.8043
1775.000000	96.086	54.6092
1800.000000	96.183	55.4123
1825.000000	96.284	56.2103
1850.000000	96.390	57.0013
1875.000000	96.501	57.7869
1900.000000	96.617	58.5620
1925.000000	96.738	59.3257
1950.000000	96.865	60.0721
1975.000000	96.998	60.7923
2000.000000	97.137	61.4835
2030.000000	97.311	62.2696
2060.000000	97.491	63.0169
2090.000000	97.675	63.7378
2120.000000	97.865	64.4323
2140.000000	97.996	64.8789
2180.000000	98.274	65.7211
2200.000000	98.421	66.0989
2240.000000	98.729	66.7122
2270.000000	98.965	67.0255
2300.000000	99.200	67.2231
2330.000000	99.430	67.3314
2360.000000	99.657	67.3788
2400.000000	99.958	67.3786
2430.000000	100.188	67.3321
2470.000000	100.508	67.1624
2500.000000	100.761	66.8986
2540.000000	101.106	66.2796
2580.000000	101.444	65.2988
2620.000000	101.754	63.9735
2650.000000	101.959	62.8022
2690.000000	102.189	61.0887
2720.000000	102.329	59.7423
2760.000000	102.477	57.9244
2800.000000	102.584	56.1278
2850.000000	102.670	53.9588
2900.000000	102.711	51.9122
2950.000000	102.715	50.0107
3000.000000	102.690	48.2677
3040.000000	102.653	46.9942
3070.000000	102.618	46.1123
3110.000000	102.565	45.0325
3150.000000	102.509	44.0523
3200.000000	102.439	42.9340
3250.000000	102.367	41.9003
3300.000000	102.291	40.9430
3350.000000	102.212	40.0672
3400.000000	102.133	39.2727
3450.000000	102.059	38.5383
3500.000000	101.988	37.8288
3550.000000	101.921	37.1097
3600.000000	101.852	36.3431
3650.000000	101.773	35.5147
3700.000000	101.672	34.6547
3750.000000	101.542	33.8457
3820.000000	101.313	33.0175
3870.000000	101.137	32.7807
3950.000000	100.899	33.0239
4000.000000	100.804	33.3842
4060.000000	100.746	33.7587
4120.000000	100.732	33.8810
4180.000000	100.733	33.6754
4250.000000	100.721	33.0701
4310.000000	100.681	32.3462
4370.000000	100.605	31.5485
4440.000000	100.472	30.6657
4500.000000	100.326	30.0475
4550.000000	100.189	29.6765
4620.000000	99.985	29.4276
4680.000000	99.813	29.4875
4750.000000	99.634	29.8602
4820.000000	99.499	30.4876
4870.000000	99.436	31.0224
4940.000000	99.402	31.7740
5000.000000	99.421	32.3099
5080.000000	99.503	32.6990
5150.000000	99.605	32.6209
5220.000000	99.708	32.1066
5300.000000	99.794	31.0319
5380.000000	99.819	29.5890
5450.000000	99.776	28.1985
5520.000000	99.675	26.8523
5600.000000	99.497	25.5348
5700.000000	99.215	24.4067
5800.000000	98.911	23.9444
5900.000000	98.629	24.1108
6000.000000	98.401	24.7816
6080.000000	98.274	25.5749
6150.000000	98.211	26.3827
6220.000000	98.197	27.2387
6300.000000	98.254	28.1987
6400.000000	98.446	29.2347
6500.000000	98.758	29.9023
6600.000000	99.178	29.9740
6700.000000	99.689	29.1851
6800.000000	100.257	27.2709
6900.000000	100.836	24.0871
7000.000000	101.399	19.5288
7100.000000	101.868	13.1567
7200.000000	102.062	5.1988
7300.000000	101.895	-3.2622
7400.000000	101.385	-11.2013
7500.000000	100.614	-17.8797
7620.000000	99.496	-23.7590
7750.000000	98.234	-27.5820
7880.000000	97.049	-29.2912
8000.000000	96.061	-29.5169
8120.000000	95.170	-28.8440
8250.000000	94.332	-27.4277
8380.000000	93.645	-25.5515
8500.000000	93.142	-23.5750
8620.000000	92.756	-21.4822
8750.000000	92.460	-19.2047
8850.000000	92.312	-17.5119
9000.000000	92.208	-15.1688
9120.000000	92.217	-13.5585
9250.000000	92.308	-12.2041
9380.000000	92.463	-11.3812
9500.000000	92.640	-11.1891
9620.000000	92.824	-11.6070
9750.000000	92.998	-12.7752
9880.000000	93.104	-14.6376
10000.000000	93.109	-16.8360
10150.000000	92.955	-19.9018
10300.000000	92.608	-22.8540
10440.000000	92.130	-25.0928
10600.000000	91.451	-26.6964
10750.000000	90.750	-27.1421
10900.000000	90.043	-26.5818
11060.000000	89.339	-25.0602
11200.000000	88.799	-23.1822
11380.000000	88.237	-20.3757
11500.000000	87.951	-18.4948
11720.000000	87.591	-15.5654
11800.000000	87.499	-14.7682
12060.000000	87.263	-13.2540
12200.000000	87.150	-12.9629
12410.000000	87.010	-12.8519
12500.000000	86.980	-12.8625
12650.000000	87.000	-12.9493
12800.000000	87.130	-13.1877
13150.000000	87.989	-15.1826
13200.000000	88.186	-15.7427
13400.000000	89.181	-19.0558
13600.000000	90.495	-24.7452
13800.000000	92.029	-33.7701
14000.000000	93.553	-46.8054
14300.000000	95.134	-73.0440
14500.000000	95.398	-92.4383
14750.000000	94.992	-115.0446
15000.000000	94.352	-134.7870
15250.000000	93.926	-154.0544
15500.000000	93.553	-176.3088
15750.000000	92.497	157.8148
16000.000000	90.190	132.3929
16250.000000	86.854	112.4426
16500.000000	83.152	99.6586
16750.000000	79.638	93.0152
17000.000000	76.708	90.4839
17250.000000	74.649	88.8571
17500.000000	73.442	84.2943
17750.000000	72.683	74.1065
18000.000000	71.828	57.8775
18250.000000	70.459	36.8865
18500.000000	68.409	12.9020
18750.000000	65.709	-12.7902
19000.000000	62.445	-39.4226
19250.000000	58.855	-66.7067
19500.000000	55.618	-97.7648
19750.000000	53.381	-139.7035
20000.000000	52.201	172.8310
