* Measurement data measured by REW V5.31.3
* Source: USB-C to 3.5mm Headphone Jack Adapter, USB-C to 3.5mm Headphone Jack Adapter, 0, volume: 0.295
* Format: 256k Log Swept Sine, 4 sweeps at -12.0 dBFS with no timing reference
* Dated: Jan 2, 2025 10:28:42 PM
* REW Settings:
*  C-weighting compensation: Off
*  Target level: 75.0 dB
* Note: ; 
* Measurement: Kiwi X HBB Punch Sancai R
* Smoothing: 1/24 octave
* Frequency Step: 1/48 octave
* Start Frequency: 20.300 Hz
*
* Freq(Hz)	SPL(dB)	Phase(degrees)
20.299999	103.916	13.8267
20.600000	103.919	13.2499
20.900000	103.912	12.6394
21.200001	103.899	12.0650
21.400000	103.889	11.7135
21.799999	103.877	11.0876
22.000000	103.878	10.8037
22.400000	103.898	10.2493
22.700001	103.924	9.8080
23.000000	103.954	9.3258
23.299999	103.979	8.8079
23.600000	103.996	8.2770
24.000000	104.003	7.5975
24.299999	104.001	7.1327
24.700001	103.994	6.5712
25.000000	103.990	6.1721
25.400000	103.989	5.6321
25.799999	103.991	5.0639
26.200001	103.991	4.4786
26.500000	103.991	4.0442
26.900000	103.991	3.4849
27.200001	103.992	3.0801
27.600000	103.993	2.5513
28.000000	103.990	2.0280
28.500000	103.980	1.3869
29.000000	103.965	0.7720
29.500000	103.949	0.1777
30.000000	103.936	-0.4161
30.400000	103.926	-0.8946
30.700001	103.917	-1.2499
31.100000	103.906	-1.7095
31.500000	103.894	-2.1492
32.000000	103.881	-2.6834
32.500000	103.870	-3.2253
33.000000	103.859	-3.7865
33.500000	103.845	-4.3502
34.000000	103.828	-4.8853
34.500000	103.811	-5.3714
35.000000	103.794	-5.8123
35.500000	103.779	-6.2343
36.000000	103.763	-6.6696
36.500000	103.746	-7.1375
37.000000	103.725	-7.6331
37.500000	103.701	-8.1324
38.200001	103.669	-8.7949
38.700001	103.651	-9.2382
39.500000	103.625	-9.9293
40.000000	103.604	-10.3555
40.599998	103.573	-10.8456
41.200001	103.538	-11.3041
41.799999	103.504	-11.7445
42.500000	103.470	-12.2621
43.099998	103.442	-12.7262
43.700001	103.414	-13.2206
44.400002	103.376	-13.8212
45.000000	103.339	-14.3057
45.500000	103.310	-14.6582
46.200001	103.279	-15.0900
46.799999	103.260	-15.4577
47.500000	103.236	-15.9176
48.200001	103.202	-16.3800
48.700001	103.175	-16.6974
49.400002	103.136	-17.1355
50.000000	103.101	-17.5162
50.799999	103.053	-18.0212
51.500000	103.011	-18.4546
52.200001	102.971	-18.8837
53.000000	102.927	-19.3599
53.799999	102.882	-19.8195
54.500000	102.839	-20.2173
55.200001	102.793	-20.6020
56.000000	102.744	-21.0165
57.000000	102.693	-21.5370
58.000000	102.636	-22.0996
59.000000	102.571	-22.6312
60.000000	102.524	-23.0487
60.799999	102.492	-23.3459
61.500000	102.446	-23.5902
62.200001	102.385	-23.8277
63.000000	102.315	-24.1738
64.000000	102.242	-24.7492
65.000000	102.186	-25.2908
66.000000	102.131	-25.8142
67.000000	102.054	-26.3232
68.000000	101.987	-26.7053
69.000000	101.938	-27.0382
70.000000	101.874	-27.3691
71.000000	101.797	-27.7055
72.000000	101.724	-28.0676
73.000000	101.659	-28.4069
74.000000	101.594	-28.7108
75.000000	101.528	-29.0282
76.199997	101.443	-29.4196
77.500000	101.352	-29.7888
78.800003	101.272	-30.1540
80.000000	101.196	-30.4876
81.199997	101.110	-30.7647
82.500000	101.022	-31.1080
83.800003	100.933	-31.4747
85.000000	100.854	-31.7225
86.199997	100.773	-31.9923
87.500000	100.681	-32.2889
88.500000	100.613	-32.4840
90.000000	100.515	-32.7483
91.199997	100.438	-32.9789
92.500000	100.350	-33.2369
93.800003	100.259	-33.4771
95.000000	100.182	-33.6965
96.199997	100.110	-33.8897
97.500000	100.022	-34.1238
98.800003	99.933	-34.5514
100.000000	99.859	-34.9031
101.500000	99.778	-34.7904
103.000000	99.678	-34.7607
104.400002	99.571	-34.9697
106.000000	99.463	-35.1262
107.500000	99.360	-35.2051
109.000000	99.262	-35.3366
110.599998	99.154	-35.4651
112.000000	99.056	-35.5203
113.800003	98.933	-35.5635
115.000000	98.854	-35.5950
117.199997	98.699	-35.6046
118.000000	98.641	-35.5831
120.599998	98.464	-35.5117
122.000000	98.372	-35.4174
124.099998	98.228	-35.1174
125.000000	98.173	-34.9183
126.500000	98.094	-34.4931
128.000000	98.029	-34.0831
131.500000	97.968	-33.4416
132.000000	97.966	-33.4004
134.000000	97.950	-33.3953
136.000000	97.903	-33.5367
138.000000	97.846	-33.8311
140.000000	97.769	-34.0447
143.000000	97.629	-34.1562
145.000000	97.533	-34.1761
147.500000	97.413	-34.1615
150.000000	97.290	-34.0515
152.500000	97.171	-33.8757
155.000000	97.059	-33.7166
157.500000	96.950	-33.5042
160.000000	96.838	-33.2233
162.500000	96.728	-32.9625
165.000000	96.625	-32.6866
167.500000	96.527	-32.4222
170.000000	96.431	-32.1468
172.500000	96.334	-31.8150
175.000000	96.241	-31.5111
177.500000	96.151	-31.2052
180.000000	96.064	-30.8757
182.500000	95.979	-30.5633
185.000000	95.896	-30.2585
187.500000	95.815	-29.9430
190.000000	95.740	-29.6070
192.500000	95.664	-29.2688
195.000000	95.589	-28.9292
197.500000	95.515	-28.5839
200.000000	95.444	-28.2400
203.000000	95.363	-27.8598
206.000000	95.287	-27.4334
209.000000	95.214	-26.9762
212.000000	95.144	-26.5295
214.000000	95.101	-26.2283
218.000000	95.017	-25.6470
220.000000	94.977	-25.3577
224.000000	94.900	-24.7730
227.000000	94.845	-24.3259
230.000000	94.795	-23.8825
233.000000	94.746	-23.4415
236.000000	94.700	-22.9910
240.000000	94.639	-22.4221
243.000000	94.595	-22.0120
247.000000	94.540	-21.4595
250.000000	94.501	-21.0517
254.000000	94.452	-20.4980
258.000000	94.404	-19.9511
262.000000	94.358	-19.4202
265.000000	94.327	-19.0238
269.000000	94.286	-18.5078
272.000000	94.256	-18.1295
276.000000	94.220	-17.6291
280.000000	94.186	-17.1329
285.000000	94.146	-16.5273
290.000000	94.108	-15.9335
295.000000	94.073	-15.3493
300.000000	94.040	-14.7874
304.000000	94.014	-14.3493
307.000000	93.997	-14.0239
311.000000	93.975	-13.5920
315.000000	93.954	-13.1676
320.000000	93.928	-12.6531
325.000000	93.904	-12.1452
330.000000	93.882	-11.6450
335.000000	93.861	-11.1594
340.000000	93.842	-10.6799
345.000000	93.824	-10.2036
350.000000	93.806	-9.7403
355.000000	93.790	-9.2912
360.000000	93.775	-8.8471
365.000000	93.761	-8.4089
370.000000	93.748	-7.9731
375.000000	93.736	-7.5402
382.000000	93.722	-6.9540
387.000000	93.713	-6.5515
395.000000	93.701	-5.9184
400.000000	93.694	-5.5367
406.000000	93.687	-5.0903
412.000000	93.681	-4.6632
418.000000	93.676	-4.2550
425.000000	93.668	-3.7967
431.000000	93.661	-3.4161
437.000000	93.652	-3.0407
444.000000	93.642	-2.6074
450.000000	93.632	-2.2402
455.000000	93.623	-1.9375
462.000000	93.611	-1.5151
468.000000	93.601	-1.1539
475.000000	93.589	-0.7368
482.000000	93.578	-0.3231
487.000000	93.570	-0.0293
494.000000	93.557	0.3822
500.000000	93.547	0.7342
508.000000	93.534	1.1967
515.000000	93.523	1.5995
522.000000	93.511	2.0043
530.000000	93.498	2.4674
538.000000	93.484	2.9278
545.000000	93.473	3.3298
552.000000	93.463	3.7322
560.000000	93.452	4.1951
570.000000	93.438	4.7779
580.000000	93.424	5.3544
590.000000	93.410	5.9286
600.000000	93.397	6.5027
608.000000	93.388	6.9644
615.000000	93.380	7.3694
622.000000	93.372	7.7728
630.000000	93.364	8.2333
640.000000	93.354	8.8128
650.000000	93.345	9.3944
660.000000	93.336	9.9753
670.000000	93.329	10.5629
680.000000	93.322	11.1539
690.000000	93.316	11.7452
700.000000	93.310	12.3385
710.000000	93.305	12.9361
720.000000	93.301	13.5388
730.000000	93.299	14.1473
740.000000	93.297	14.7586
750.000000	93.296	15.3705
762.000000	93.297	16.1151
775.000000	93.300	16.9304
788.000000	93.305	17.7520
800.000000	93.312	18.5180
812.000000	93.317	19.2916
825.000000	93.324	20.1379
838.000000	93.334	20.9851
850.000000	93.348	21.7699
862.000000	93.364	22.5579
875.000000	93.387	23.4122
885.000000	93.408	24.0678
900.000000	93.443	25.0417
912.000000	93.476	25.8152
925.000000	93.517	26.6442
938.000000	93.562	27.4599
950.000000	93.608	28.1955
962.000000	93.658	28.9132
975.000000	93.716	29.6710
988.000000	93.777	30.4038
1000.000000	93.837	31.0549
1015.000000	93.914	31.8312
1030.000000	93.994	32.5660
1044.000000	94.072	33.2119
1060.000000	94.163	33.9033
1075.000000	94.249	34.5055
1090.000000	94.334	35.0597
1106.000000	94.425	35.6057
1120.000000	94.504	36.0481
1138.000000	94.602	36.5667
1150.000000	94.666	36.8859
1172.000000	94.778	37.4205
1180.000000	94.817	37.6012
1206.000000	94.937	38.1449
1220.000000	94.997	38.4149
1241.000000	95.084	38.7998
1250.000000	95.120	38.9598
1265.000000	95.182	39.2213
1280.000000	95.243	39.4794
1315.000000	95.374	40.0785
1320.000000	95.392	40.1649
1340.000000	95.460	40.5145
1360.000000	95.524	40.8713
1380.000000	95.584	41.2408
1400.000000	95.643	41.6250
1430.000000	95.726	42.2279
1450.000000	95.780	42.6482
1475.000000	95.846	43.1951
1500.000000	95.913	43.7629
1525.000000	95.980	44.3502
1550.000000	96.047	44.9534
1575.000000	96.116	45.5738
1600.000000	96.184	46.2091
1625.000000	96.251	46.8583
1650.000000	96.319	47.5189
1675.000000	96.390	48.1850
1700.000000	96.465	48.8550
1725.000000	96.544	49.5273
1750.000000	96.625	50.1979
1775.000000	96.711	50.8665
1800.000000	96.800	51.5296
1825.000000	96.894	52.1842
1850.000000	96.992	52.8304
1875.000000	97.094	53.4655
1900.000000	97.201	54.0878
1925.000000	97.311	54.6918
1950.000000	97.426	55.2770
1975.000000	97.545	55.8408
2000.000000	97.668	56.3808
2030.000000	97.824	56.9980
2060.000000	97.986	57.5751
2090.000000	98.154	58.1070
2120.000000	98.327	58.5904
2140.000000	98.445	58.8823
2180.000000	98.687	59.3906
2200.000000	98.810	59.6058
2240.000000	99.061	59.9516
2270.000000	99.253	60.1335
2300.000000	99.447	60.2468
2330.000000	99.643	60.2867
2360.000000	99.840	60.2511
2400.000000	100.105	60.0801
2430.000000	100.305	59.8497
2470.000000	100.572	59.3810
2500.000000	100.769	58.8912
2540.000000	101.021	58.0450
2580.000000	101.252	57.0028
2620.000000	101.455	55.8168
2650.000000	101.589	54.8645
2690.000000	101.745	53.5422
2720.000000	101.847	52.5206
2760.000000	101.965	51.1127
2800.000000	102.062	49.6367
2850.000000	102.148	47.6871
2900.000000	102.183	45.6726
2950.000000	102.165	43.6856
3000.000000	102.097	41.8150
3040.000000	102.013	40.4463
3070.000000	101.935	39.5102
3110.000000	101.817	38.3934
3150.000000	101.685	37.4336
3200.000000	101.511	36.4541
3250.000000	101.333	35.7060
3300.000000	101.156	35.1713
3350.000000	100.986	34.8229
3400.000000	100.827	34.6334
3450.000000	100.681	34.5763
3500.000000	100.549	34.6237
3550.000000	100.434	34.7530
3600.000000	100.335	34.9405
3650.000000	100.254	35.1578
3700.000000	100.190	35.3752
3750.000000	100.142	35.5669
3820.000000	100.095	35.7527
3870.000000	100.071	35.8072
3950.000000	100.041	35.7500
4000.000000	100.020	35.6297
4060.000000	99.988	35.4086
4120.000000	99.948	35.1146
4180.000000	99.899	34.7658
4250.000000	99.826	34.3186
4310.000000	99.750	33.9319
4370.000000	99.660	33.5762
4440.000000	99.541	33.2447
4500.000000	99.429	33.0657
4550.000000	99.332	33.0113
4620.000000	99.199	33.1050
4680.000000	99.095	33.3483
4750.000000	98.995	33.8008
4820.000000	98.929	34.3985
4870.000000	98.908	34.8818
4940.000000	98.922	35.5683
5000.000000	98.977	36.0905
5080.000000	99.111	36.5459
5150.000000	99.274	36.5819
5220.000000	99.461	36.1722
5300.000000	99.674	35.0915
5380.000000	99.848	33.3766
5450.000000	99.941	31.4548
5520.000000	99.960	29.2912
5600.000000	99.885	26.7413
5700.000000	99.654	23.7996
5800.000000	99.309	21.4610
5900.000000	98.902	19.8862
6000.000000	98.479	19.0822
6080.000000	98.154	18.9376
6150.000000	97.892	19.1220
6220.000000	97.659	19.5496
6300.000000	97.443	20.2752
6400.000000	97.265	21.4381
6500.000000	97.180	22.7717
6600.000000	97.185	24.1495
6700.000000	97.280	25.4430
6800.000000	97.466	26.5187
6900.000000	97.743	27.2380
7000.000000	98.109	27.4403
7100.000000	98.558	26.9341
7200.000000	99.074	25.4780
7300.000000	99.625	22.8205
7400.000000	100.157	18.7449
7500.000000	100.585	13.1469
7620.000000	100.825	4.8267
7750.000000	100.641	-5.0544
7880.000000	99.990	-14.3438
8000.000000	99.061	-21.3447
8120.000000	97.936	-26.4348
8250.000000	96.655	-29.9031
8380.000000	95.427	-31.6315
8500.000000	94.390	-32.0456
8620.000000	93.463	-31.6106
8750.000000	92.589	-30.4328
8850.000000	92.005	-29.1523
9000.000000	91.268	-26.7738
9120.000000	90.792	-24.5706
9250.000000	90.385	-21.9682
9380.000000	90.086	-19.2085
9500.000000	89.899	-16.5736
9620.000000	89.796	-13.9074
9750.000000	89.773	-11.0447
9880.000000	89.840	-8.2795
10000.000000	89.977	-5.8830
10150.000000	90.237	-3.1796
10300.000000	90.584	-0.8599
10440.000000	90.979	0.8973
10600.000000	91.511	2.2437
10750.000000	92.068	2.6057
10900.000000	92.636	1.8934
11060.000000	93.191	-0.1118
11200.000000	93.579	-2.8135
11380.000000	93.883	-7.1912
11500.000000	93.955	-10.3720
11720.000000	93.847	-16.1398
11800.000000	93.749	-18.1361
12060.000000	93.279	-24.2700
12200.000000	92.939	-27.3972
12410.000000	92.320	-31.7397
12500.000000	92.024	-33.3921
12650.000000	91.518	-35.7733
12800.000000	91.022	-37.6607
13150.000000	90.085	-40.5953
13200.000000	89.992	-40.9266
13400.000000	89.759	-42.2787
13600.000000	89.786	-44.0016
13800.000000	90.139	-46.6038
14000.000000	90.883	-50.9322
14300.000000	92.690	-63.4337
14500.000000	94.076	-77.6679
14750.000000	95.266	-102.6672
15000.000000	95.063	-131.7158
15250.000000	93.438	-157.7746
15500.000000	91.196	-177.1587
15750.000000	89.113	169.0899
16000.000000	87.530	158.5613
16250.000000	86.528	149.4604
16500.000000	86.028	140.7079
16750.000000	86.013	131.2381
17000.000000	86.469	119.2422
17250.000000	87.150	102.9623
17500.000000	87.758	82.0702
17750.000000	88.144	56.6826
18000.000000	88.167	26.8265
18250.000000	87.684	-7.3038
18500.000000	86.617	-45.3817
18750.000000	84.962	-87.3851
19000.000000	82.699	-133.6633
19250.000000	79.713	175.6072
19500.000000	75.853	120.6975
19750.000000	71.110	61.1793
20000.000000	66.570	0.3277
