* Measurement data measured by REW V5.31.3
* Source: USB-C to 3.5mm Headphone Jack Adapter, USB-C to 3.5mm Headphone Jack Adapter, 0, volume: 0.295
* Format: 256k Log Swept Sine, 4 sweeps at -12.0 dBFS with no timing reference
* Dated: Jan 2, 2025 11:09:49 PM
* REW Settings:
*  C-weighting compensation: Off
*  Target level: 75.0 dB
* Note: ; 
* Measurement: Kiwi X HBB Punch 10ohm L
* Smoothing: 1/24 octave
* Frequency Step: 1/48 octave
* Start Frequency: 20.300 Hz
*
* Freq(Hz)	SPL(dB)	Phase(degrees)
20.299999	110.047	-10.6227
20.600000	110.031	-11.1255
20.900000	110.010	-11.6465
21.200001	109.989	-12.1479
21.400000	109.976	-12.4750
21.799999	109.954	-13.1262
22.000000	109.944	-13.4551
22.400000	109.921	-14.1227
22.700001	109.901	-14.6279
23.000000	109.876	-15.1304
23.299999	109.848	-15.6251
23.600000	109.817	-16.1103
24.000000	109.776	-16.7456
24.299999	109.747	-17.2179
24.700001	109.711	-17.8467
25.000000	109.685	-18.3163
25.400000	109.652	-18.9327
25.799999	109.618	-19.5289
26.200001	109.585	-20.1005
26.500000	109.559	-20.5149
26.900000	109.523	-21.0543
27.200001	109.495	-21.4534
27.600000	109.456	-21.9823
28.000000	109.416	-22.5092
28.500000	109.367	-23.1647
29.000000	109.317	-23.8134
29.500000	109.268	-24.4493
30.000000	109.217	-25.0663
30.400000	109.176	-25.5458
30.700001	109.146	-25.8992
31.100000	109.105	-26.3659
31.500000	109.064	-26.8299
32.000000	109.013	-27.4051
32.500000	108.962	-27.9683
33.000000	108.910	-28.5145
33.500000	108.859	-29.0460
34.000000	108.809	-29.5703
34.500000	108.757	-30.0934
35.000000	108.704	-30.6144
35.500000	108.649	-31.1264
36.000000	108.593	-31.6219
36.500000	108.537	-32.0997
37.000000	108.483	-32.5668
37.500000	108.430	-33.0314
38.200001	108.356	-33.6790
38.700001	108.301	-34.1308
39.500000	108.212	-34.8241
40.000000	108.156	-35.2413
40.599998	108.088	-35.7298
41.200001	108.022	-36.2106
41.799999	107.957	-36.6930
42.500000	107.880	-37.2627
43.099998	107.810	-37.7453
43.700001	107.740	-38.2125
44.400002	107.658	-38.7407
45.000000	107.590	-39.1820
45.500000	107.534	-39.5391
46.200001	107.457	-40.0228
46.799999	107.391	-40.4301
47.500000	107.310	-40.8998
48.200001	107.226	-41.3540
48.700001	107.167	-41.6669
49.400002	107.088	-42.0973
50.000000	107.023	-42.4659
50.799999	106.938	-42.9544
51.500000	106.862	-43.3696
52.200001	106.783	-43.7697
53.000000	106.693	-44.2179
53.799999	106.602	-44.6623
54.500000	106.524	-45.0429
55.200001	106.446	-45.4151
56.000000	106.355	-45.8232
57.000000	106.242	-46.2769
58.000000	106.135	-46.7112
59.000000	106.025	-47.1854
60.000000	105.911	-47.6681
60.799999	105.822	-48.0709
61.500000	105.743	-48.3923
62.200001	105.668	-48.6309
63.000000	105.593	-48.8640
64.000000	105.491	-49.2686
65.000000	105.368	-49.7129
66.000000	105.249	-50.0996
67.000000	105.139	-50.4664
68.000000	105.030	-50.8183
69.000000	104.921	-51.1689
70.000000	104.815	-51.4709
71.000000	104.711	-51.7363
72.000000	104.603	-52.0110
73.000000	104.495	-52.2962
74.000000	104.392	-52.5856
75.000000	104.289	-52.8408
76.199997	104.163	-53.1156
77.500000	104.027	-53.4345
78.800003	103.892	-53.7240
80.000000	103.768	-53.9486
81.199997	103.649	-54.2049
82.500000	103.514	-54.4519
83.800003	103.381	-54.6211
85.000000	103.258	-54.8635
86.199997	103.135	-55.1022
87.500000	103.008	-55.2956
88.500000	102.910	-55.4365
90.000000	102.763	-55.6446
91.199997	102.646	-55.7866
92.500000	102.520	-55.9294
93.800003	102.396	-56.0731
95.000000	102.285	-56.1818
96.199997	102.171	-56.2705
97.500000	102.056	-56.3878
98.800003	101.970	-56.4804
100.000000	101.884	-56.5637
101.500000	101.710	-56.6074
103.000000	101.537	-56.6548
104.400002	101.402	-56.6810
106.000000	101.261	-56.6662
107.500000	101.132	-56.6653
109.000000	101.004	-56.6308
110.599998	100.865	-56.5868
112.000000	100.744	-56.5428
113.800003	100.590	-56.4578
115.000000	100.490	-56.3994
117.199997	100.312	-56.2675
118.000000	100.250	-56.1974
120.599998	100.056	-55.9716
122.000000	99.951	-55.8880
124.099998	99.796	-55.7217
125.000000	99.730	-55.6565
126.500000	99.625	-55.5727
128.000000	99.523	-55.4662
131.500000	99.278	-55.1442
132.000000	99.242	-55.0984
134.000000	99.100	-54.9094
136.000000	98.958	-54.6820
138.000000	98.819	-54.4253
140.000000	98.694	-54.1762
143.000000	98.512	-53.7738
145.000000	98.391	-53.4896
147.500000	98.242	-53.1100
150.000000	98.092	-52.7296
152.500000	97.943	-52.3760
155.000000	97.798	-52.0156
157.500000	97.657	-51.5843
160.000000	97.519	-51.1113
162.500000	97.379	-50.6562
165.000000	97.236	-50.2192
167.500000	97.095	-49.7612
170.000000	96.961	-49.2380
172.500000	96.832	-48.6948
175.000000	96.705	-48.1300
177.500000	96.582	-47.5567
180.000000	96.464	-46.9752
182.500000	96.350	-46.3620
185.000000	96.243	-45.7599
187.500000	96.148	-45.1573
190.000000	96.058	-44.5497
192.500000	95.971	-43.9382
195.000000	95.888	-43.3783
197.500000	95.810	-42.8207
200.000000	95.738	-42.2625
203.000000	95.652	-41.6925
206.000000	95.570	-41.1126
209.000000	95.488	-40.5387
212.000000	95.403	-39.9696
214.000000	95.347	-39.5839
218.000000	95.240	-38.7936
220.000000	95.189	-38.3924
224.000000	95.091	-37.5847
227.000000	95.021	-36.9884
230.000000	94.953	-36.4063
233.000000	94.887	-35.8008
236.000000	94.824	-35.1894
240.000000	94.746	-34.3853
243.000000	94.690	-33.7840
247.000000	94.618	-32.9951
250.000000	94.568	-32.4085
254.000000	94.504	-31.6351
258.000000	94.445	-30.8679
262.000000	94.388	-30.1059
265.000000	94.349	-29.5390
269.000000	94.300	-28.7954
272.000000	94.267	-28.2488
276.000000	94.227	-27.5280
280.000000	94.194	-26.8206
285.000000	94.157	-25.9721
290.000000	94.123	-25.1770
295.000000	94.090	-24.4401
300.000000	94.058	-23.7514
304.000000	94.033	-23.2109
307.000000	94.015	-22.8101
311.000000	93.991	-22.2811
315.000000	93.966	-21.7618
320.000000	93.934	-21.1184
325.000000	93.905	-20.4853
330.000000	93.878	-19.8643
335.000000	93.853	-19.2512
340.000000	93.828	-18.6471
345.000000	93.805	-18.0534
350.000000	93.783	-17.4707
355.000000	93.762	-16.9066
360.000000	93.744	-16.3540
365.000000	93.727	-15.8078
370.000000	93.711	-15.2723
375.000000	93.696	-14.7516
382.000000	93.674	-14.0415
387.000000	93.660	-13.5496
395.000000	93.638	-12.7807
400.000000	93.626	-12.3099
406.000000	93.612	-11.7614
412.000000	93.598	-11.2311
418.000000	93.584	-10.7092
425.000000	93.566	-10.1140
431.000000	93.550	-9.6086
437.000000	93.533	-9.1110
444.000000	93.512	-8.5292
450.000000	93.494	-8.0182
455.000000	93.480	-7.5817
462.000000	93.465	-6.9591
468.000000	93.456	-6.4346
475.000000	93.449	-5.8467
482.000000	93.443	-5.2884
487.000000	93.439	-4.9035
494.000000	93.432	-4.3745
500.000000	93.426	-3.9297
508.000000	93.419	-3.3516
515.000000	93.412	-2.8588
522.000000	93.404	-2.3696
530.000000	93.395	-1.8159
538.000000	93.386	-1.2668
545.000000	93.379	-0.7899
552.000000	93.370	-0.3131
560.000000	93.361	0.2316
570.000000	93.349	0.9065
580.000000	93.339	1.5767
590.000000	93.328	2.2418
600.000000	93.317	2.9072
608.000000	93.309	3.4411
615.000000	93.303	3.9067
622.000000	93.296	4.3710
630.000000	93.290	4.9021
640.000000	93.283	5.5655
650.000000	93.276	6.2278
660.000000	93.270	6.8918
670.000000	93.265	7.5575
680.000000	93.262	8.2196
690.000000	93.259	8.8796
700.000000	93.257	9.5451
710.000000	93.256	10.2157
720.000000	93.257	10.8873
730.000000	93.259	11.5602
740.000000	93.262	12.2325
750.000000	93.266	12.9071
762.000000	93.273	13.7196
775.000000	93.283	14.6021
788.000000	93.296	15.4883
800.000000	93.309	16.3040
812.000000	93.321	17.1234
825.000000	93.335	18.0106
838.000000	93.354	18.8935
850.000000	93.373	19.7097
862.000000	93.396	20.5240
875.000000	93.425	21.3988
885.000000	93.450	22.0666
900.000000	93.493	23.0559
912.000000	93.531	23.8359
925.000000	93.576	24.6688
938.000000	93.626	25.4861
950.000000	93.675	26.2241
962.000000	93.727	26.9458
975.000000	93.787	27.7037
988.000000	93.851	28.4329
1000.000000	93.911	29.0826
1015.000000	93.990	29.8599
1030.000000	94.072	30.5921
1044.000000	94.149	31.2366
1060.000000	94.240	31.9276
1075.000000	94.326	32.5284
1090.000000	94.411	33.0839
1106.000000	94.501	33.6330
1120.000000	94.579	34.0777
1138.000000	94.676	34.6013
1150.000000	94.738	34.9224
1172.000000	94.846	35.4645
1180.000000	94.884	35.6489
1206.000000	95.000	36.2067
1220.000000	95.058	36.4864
1241.000000	95.141	36.8913
1250.000000	95.176	37.0610
1265.000000	95.236	37.3389
1280.000000	95.294	37.6140
1315.000000	95.421	38.2585
1320.000000	95.438	38.3519
1340.000000	95.503	38.7306
1360.000000	95.565	39.1221
1380.000000	95.623	39.5274
1400.000000	95.679	39.9471
1430.000000	95.759	40.6092
1450.000000	95.811	41.0766
1475.000000	95.874	41.6965
1500.000000	95.939	42.3671
1525.000000	96.010	43.0883
1550.000000	96.092	43.8347
1575.000000	96.186	44.5438
1600.000000	96.281	45.1742
1625.000000	96.368	45.7525
1650.000000	96.448	46.3295
1675.000000	96.526	46.9269
1700.000000	96.605	47.5459
1725.000000	96.686	48.1767
1750.000000	96.771	48.8169
1775.000000	96.860	49.4624
1800.000000	96.954	50.1100
1825.000000	97.053	50.7548
1850.000000	97.157	51.3908
1875.000000	97.268	52.0076
1900.000000	97.384	52.5952
1925.000000	97.504	53.1510
1950.000000	97.627	53.6792
1975.000000	97.754	54.1836
2000.000000	97.885	54.6634
2030.000000	98.049	55.2011
2060.000000	98.219	55.6933
2090.000000	98.395	56.1339
2120.000000	98.576	56.5171
2140.000000	98.699	56.7383
2180.000000	98.951	57.0937
2200.000000	99.080	57.2238
2240.000000	99.340	57.3828
2270.000000	99.538	57.4073
2300.000000	99.737	57.3464
2330.000000	99.935	57.1967
2360.000000	100.133	56.9526
2400.000000	100.392	56.4753
2430.000000	100.581	56.0022
2470.000000	100.823	55.2170
2500.000000	100.996	54.5169
2540.000000	101.210	53.4432
2580.000000	101.403	52.2252
2620.000000	101.570	50.8892
2650.000000	101.677	49.8280
2690.000000	101.797	48.3568
2720.000000	101.870	47.2169
2760.000000	101.945	45.6406
2800.000000	101.990	43.9918
2850.000000	101.993	41.8813
2900.000000	101.933	39.8437
2950.000000	101.816	37.9853
3000.000000	101.649	36.3852
3040.000000	101.486	35.3545
3070.000000	101.353	34.7631
3110.000000	101.171	34.2463
3150.000000	101.002	34.0277
3200.000000	100.830	34.0424
3250.000000	100.707	34.1558
3300.000000	100.612	34.2292
3350.000000	100.529	34.2827
3400.000000	100.456	34.3674
3450.000000	100.398	34.4762
3500.000000	100.355	34.5647
3550.000000	100.322	34.6074
3600.000000	100.294	34.6181
3650.000000	100.272	34.6284
3700.000000	100.262	34.6265
3750.000000	100.265	34.5642
3820.000000	100.281	34.3109
3870.000000	100.293	34.0083
3950.000000	100.303	33.3480
4000.000000	100.300	32.8388
4060.000000	100.280	32.1463
4120.000000	100.245	31.3867
4180.000000	100.194	30.5758
4250.000000	100.113	29.5799
4310.000000	100.023	28.7096
4370.000000	99.913	27.8623
4440.000000	99.762	26.9521
4500.000000	99.616	26.2640
4550.000000	99.484	25.7700
4620.000000	99.288	25.2321
4680.000000	99.115	24.9446
4750.000000	98.919	24.8310
4820.000000	98.743	24.9352
4870.000000	98.636	25.1125
4940.000000	98.522	25.4354
5000.000000	98.459	25.7031
5080.000000	98.425	25.9063
5150.000000	98.428	25.8252
5220.000000	98.444	25.4281
5300.000000	98.451	24.5748
5380.000000	98.421	23.3666
5450.000000	98.348	22.1252
5520.000000	98.225	20.8338
5600.000000	98.023	19.4469
5700.000000	97.696	18.0711
5800.000000	97.321	17.2802
5900.000000	96.942	17.1254
6000.000000	96.597	17.5186
6080.000000	96.360	18.1122
6150.000000	96.183	18.7657
6220.000000	96.038	19.5130
6300.000000	95.916	20.4706
6400.000000	95.845	21.8321
6500.000000	95.873	23.3584
6600.000000	96.019	24.8907
6700.000000	96.296	26.1129
6800.000000	96.689	26.7038
6900.000000	97.177	26.5101
7000.000000	97.773	25.2843
7100.000000	98.422	22.3153
7200.000000	98.974	17.4101
7300.000000	99.315	11.0244
7400.000000	99.375	3.7704
7500.000000	99.125	-3.5859
7620.000000	98.459	-11.4646
7750.000000	97.434	-17.9043
7880.000000	96.283	-21.9109
8000.000000	95.219	-23.7209
8120.000000	94.193	-24.1172
8250.000000	93.178	-23.3692
8380.000000	92.301	-21.7397
8500.000000	91.620	-19.6899
8620.000000	91.059	-17.2824
8750.000000	90.580	-14.4146
8850.000000	90.298	-12.1074
9000.000000	90.009	-8.5998
9120.000000	89.885	-5.8311
9250.000000	89.854	-2.9699
9380.000000	89.920	-0.3391
9500.000000	90.062	1.8039
9620.000000	90.273	3.5798
9750.000000	90.568	4.9803
9880.000000	90.915	5.7223
10000.000000	91.262	5.7276
10150.000000	91.694	4.7101
10300.000000	92.063	2.5178
10440.000000	92.287	-0.4632
10600.000000	92.337	-4.5590
10750.000000	92.157	-8.4777
10900.000000	91.780	-11.8854
11060.000000	91.232	-14.5013
11200.000000	90.702	-15.7909
11380.000000	90.055	-16.2527
11500.000000	89.686	-16.0600
11720.000000	89.178	-15.3893
11800.000000	89.045	-15.2191
12060.000000	88.724	-15.4244
12200.000000	88.581	-16.0146
12410.000000	88.384	-17.2323
12500.000000	88.318	-17.7898
12650.000000	88.259	-18.7225
12800.000000	88.288	-19.7085
13150.000000	88.821	-23.1413
13200.000000	88.961	-23.8972
13400.000000	89.685	-28.0499
13600.000000	90.629	-34.7391
13800.000000	91.631	-44.7988
14000.000000	92.421	-58.3660
14300.000000	92.656	-82.7031
14500.000000	92.089	-98.6677
14750.000000	90.851	-115.4744
15000.000000	89.532	-128.1845
15250.000000	88.548	-138.2668
15500.000000	88.082	-147.9236
15750.000000	88.184	-159.6166
16000.000000	88.732	-176.1964
16250.000000	89.129	160.3687
16500.000000	88.400	132.0440
16750.000000	86.130	104.9490
17000.000000	82.821	84.0136
17250.000000	79.367	69.4089
17500.000000	76.456	57.6955
17750.000000	74.233	44.6778
18000.000000	72.401	27.6144
18250.000000	70.513	5.4339
18500.000000	68.128	-21.1666
18750.000000	64.918	-50.7522
19000.000000	60.687	-80.4949
19250.000000	55.362	-104.4153
19500.000000	50.187	-120.8473
19750.000000	48.369	-151.5913
20000.000000	48.359	164.0289
