* Measurement data measured by REW V5.31.3
* Source: USB-C to 3.5mm Headphone Jack Adapter, USB-C to 3.5mm Headphone Jack Adapter, 0, volume: 0.295
* Format: 256k Log Swept Sine, 4 sweeps at -12.0 dBFS with no timing reference
* Dated: Mar 14, 2026 1:51:26 AM
* REW Settings:
*  C-weighting compensation: Off
*  Target level: 75.0 dB
* Note: ; 
* Measurement: Kotori Vampire Jiju L
* Smoothing: 1/24 octave
* Frequency Step: 1/48 octave
* Start Frequency: 20.300 Hz
*
* Freq(Hz)	SPL(dB)	Phase(degrees)
20.299999	98.287	15.8863
20.600000	98.304	15.6627
20.900000	98.321	15.4252
21.200001	98.338	15.1822
21.400000	98.349	15.0142
21.799999	98.373	14.6627
22.000000	98.385	14.4823
22.400000	98.410	14.1243
22.700001	98.429	13.8661
23.000000	98.448	13.6193
23.299999	98.467	13.3822
23.600000	98.485	13.1515
24.000000	98.506	12.8501
24.299999	98.519	12.6284
24.700001	98.534	12.3392
25.000000	98.543	12.1247
25.400000	98.556	11.8331
25.799999	98.570	11.5263
26.200001	98.584	11.2054
26.500000	98.594	10.9649
26.900000	98.607	10.6620
27.200001	98.617	10.4563
27.600000	98.632	10.2111
28.000000	98.648	9.9872
28.500000	98.666	9.7163
29.000000	98.679	9.4482
29.500000	98.687	9.1867
30.000000	98.696	8.9202
30.400000	98.707	8.6851
30.700001	98.717	8.4903
31.100000	98.731	8.2128
31.500000	98.744	7.9354
32.000000	98.758	7.6239
32.500000	98.772	7.3630
33.000000	98.785	7.1285
33.500000	98.793	6.8927
34.000000	98.795	6.6576
34.500000	98.793	6.4417
35.000000	98.795	6.2430
35.500000	98.805	6.0293
36.000000	98.817	5.7749
36.500000	98.825	5.4953
37.000000	98.826	5.2313
37.500000	98.825	5.0018
38.200001	98.830	4.6929
38.700001	98.837	4.4510
39.500000	98.847	4.0918
40.000000	98.854	3.9293
40.599998	98.865	3.7652
41.200001	98.873	3.5665
41.799999	98.869	3.3166
42.500000	98.856	3.0025
43.099998	98.849	2.7335
43.700001	98.849	2.4740
44.400002	98.854	2.2245
45.000000	98.861	2.0615
45.500000	98.868	1.9161
46.200001	98.872	1.6423
46.799999	98.866	1.3984
47.500000	98.866	1.2010
48.200001	98.891	1.0062
48.700001	98.910	0.7822
49.400002	98.908	0.4167
50.000000	98.883	0.2118
50.799999	98.861	0.1117
51.500000	98.864	-0.0191
52.200001	98.865	-0.2334
53.000000	98.857	-0.4405
53.799999	98.855	-0.6223
54.500000	98.855	-0.8131
55.200001	98.851	-0.9953
56.000000	98.848	-1.1972
57.000000	98.835	-1.5136
58.000000	98.812	-1.7919
59.000000	98.807	-1.9923
60.000000	98.811	-2.2157
60.799999	98.807	-2.3992
61.500000	98.800	-2.5534
62.200001	98.792	-2.7046
63.000000	98.783	-2.8766
64.000000	98.772	-3.1081
65.000000	98.760	-3.3516
66.000000	98.749	-3.5823
67.000000	98.736	-3.7908
68.000000	98.724	-3.9762
69.000000	98.717	-4.1731
70.000000	98.710	-4.3720
71.000000	98.697	-4.5229
72.000000	98.682	-4.6339
73.000000	98.670	-4.7844
74.000000	98.660	-4.9933
75.000000	98.649	-5.1832
76.199997	98.632	-5.4085
77.500000	98.607	-5.6741
78.800003	98.599	-5.8539
80.000000	98.595	-5.9653
81.199997	98.577	-6.1294
82.500000	98.551	-6.3875
83.800003	98.529	-6.6146
85.000000	98.494	-6.6984
86.199997	98.482	-6.6731
87.500000	98.489	-6.8975
88.500000	98.473	-7.0894
90.000000	98.446	-7.3029
91.199997	98.433	-7.4454
92.500000	98.422	-7.5815
93.800003	98.401	-7.7165
95.000000	98.380	-7.8453
96.199997	98.357	-7.9857
97.500000	98.332	-8.1075
98.800003	98.314	-8.2256
100.000000	98.298	-8.3727
101.500000	98.275	-8.4913
103.000000	98.254	-8.5755
104.400002	98.234	-8.6552
106.000000	98.212	-8.7519
107.500000	98.189	-8.8966
109.000000	98.164	-9.0315
110.599998	98.143	-9.1232
112.000000	98.128	-9.1969
113.800003	98.113	-9.2886
115.000000	98.103	-9.3785
117.199997	98.082	-9.5544
118.000000	98.072	-9.6087
120.599998	98.032	-9.8187
122.000000	98.008	-9.9339
124.099998	97.975	-10.0691
125.000000	97.965	-10.1158
126.500000	97.952	-10.1909
128.000000	97.939	-10.2254
131.500000	97.906	-10.4125
132.000000	97.901	-10.4531
134.000000	97.880	-10.5669
136.000000	97.858	-10.6561
138.000000	97.833	-10.7922
140.000000	97.808	-10.9080
143.000000	97.776	-11.0054
145.000000	97.748	-11.0791
147.500000	97.723	-11.2594
150.000000	97.705	-11.4946
152.500000	97.670	-11.4427
155.000000	97.633	-11.4198
157.500000	97.607	-11.4394
160.000000	97.577	-11.5201
162.500000	97.544	-11.5912
165.000000	97.510	-11.6512
167.500000	97.476	-11.7307
170.000000	97.440	-11.7878
172.500000	97.405	-11.8010
175.000000	97.372	-11.8176
177.500000	97.338	-11.8678
180.000000	97.303	-11.9130
182.500000	97.271	-11.9357
185.000000	97.241	-11.9613
187.500000	97.206	-11.9867
190.000000	97.172	-12.0004
192.500000	97.138	-12.0074
195.000000	97.106	-12.0085
197.500000	97.077	-12.0264
200.000000	97.052	-12.0365
203.000000	97.024	-12.0253
206.000000	96.989	-12.0375
209.000000	96.955	-12.0497
212.000000	96.923	-12.0504
214.000000	96.903	-12.0428
218.000000	96.862	-12.0346
220.000000	96.841	-12.0349
224.000000	96.801	-12.0101
227.000000	96.771	-11.9776
230.000000	96.746	-11.9375
233.000000	96.722	-11.9081
236.000000	96.695	-11.9015
240.000000	96.656	-11.8766
243.000000	96.628	-11.8363
247.000000	96.593	-11.7659
250.000000	96.570	-11.7151
254.000000	96.537	-11.6746
258.000000	96.504	-11.6082
262.000000	96.466	-11.5702
265.000000	96.439	-11.5422
269.000000	96.404	-11.4937
272.000000	96.379	-11.4515
276.000000	96.347	-11.3955
280.000000	96.314	-11.3377
285.000000	96.274	-11.2587
290.000000	96.234	-11.1811
295.000000	96.194	-11.0993
300.000000	96.156	-11.0265
304.000000	96.126	-10.9562
307.000000	96.103	-10.8970
311.000000	96.073	-10.8208
315.000000	96.044	-10.7495
320.000000	96.007	-10.6592
325.000000	95.971	-10.5694
330.000000	95.934	-10.4812
335.000000	95.898	-10.3920
340.000000	95.861	-10.2993
345.000000	95.825	-10.2064
350.000000	95.789	-10.1101
355.000000	95.753	-10.0016
360.000000	95.716	-9.8894
365.000000	95.680	-9.7766
370.000000	95.644	-9.6599
375.000000	95.609	-9.5397
382.000000	95.560	-9.3599
387.000000	95.525	-9.2262
395.000000	95.472	-9.0175
400.000000	95.440	-8.8874
406.000000	95.400	-8.7103
412.000000	95.361	-8.5297
418.000000	95.323	-8.3526
425.000000	95.279	-8.1514
431.000000	95.243	-7.9761
437.000000	95.206	-7.7971
444.000000	95.164	-7.5937
450.000000	95.128	-7.4210
455.000000	95.098	-7.2601
462.000000	95.055	-7.0272
468.000000	95.019	-6.8302
475.000000	94.978	-6.5936
482.000000	94.938	-6.3543
487.000000	94.909	-6.1840
494.000000	94.870	-5.9449
500.000000	94.836	-5.7413
508.000000	94.793	-5.4579
515.000000	94.755	-5.2069
522.000000	94.717	-4.9510
530.000000	94.673	-4.6536
538.000000	94.629	-4.3485
545.000000	94.589	-4.0707
552.000000	94.551	-3.7883
560.000000	94.512	-3.4710
570.000000	94.463	-3.0605
580.000000	94.413	-2.6432
590.000000	94.364	-2.2116
600.000000	94.315	-1.7666
608.000000	94.278	-1.4011
615.000000	94.246	-1.0784
622.000000	94.214	-0.7514
630.000000	94.179	-0.3709
640.000000	94.136	0.1128
650.000000	94.095	0.6075
660.000000	94.055	1.1187
670.000000	94.017	1.6359
680.000000	93.979	2.1600
690.000000	93.944	2.6886
700.000000	93.910	3.2265
710.000000	93.878	3.7914
720.000000	93.848	4.3623
730.000000	93.820	4.9363
740.000000	93.793	5.5196
750.000000	93.770	6.1100
762.000000	93.743	6.8348
775.000000	93.719	7.6333
788.000000	93.700	8.4458
800.000000	93.685	9.2141
812.000000	93.669	9.9817
825.000000	93.657	10.8203
838.000000	93.651	11.6641
850.000000	93.652	12.4376
862.000000	93.660	13.2055
875.000000	93.673	14.0145
885.000000	93.685	14.6213
900.000000	93.708	15.5165
912.000000	93.730	16.2226
925.000000	93.760	16.9713
938.000000	93.793	17.6973
950.000000	93.828	18.3468
962.000000	93.864	18.9808
975.000000	93.907	19.6389
988.000000	93.954	20.2622
1000.000000	93.999	20.8089
1015.000000	94.057	21.4561
1030.000000	94.116	22.0649
1044.000000	94.171	22.5947
1060.000000	94.234	23.1556
1075.000000	94.293	23.6414
1090.000000	94.350	24.0859
1106.000000	94.410	24.5259
1120.000000	94.460	24.8919
1138.000000	94.521	25.3315
1150.000000	94.559	25.6068
1172.000000	94.625	26.0728
1180.000000	94.647	26.2338
1206.000000	94.713	26.7368
1220.000000	94.744	26.9990
1241.000000	94.788	27.3902
1250.000000	94.807	27.5574
1265.000000	94.840	27.8348
1280.000000	94.873	28.1155
1315.000000	94.943	28.7977
1320.000000	94.953	28.8985
1340.000000	94.988	29.3110
1360.000000	95.021	29.7398
1380.000000	95.053	30.1879
1400.000000	95.084	30.6562
1430.000000	95.130	31.3859
1450.000000	95.160	31.8906
1475.000000	95.198	32.5459
1500.000000	95.238	33.2290
1525.000000	95.279	33.9383
1550.000000	95.322	34.6678
1575.000000	95.368	35.4172
1600.000000	95.416	36.1820
1625.000000	95.465	36.9610
1650.000000	95.515	37.7492
1675.000000	95.568	38.5478
1700.000000	95.626	39.3516
1725.000000	95.687	40.1586
1750.000000	95.752	40.9676
1775.000000	95.821	41.7812
1800.000000	95.894	42.5976
1825.000000	95.971	43.4163
1850.000000	96.052	44.2393
1875.000000	96.137	45.0729
1900.000000	96.225	45.9214
1925.000000	96.320	46.7847
1950.000000	96.424	47.6630
1975.000000	96.538	48.5425
2000.000000	96.665	49.4001
2030.000000	96.830	50.3701
2060.000000	97.005	51.2730
2090.000000	97.185	52.1191
2120.000000	97.368	52.9294
2140.000000	97.493	53.4584
2180.000000	97.753	54.4952
2200.000000	97.890	55.0030
2240.000000	98.179	55.9844
2270.000000	98.412	56.6693
2300.000000	98.660	57.2921
2330.000000	98.925	57.8310
2360.000000	99.205	58.2455
2400.000000	99.594	58.5413
2430.000000	99.889	58.5610
2470.000000	100.276	58.3564
2500.000000	100.559	58.0698
2540.000000	100.929	57.5520
2580.000000	101.294	56.9049
2620.000000	101.660	56.1389
2650.000000	101.938	55.4773
2690.000000	102.320	54.4307
2720.000000	102.616	53.4762
2760.000000	103.020	51.9017
2800.000000	103.426	49.8847
2850.000000	103.901	46.6122
2900.000000	104.288	42.4942
2950.000000	104.532	37.7676
3000.000000	104.612	32.8150
3040.000000	104.561	28.9298
3070.000000	104.465	26.1537
3110.000000	104.269	22.7122
3150.000000	104.011	19.6253
3200.000000	103.625	16.3121
3250.000000	103.192	13.6158
3300.000000	102.733	11.5110
3350.000000	102.264	9.9487
3400.000000	101.799	8.8672
3450.000000	101.344	8.2068
3500.000000	100.906	7.9100
3550.000000	100.486	7.9276
3600.000000	100.089	8.2167
3650.000000	99.715	8.7401
3700.000000	99.365	9.4628
3750.000000	99.038	10.3563
3820.000000	98.620	11.8531
3870.000000	98.349	13.0736
3950.000000	97.960	15.2400
4000.000000	97.744	16.7082
4060.000000	97.509	18.5650
4120.000000	97.301	20.5057
4180.000000	97.122	22.5178
4250.000000	96.949	24.9402
4310.000000	96.831	27.0656
4370.000000	96.741	29.2259
4440.000000	96.670	31.7834
4500.000000	96.639	34.0009
4550.000000	96.635	35.8617
4620.000000	96.663	38.4731
4680.000000	96.720	40.7018
4750.000000	96.825	43.2706
4820.000000	96.971	45.7845
4870.000000	97.101	47.5336
4940.000000	97.318	49.9048
5000.000000	97.539	51.8505
5080.000000	97.884	54.2936
5150.000000	98.233	56.2638
5220.000000	98.628	58.0439
5300.000000	99.137	59.7939
5380.000000	99.708	61.1738
5450.000000	100.259	62.0062
5520.000000	100.857	62.4119
5600.000000	101.592	62.2382
5700.000000	102.571	60.8347
5800.000000	103.570	57.8116
5900.000000	104.507	52.9319
6000.000000	105.266	46.2253
6080.000000	105.667	39.8443
6150.000000	105.833	33.8970
6220.000000	105.822	27.9793
6300.000000	105.622	21.6855
6400.000000	105.178	15.0351
6500.000000	104.624	10.0111
6600.000000	104.073	6.5095
6700.000000	103.612	3.9626
6800.000000	103.226	1.7182
6900.000000	102.867	-0.2274
7000.000000	102.558	-1.7816
7100.000000	102.330	-3.1912
7200.000000	102.177	-4.7796
7300.000000	102.069	-6.7490
7400.000000	101.973	-9.1790
7500.000000	101.860	-12.0875
7620.000000	101.658	-16.1355
7750.000000	101.309	-20.9489
7880.000000	100.794	-25.7767
8000.000000	100.163	-29.8484
8120.000000	99.391	-33.2727
8250.000000	98.464	-36.0954
8380.000000	97.517	-37.9847
8500.000000	96.668	-38.9797
8620.000000	95.867	-39.3782
8750.000000	95.076	-39.2915
8850.000000	94.529	-38.9579
9000.000000	93.822	-38.2064
9120.000000	93.358	-37.5479
9250.000000	92.961	-36.9572
9380.000000	92.671	-36.6899
9500.000000	92.492	-36.9204
9620.000000	92.381	-37.7967
9750.000000	92.309	-39.6719
9880.000000	92.236	-42.6405
10000.000000	92.117	-46.3234
10150.000000	91.839	-51.9347
10300.000000	91.379	-58.3014
10440.000000	90.754	-64.6090
10600.000000	89.779	-71.6779
10750.000000	88.630	-77.4640
10900.000000	87.333	-81.9310
11060.000000	85.895	-85.1114
11200.000000	84.666	-86.7050
11380.000000	83.199	-87.4853
11500.000000	82.313	-87.4290
11720.000000	80.910	-86.5862
11800.000000	80.470	-86.1329
12060.000000	79.311	-84.4559
12200.000000	78.868	-83.5765
12410.000000	78.461	-82.5566
12500.000000	78.394	-82.3124
12650.000000	78.448	-82.3085
12800.000000	78.725	-83.0342
13150.000000	80.317	-90.6668
13200.000000	80.634	-92.9126
13400.000000	81.888	-106.0805
13600.000000	82.521	-125.8837
13800.000000	81.860	-148.5579
14000.000000	79.924	-168.2716
14300.000000	76.035	173.0602
14500.000000	73.597	166.1987
14750.000000	71.057	160.4879
15000.000000	69.025	155.6581
15250.000000	67.350	150.4022
15500.000000	65.897	144.0407
15750.000000	64.576	136.1898
16000.000000	63.325	126.3332
16250.000000	62.024	114.3572
16500.000000	60.366	101.1244
16750.000000	58.080	89.6645
17000.000000	55.475	86.5493
17250.000000	54.809	93.4467
17500.000000	57.780	90.4004
17750.000000	61.973	67.3284
18000.000000	65.503	25.8627
18250.000000	67.424	-29.9324
18500.000000	67.572	-93.5052
18750.000000	66.321	-159.9052
19000.000000	64.186	133.0850
19250.000000	61.560	65.7391
19500.000000	58.697	-3.3981
19750.000000	55.862	-78.7078
20000.000000	53.833	-154.2620
