* Measurement data measured by REW V5.31.3
* Source: USB-C to 3.5mm Headphone Jack Adapter, USB-C to 3.5mm Headphone Jack Adapter, 0, volume: 0.295
* Format: 256k Log Swept Sine, 4 sweeps at -12.0 dBFS with no timing reference
* Dated: Nov 7, 2024 6:45:14 PM
* REW Settings:
*  C-weighting compensation: Off
*  Target level: 75.0 dB
* Note: ; 
* Measurement: KZ EDC PRO L
* Smoothing: 1/24 octave
* Frequency Step: 1/48 octave
* Start Frequency: 20.300 Hz
*
* Freq(Hz)	SPL(dB)	Phase(degrees)
20.299999	104.761	-161.1071
20.600000	104.770	-161.7351
20.900000	104.780	-162.4214
21.200001	104.791	-163.1168
21.400000	104.799	-163.5811
21.799999	104.814	-164.4992
22.000000	104.821	-164.9463
22.400000	104.833	-165.8048
22.700001	104.840	-166.4152
23.000000	104.844	-167.0018
23.299999	104.847	-167.5740
23.600000	104.848	-168.1421
24.000000	104.848	-168.9080
24.299999	104.847	-169.4936
24.700001	104.845	-170.2847
25.000000	104.842	-170.8757
25.400000	104.838	-171.6413
25.799999	104.834	-172.3635
26.200001	104.831	-173.0369
26.500000	104.828	-173.5159
26.900000	104.824	-174.1343
27.200001	104.818	-174.5918
27.600000	104.807	-175.1994
28.000000	104.793	-175.8039
28.500000	104.773	-176.5542
29.000000	104.758	-177.3086
29.500000	104.748	-178.0825
30.000000	104.736	-178.8697
30.400000	104.722	-179.4858
30.700001	104.709	-179.9249
31.100000	104.687	179.5314
31.500000	104.664	179.0356
32.000000	104.638	178.4619
32.500000	104.615	177.9045
33.000000	104.594	177.3365
33.500000	104.571	176.7519
34.000000	104.544	176.1595
34.500000	104.514	175.5712
35.000000	104.482	174.9940
35.500000	104.453	174.4270
36.000000	104.426	173.8654
36.500000	104.401	173.3083
37.000000	104.375	172.7650
37.500000	104.346	172.2511
38.200001	104.300	171.5897
38.700001	104.268	171.1316
39.500000	104.220	170.3556
40.000000	104.190	169.8609
40.599998	104.153	169.3297
41.200001	104.125	168.8903
41.799999	104.108	168.4714
42.500000	104.081	167.9062
43.099998	104.039	167.3796
43.700001	103.985	166.8802
44.400002	103.927	166.3387
45.000000	103.885	165.8730
45.500000	103.852	165.4840
46.200001	103.805	164.9656
46.799999	103.766	164.5464
47.500000	103.719	164.0638
48.200001	103.671	163.5836
48.700001	103.636	163.2466
49.400002	103.588	162.7920
50.000000	103.545	162.4319
50.799999	103.489	161.9944
51.500000	103.439	161.6146
52.200001	103.389	161.2154
53.000000	103.335	160.7479
53.799999	103.287	160.2753
54.500000	103.244	159.8762
55.200001	103.197	159.5147
56.000000	103.141	159.1262
57.000000	103.065	158.6320
58.000000	102.989	158.1319
59.000000	102.911	157.6213
60.000000	102.835	157.1785
60.799999	102.790	156.8648
61.500000	102.755	156.5775
62.200001	102.715	156.2900
63.000000	102.662	155.9794
64.000000	102.592	155.5878
65.000000	102.524	155.1933
66.000000	102.457	154.8525
67.000000	102.392	154.5471
68.000000	102.324	154.1989
69.000000	102.255	153.8320
70.000000	102.188	153.4806
71.000000	102.117	153.1603
72.000000	102.047	152.9027
73.000000	101.986	152.6348
74.000000	101.924	152.3273
75.000000	101.858	152.0584
76.199997	101.783	151.7650
77.500000	101.700	151.4406
78.800003	101.615	151.1593
80.000000	101.539	150.9011
81.199997	101.464	150.6102
82.500000	101.381	150.3157
83.800003	101.302	150.0613
85.000000	101.231	149.8159
86.199997	101.157	149.5974
87.500000	101.078	149.3854
88.500000	101.018	149.2279
90.000000	100.929	149.0068
91.199997	100.857	148.8283
92.500000	100.784	148.6461
93.800003	100.713	148.4574
95.000000	100.645	148.2740
96.199997	100.581	148.1108
97.500000	100.511	148.0028
98.800003	100.431	147.9305
100.000000	100.350	147.8214
101.500000	100.257	147.6519
103.000000	100.177	147.5839
104.400002	100.103	147.5379
106.000000	100.020	147.4439
107.500000	99.948	147.3933
109.000000	99.884	147.3391
110.599998	99.817	147.1993
112.000000	99.758	147.1266
113.800003	99.673	147.0551
115.000000	99.618	146.9556
117.199997	99.541	146.8096
118.000000	99.509	146.7626
120.599998	99.378	146.6951
122.000000	99.317	146.6651
124.099998	99.236	146.5408
125.000000	99.199	146.4627
126.500000	99.128	146.3682
128.000000	99.054	146.3241
131.500000	98.902	146.3061
132.000000	98.880	146.2986
134.000000	98.788	146.2299
136.000000	98.698	146.2494
138.000000	98.629	146.2777
140.000000	98.562	146.2986
143.000000	98.448	146.3609
145.000000	98.369	146.3340
147.500000	98.276	146.3365
150.000000	98.187	146.3821
152.500000	98.100	146.4430
155.000000	98.013	146.5396
157.500000	97.924	146.6571
160.000000	97.838	146.7232
162.500000	97.750	146.8063
165.000000	97.662	146.9037
167.500000	97.579	147.0026
170.000000	97.498	147.0952
172.500000	97.410	147.2131
175.000000	97.325	147.3049
177.500000	97.245	147.3306
180.000000	97.166	147.3365
182.500000	97.090	147.5718
185.000000	97.014	147.8071
187.500000	96.937	147.9643
190.000000	96.863	148.1058
192.500000	96.790	148.2527
195.000000	96.716	148.3943
197.500000	96.643	148.5332
200.000000	96.573	148.6902
203.000000	96.491	148.8926
206.000000	96.413	149.0942
209.000000	96.336	149.3203
212.000000	96.260	149.5691
214.000000	96.211	149.7077
218.000000	96.116	149.9562
220.000000	96.069	150.1025
224.000000	95.977	150.4116
227.000000	95.911	150.6576
230.000000	95.847	150.8741
233.000000	95.783	151.0858
236.000000	95.725	151.3412
240.000000	95.643	151.6799
243.000000	95.578	151.9055
247.000000	95.497	152.1895
250.000000	95.442	152.4318
254.000000	95.366	152.7948
258.000000	95.287	153.1189
262.000000	95.215	153.4282
265.000000	95.162	153.6851
269.000000	95.090	154.0331
272.000000	95.038	154.2755
276.000000	94.968	154.5952
280.000000	94.900	154.9349
285.000000	94.820	155.3506
290.000000	94.742	155.7659
295.000000	94.664	156.2142
300.000000	94.586	156.6751
304.000000	94.528	157.0183
307.000000	94.487	157.2897
311.000000	94.435	157.6638
315.000000	94.383	157.9991
320.000000	94.315	158.3815
325.000000	94.250	158.8029
330.000000	94.189	159.2372
335.000000	94.129	159.6798
340.000000	94.070	160.1202
345.000000	94.013	160.5568
350.000000	93.958	160.9973
355.000000	93.905	161.4521
360.000000	93.854	161.9010
365.000000	93.800	162.3062
370.000000	93.748	162.7268
375.000000	93.701	163.1690
382.000000	93.636	163.7736
387.000000	93.591	164.1974
395.000000	93.523	164.8785
400.000000	93.480	165.3117
406.000000	93.429	165.8225
412.000000	93.378	166.3416
418.000000	93.321	166.9052
425.000000	93.274	167.4918
431.000000	93.242	167.9691
437.000000	93.204	168.4658
444.000000	93.158	169.0484
450.000000	93.120	169.5560
455.000000	93.090	169.9738
462.000000	93.048	170.5550
468.000000	93.012	171.0580
475.000000	92.973	171.6449
482.000000	92.935	172.2237
487.000000	92.910	172.6252
494.000000	92.876	173.1898
500.000000	92.848	173.6775
508.000000	92.813	174.3338
515.000000	92.783	174.9077
522.000000	92.753	175.4754
530.000000	92.719	176.1168
538.000000	92.685	176.7619
545.000000	92.661	177.3257
552.000000	92.641	177.8825
560.000000	92.617	178.5174
570.000000	92.587	179.3157
580.000000	92.559	-179.8849
590.000000	92.533	-179.0976
600.000000	92.511	-178.3122
608.000000	92.492	-177.6737
615.000000	92.477	-177.1122
622.000000	92.463	-176.5594
630.000000	92.449	-175.9354
640.000000	92.433	-175.1533
650.000000	92.418	-174.3694
660.000000	92.406	-173.5885
670.000000	92.398	-172.8049
680.000000	92.390	-172.0254
690.000000	92.384	-171.2460
700.000000	92.379	-170.4677
710.000000	92.376	-169.6875
720.000000	92.376	-168.9094
730.000000	92.379	-168.1359
740.000000	92.385	-167.3677
750.000000	92.393	-166.6176
762.000000	92.403	-165.7510
775.000000	92.410	-164.8209
788.000000	92.421	-163.8620
800.000000	92.437	-163.1895
812.000000	92.368	-162.7441
825.000000	92.232	-161.1146
838.000000	92.267	-158.8468
850.000000	92.387	-157.4764
862.000000	92.491	-156.5307
875.000000	92.577	-155.6093
885.000000	92.634	-154.9064
900.000000	92.716	-153.8605
912.000000	92.782	-153.0220
925.000000	92.855	-152.1231
938.000000	92.932	-151.2430
950.000000	93.006	-150.4445
962.000000	93.082	-149.6673
975.000000	93.167	-148.8484
988.000000	93.255	-148.0554
1000.000000	93.341	-147.3541
1015.000000	93.450	-146.5237
1030.000000	93.561	-145.7308
1044.000000	93.667	-145.0280
1060.000000	93.791	-144.2805
1075.000000	93.907	-143.6187
1090.000000	94.025	-143.0137
1106.000000	94.149	-142.4319
1120.000000	94.257	-141.9603
1138.000000	94.395	-141.3987
1150.000000	94.485	-141.0563
1172.000000	94.646	-140.4907
1180.000000	94.703	-140.3011
1206.000000	94.885	-139.7407
1220.000000	94.978	-139.4708
1241.000000	95.116	-139.0995
1250.000000	95.175	-138.9524
1265.000000	95.273	-138.7169
1280.000000	95.371	-138.4901
1315.000000	95.590	-138.0084
1320.000000	95.620	-137.9424
1340.000000	95.738	-137.6806
1360.000000	95.852	-137.4264
1380.000000	95.963	-137.1781
1400.000000	96.071	-136.9381
1430.000000	96.227	-136.5736
1450.000000	96.329	-136.3293
1475.000000	96.454	-136.0329
1500.000000	96.576	-135.7334
1525.000000	96.698	-135.4360
1550.000000	96.817	-135.1394
1575.000000	96.937	-134.8465
1600.000000	97.053	-134.5564
1625.000000	97.166	-134.2710
1650.000000	97.278	-133.9941
1675.000000	97.389	-133.7247
1700.000000	97.502	-133.4667
1725.000000	97.615	-133.2198
1750.000000	97.729	-132.9862
1775.000000	97.842	-132.7707
1800.000000	97.956	-132.5688
1825.000000	98.070	-132.3840
1850.000000	98.185	-132.2157
1875.000000	98.299	-132.0640
1900.000000	98.414	-131.9281
1925.000000	98.528	-131.8092
1950.000000	98.644	-131.7086
1975.000000	98.759	-131.6275
2000.000000	98.875	-131.5661
2030.000000	99.016	-131.5174
2060.000000	99.158	-131.4938
2090.000000	99.301	-131.5010
2120.000000	99.444	-131.5504
2140.000000	99.539	-131.6080
2180.000000	99.726	-131.7781
2200.000000	99.819	-131.8901
2240.000000	100.002	-132.1734
2270.000000	100.134	-132.4413
2300.000000	100.261	-132.7532
2330.000000	100.381	-133.0982
2360.000000	100.496	-133.4682
2400.000000	100.639	-133.9922
2430.000000	100.741	-134.4040
2470.000000	100.871	-134.9818
2500.000000	100.963	-135.4418
2540.000000	101.079	-136.0961
2580.000000	101.184	-136.7962
2620.000000	101.274	-137.5278
2650.000000	101.330	-138.0878
2690.000000	101.388	-138.8302
2720.000000	101.419	-139.3671
2760.000000	101.443	-140.0271
2800.000000	101.450	-140.5874
2850.000000	101.438	-141.0813
2900.000000	101.419	-141.2478
2950.000000	101.423	-141.0393
3000.000000	101.488	-140.5549
3040.000000	101.604	-140.1574
3070.000000	101.727	-140.0009
3110.000000	101.923	-140.1373
3150.000000	102.120	-140.7415
3200.000000	102.319	-142.0262
3250.000000	102.436	-143.5749
3300.000000	102.481	-145.0804
3350.000000	102.476	-146.3873
3400.000000	102.445	-147.4651
3450.000000	102.406	-148.3440
3500.000000	102.367	-149.0753
3550.000000	102.334	-149.7048
3600.000000	102.308	-150.2954
3650.000000	102.285	-150.8961
3700.000000	102.258	-151.5141
3750.000000	102.223	-152.1307
3820.000000	102.161	-152.9579
3870.000000	102.108	-153.5009
3950.000000	102.011	-154.2603
4000.000000	101.945	-154.6643
4060.000000	101.860	-155.0856
4120.000000	101.774	-155.4501
4180.000000	101.688	-155.7650
4250.000000	101.590	-156.0827
4310.000000	101.509	-156.3219
4370.000000	101.430	-156.5385
4440.000000	101.339	-156.7727
4500.000000	101.263	-156.9642
4550.000000	101.199	-157.1191
4620.000000	101.109	-157.3296
4680.000000	101.032	-157.5045
4750.000000	100.940	-157.7037
4820.000000	100.845	-157.8995
4870.000000	100.775	-158.0386
4940.000000	100.673	-158.2373
5000.000000	100.579	-158.4123
5080.000000	100.439	-158.6341
5150.000000	100.298	-158.7654
5220.000000	100.139	-158.7649
5300.000000	99.943	-158.5042
5380.000000	99.753	-157.9049
5450.000000	99.612	-157.1384
5520.000000	99.503	-156.2303
5600.000000	99.417	-155.1227
5700.000000	99.362	-153.7360
5800.000000	99.356	-152.3998
5900.000000	99.391	-151.1406
6000.000000	99.465	-149.9532
6080.000000	99.555	-149.0549
6150.000000	99.659	-148.3221
6220.000000	99.789	-147.6570
6300.000000	99.980	-146.9986
6400.000000	100.290	-146.3758
6500.000000	100.669	-146.0609
6600.000000	101.107	-146.1480
6700.000000	101.601	-146.7678
6800.000000	102.143	-148.0793
6900.000000	102.714	-150.2516
7000.000000	103.286	-153.4457
7100.000000	103.816	-157.7599
7200.000000	104.256	-163.2110
7300.000000	104.549	-169.7436
7400.000000	104.627	-177.1044
7500.000000	104.444	175.1987
7620.000000	103.871	166.3917
7750.000000	102.898	158.3754
7880.000000	101.707	152.4758
8000.000000	100.515	148.8990
8120.000000	99.290	146.9181
8250.000000	98.003	146.2557
8380.000000	96.822	146.7691
8500.000000	95.850	147.9736
8620.000000	94.997	149.6091
8750.000000	94.195	151.5690
8850.000000	93.647	153.0893
9000.000000	92.903	155.3525
9120.000000	92.361	157.1961
9250.000000	91.824	159.2802
9380.000000	91.343	161.4629
9500.000000	90.955	163.5415
9620.000000	90.621	165.6442
9750.000000	90.322	167.9077
9880.000000	90.092	170.1086
10000.000000	89.939	172.0417
10150.000000	89.835	174.2870
10300.000000	89.825	176.2665
10440.000000	89.898	177.7859
10600.000000	90.078	178.9999
10750.000000	90.333	179.5045
10900.000000	90.661	179.2709
11060.000000	91.073	178.0296
11200.000000	91.453	175.9635
11380.000000	91.918	172.0463
11500.000000	92.209	168.6851
11720.000000	92.634	160.6471
11800.000000	92.715	157.1649
12060.000000	92.592	144.8898
12200.000000	92.287	138.3696
12410.000000	91.609	129.5518
12500.000000	91.276	126.2320
12650.000000	90.715	121.3216
12800.000000	90.181	117.1056
13150.000000	89.179	109.2265
13200.000000	89.075	108.2908
13400.000000	88.844	105.0368
13600.000000	89.079	101.1494
13800.000000	89.523	94.5320
14000.000000	90.053	86.3359
14300.000000	91.278	69.6794
14500.000000	92.187	53.5415
14750.000000	92.718	27.1365
15000.000000	91.909	-2.2402
15250.000000	89.841	-28.6468
15500.000000	87.233	-49.5520
15750.000000	84.737	-66.0713
16000.000000	82.662	-80.3217
16250.000000	81.096	-93.9188
16500.000000	79.935	-107.8119
16750.000000	79.065	-122.5630
17000.000000	78.438	-138.6842
17250.000000	78.020	-156.6281
17500.000000	77.793	-176.8575
17750.000000	77.769	160.0760
18000.000000	77.985	133.3188
18250.000000	78.496	101.5897
18500.000000	79.311	63.1163
18750.000000	80.231	15.8562
19000.000000	80.641	-41.5631
19250.000000	79.676	-108.0851
19500.000000	76.897	-179.8597
19750.000000	72.680	103.7855
20000.000000	68.665	26.4055
