* Measurement data measured by REW V5.31.3
* Source: USB-C to 3.5mm Headphone Jack Adapter, USB-C to 3.5mm Headphone Jack Adapter, 0, volume: 0.295
* Format: 256k Log Swept Sine, 4 sweeps at -12.0 dBFS with no timing reference
* Dated: Nov 7, 2024 6:50:49 PM
* REW Settings:
*  C-weighting compensation: Off
*  Target level: 75.0 dB
* Note: ; 
* Measurement: KZ EDC PRO R
* Smoothing: 1/24 octave
* Frequency Step: 1/48 octave
* Start Frequency: 20.300 Hz
*
* Freq(Hz)	SPL(dB)	Phase(degrees)
20.299999	104.457	-157.0502
20.600000	104.473	-157.6977
20.900000	104.488	-158.3862
21.200001	104.500	-159.0718
21.400000	104.507	-159.5287
21.799999	104.519	-160.4408
22.000000	104.524	-160.8920
22.400000	104.534	-161.7707
22.700001	104.542	-162.4027
23.000000	104.553	-163.0129
23.299999	104.567	-163.6083
23.600000	104.583	-164.1971
24.000000	104.604	-164.9798
24.299999	104.618	-165.5636
24.700001	104.632	-166.3277
25.000000	104.638	-166.8837
25.400000	104.642	-167.6003
25.799999	104.643	-168.2978
26.200001	104.643	-168.9919
26.500000	104.641	-169.5171
26.900000	104.638	-170.2243
27.200001	104.633	-170.7534
27.600000	104.623	-171.4416
28.000000	104.612	-172.0933
28.500000	104.602	-172.8489
29.000000	104.599	-173.5667
29.500000	104.600	-174.3000
30.000000	104.598	-175.0773
30.400000	104.587	-175.7142
30.700001	104.574	-176.1801
31.100000	104.552	-176.7637
31.500000	104.531	-177.2973
32.000000	104.513	-177.9215
32.500000	104.504	-178.5505
33.000000	104.497	-179.2108
33.500000	104.483	-179.8752
34.000000	104.461	179.5027
34.500000	104.436	178.9393
35.000000	104.412	178.4074
35.500000	104.390	177.8691
36.000000	104.367	177.3102
36.500000	104.344	176.7398
37.000000	104.323	176.1668
37.500000	104.306	175.5950
38.200001	104.282	174.8339
38.700001	104.264	174.3635
39.500000	104.242	173.7156
40.000000	104.227	173.2930
40.599998	104.191	172.7463
41.200001	104.130	172.2579
41.799999	104.068	171.8758
42.500000	104.022	171.3804
43.099998	103.993	170.7610
43.700001	103.955	170.0411
44.400002	103.904	169.2915
45.000000	103.873	168.7747
45.500000	103.854	168.3990
46.200001	103.827	167.9220
46.799999	103.797	167.5240
47.500000	103.750	167.0080
48.200001	103.690	166.4657
48.700001	103.650	166.1042
49.400002	103.616	165.5991
50.000000	103.593	165.1324
50.799999	103.541	164.6324
51.500000	103.490	164.4345
52.200001	103.461	164.2309
53.000000	103.432	163.6942
53.799999	103.381	163.0249
54.500000	103.340	162.5314
55.200001	103.307	162.0804
56.000000	103.252	161.6040
57.000000	103.163	161.1928
58.000000	103.096	160.7593
59.000000	103.030	160.1616
60.000000	102.960	159.6988
60.799999	102.915	159.4194
61.500000	102.878	159.1371
62.200001	102.833	158.8182
63.000000	102.776	158.4581
64.000000	102.709	158.0268
65.000000	102.643	157.5953
66.000000	102.576	157.1682
67.000000	102.511	156.7485
68.000000	102.446	156.3861
69.000000	102.382	156.1004
70.000000	102.322	155.7990
71.000000	102.257	155.4687
72.000000	102.193	155.1765
73.000000	102.130	154.9075
74.000000	102.071	154.6448
75.000000	102.019	154.3523
76.199997	101.955	153.9953
77.500000	101.886	153.6096
78.800003	101.806	153.1939
80.000000	101.734	152.8789
81.199997	101.660	152.5905
82.500000	101.576	152.3169
83.800003	101.500	151.9885
85.000000	101.430	151.6784
86.199997	101.360	151.4313
87.500000	101.284	151.1593
88.500000	101.223	150.9679
90.000000	101.136	150.6892
91.199997	101.061	150.4745
92.500000	100.991	150.2849
93.800003	100.920	150.0212
95.000000	100.845	149.8500
96.199997	100.781	149.7000
97.500000	100.711	149.4664
98.800003	100.633	149.3365
100.000000	100.575	149.2373
101.500000	100.495	148.9430
103.000000	100.399	148.8005
104.400002	100.335	148.7431
106.000000	100.251	148.4321
107.500000	100.143	148.3531
109.000000	100.078	148.4473
110.599998	100.014	148.1527
112.000000	99.896	148.0097
113.800003	99.790	148.4381
115.000000	99.771	148.3917
117.199997	99.659	147.5991
118.000000	99.612	147.6055
120.599998	99.595	148.1567
122.000000	99.575	147.8475
124.099998	99.439	147.2985
125.000000	99.366	147.3115
126.500000	99.276	147.5238
128.000000	99.237	147.6863
131.500000	99.158	147.3910
132.000000	99.136	147.3074
134.000000	99.028	147.0782
136.000000	98.919	147.0154
138.000000	98.840	147.0214
140.000000	98.764	147.1474
143.000000	98.645	147.2286
145.000000	98.593	147.2082
147.500000	98.513	147.2448
150.000000	98.418	147.3159
152.500000	98.322	147.3441
155.000000	98.225	147.2959
157.500000	98.133	147.1907
160.000000	98.060	147.1339
162.500000	97.986	147.1720
165.000000	97.897	147.2903
167.500000	97.809	147.4273
170.000000	97.719	147.5351
172.500000	97.628	147.6021
175.000000	97.542	147.6676
177.500000	97.469	147.6704
180.000000	97.394	147.7037
182.500000	97.308	147.8971
185.000000	97.225	148.0535
187.500000	97.146	148.1877
190.000000	97.069	148.3017
192.500000	96.995	148.4117
195.000000	96.919	148.5569
197.500000	96.842	148.6988
200.000000	96.770	148.8525
203.000000	96.691	149.0604
206.000000	96.613	149.2524
209.000000	96.534	149.4600
212.000000	96.453	149.6815
214.000000	96.402	149.8173
218.000000	96.309	150.0676
220.000000	96.265	150.2188
224.000000	96.178	150.5031
227.000000	96.112	150.7229
230.000000	96.049	150.8911
233.000000	95.986	151.0398
236.000000	95.919	151.2617
240.000000	95.831	151.5698
243.000000	95.768	151.7934
247.000000	95.686	152.0986
250.000000	95.628	152.3163
254.000000	95.553	152.6252
258.000000	95.475	152.9279
262.000000	95.399	153.2355
265.000000	95.343	153.4723
269.000000	95.268	153.7906
272.000000	95.213	154.0292
276.000000	95.139	154.3446
280.000000	95.068	154.6546
285.000000	94.986	155.0652
290.000000	94.907	155.5057
295.000000	94.824	155.8938
300.000000	94.737	156.2429
304.000000	94.682	156.6035
307.000000	94.643	156.8713
311.000000	94.588	157.2204
315.000000	94.531	157.5860
320.000000	94.463	158.0145
325.000000	94.396	158.4242
330.000000	94.331	158.8512
335.000000	94.267	159.2823
340.000000	94.206	159.7022
345.000000	94.145	160.1234
350.000000	94.086	160.5509
355.000000	94.031	160.9867
360.000000	93.978	161.4192
365.000000	93.923	161.8525
370.000000	93.868	162.2745
375.000000	93.818	162.6963
382.000000	93.750	163.2888
387.000000	93.701	163.7183
395.000000	93.628	164.3988
400.000000	93.583	164.8206
406.000000	93.532	165.3249
412.000000	93.481	165.8541
418.000000	93.428	166.4162
425.000000	93.376	166.9727
431.000000	93.334	167.4382
437.000000	93.290	167.9502
444.000000	93.239	168.5498
450.000000	93.199	169.0529
455.000000	93.166	169.4685
462.000000	93.121	170.0476
468.000000	93.083	170.5444
475.000000	93.040	171.1307
482.000000	93.000	171.7233
487.000000	92.973	172.1405
494.000000	92.936	172.7170
500.000000	92.905	173.2096
508.000000	92.866	173.8663
515.000000	92.834	174.4476
522.000000	92.803	175.0286
530.000000	92.768	175.6906
538.000000	92.736	176.3443
545.000000	92.711	176.9139
552.000000	92.687	177.4854
560.000000	92.660	178.1338
570.000000	92.628	178.9299
580.000000	92.598	179.7250
590.000000	92.569	-179.4645
600.000000	92.542	-178.6461
608.000000	92.523	-178.0136
615.000000	92.508	-177.4608
622.000000	92.493	-176.9041
630.000000	92.478	-176.2660
640.000000	92.460	-175.4619
650.000000	92.444	-174.6552
660.000000	92.430	-173.8529
670.000000	92.422	-173.0397
680.000000	92.415	-172.2332
690.000000	92.410	-171.4293
700.000000	92.407	-170.6236
710.000000	92.408	-169.8271
720.000000	92.411	-169.0363
730.000000	92.415	-168.2190
740.000000	92.421	-167.4020
750.000000	92.432	-166.5963
762.000000	92.449	-165.6415
775.000000	92.473	-164.6097
788.000000	92.503	-163.5776
800.000000	92.533	-162.6331
812.000000	92.568	-161.7119
825.000000	92.612	-160.7533
838.000000	92.666	-159.8476
850.000000	92.724	-159.0873
862.000000	92.785	-158.4596
875.000000	92.842	-158.0066
885.000000	92.859	-157.8353
900.000000	92.798	-157.5219
912.000000	92.697	-156.7034
925.000000	92.628	-155.1847
938.000000	92.643	-153.5088
950.000000	92.709	-152.1340
962.000000	92.797	-150.9564
975.000000	92.901	-149.8488
988.000000	93.006	-148.8588
1000.000000	93.104	-148.0205
1015.000000	93.227	-147.0496
1030.000000	93.348	-146.1645
1044.000000	93.462	-145.4001
1060.000000	93.593	-144.5855
1075.000000	93.715	-143.8787
1090.000000	93.837	-143.2317
1106.000000	93.966	-142.5983
1120.000000	94.077	-142.0878
1138.000000	94.217	-141.4848
1150.000000	94.308	-141.1203
1172.000000	94.472	-140.5218
1180.000000	94.530	-140.3246
1206.000000	94.712	-139.7323
1220.000000	94.807	-139.4335
1241.000000	94.944	-139.0280
1250.000000	95.003	-138.8660
1265.000000	95.101	-138.6108
1280.000000	95.198	-138.3725
1315.000000	95.415	-137.8572
1320.000000	95.445	-137.7861
1340.000000	95.560	-137.5040
1360.000000	95.672	-137.2280
1380.000000	95.780	-136.9598
1400.000000	95.884	-136.6986
1430.000000	96.035	-136.3022
1450.000000	96.132	-136.0376
1475.000000	96.252	-135.7059
1500.000000	96.368	-135.3747
1525.000000	96.482	-135.0388
1550.000000	96.594	-134.6963
1575.000000	96.705	-134.3577
1600.000000	96.812	-134.0175
1625.000000	96.916	-133.6727
1650.000000	97.018	-133.3313
1675.000000	97.119	-132.9917
1700.000000	97.220	-132.6505
1725.000000	97.320	-132.3051
1750.000000	97.420	-131.9520
1775.000000	97.520	-131.5824
1800.000000	97.623	-131.1882
1825.000000	97.733	-130.7757
1850.000000	97.852	-130.3612
1875.000000	97.980	-129.9758
1900.000000	98.116	-129.6533
1925.000000	98.255	-129.4091
1950.000000	98.393	-129.2338
1975.000000	98.526	-129.1091
2000.000000	98.656	-129.0170
2030.000000	98.809	-128.9339
2060.000000	98.959	-128.8762
2090.000000	99.106	-128.8301
2120.000000	99.250	-128.7802
2140.000000	99.347	-128.7465
2180.000000	99.547	-128.7076
2200.000000	99.648	-128.7176
2240.000000	99.852	-128.8110
2270.000000	100.003	-128.9408
2300.000000	100.151	-129.1126
2330.000000	100.296	-129.3194
2360.000000	100.439	-129.5555
2400.000000	100.627	-129.9205
2430.000000	100.767	-130.2450
2470.000000	100.950	-130.7652
2500.000000	101.082	-131.2241
2540.000000	101.247	-131.9087
2580.000000	101.400	-132.6508
2620.000000	101.539	-133.4329
2650.000000	101.635	-134.0451
2690.000000	101.753	-134.8991
2720.000000	101.832	-135.5670
2760.000000	101.922	-136.4852
2800.000000	101.993	-137.4156
2850.000000	102.054	-138.5495
2900.000000	102.086	-139.5955
2950.000000	102.095	-140.5047
3000.000000	102.087	-141.2230
3040.000000	102.079	-141.6336
3070.000000	102.077	-141.8498
3110.000000	102.090	-142.0492
3150.000000	102.122	-142.2066
3200.000000	102.190	-142.4568
3250.000000	102.276	-142.8564
3300.000000	102.365	-143.4326
3350.000000	102.445	-144.1653
3400.000000	102.508	-145.0122
3450.000000	102.548	-145.9243
3500.000000	102.566	-146.8484
3550.000000	102.563	-147.7365
3600.000000	102.545	-148.5622
3650.000000	102.516	-149.3220
3700.000000	102.478	-150.0216
3750.000000	102.433	-150.6584
3820.000000	102.363	-151.4385
3870.000000	102.309	-151.9201
3950.000000	102.223	-152.5818
4000.000000	102.168	-152.9412
4060.000000	102.098	-153.3309
4120.000000	102.028	-153.6832
4180.000000	101.959	-154.0056
4250.000000	101.880	-154.3521
4310.000000	101.814	-154.6308
4370.000000	101.749	-154.8999
4440.000000	101.674	-155.2069
4500.000000	101.611	-155.4695
4550.000000	101.558	-155.6905
4620.000000	101.483	-156.0087
4680.000000	101.415	-156.2927
4750.000000	101.332	-156.6396
4820.000000	101.240	-156.9990
4870.000000	101.168	-157.2565
4940.000000	101.055	-157.5982
5000.000000	100.947	-157.8479
5080.000000	100.788	-158.0615
5150.000000	100.643	-158.0934
5220.000000	100.500	-157.9752
5300.000000	100.347	-157.6938
5380.000000	100.210	-157.3158
5450.000000	100.098	-156.9308
5520.000000	99.994	-156.4878
5600.000000	99.886	-155.8955
5700.000000	99.773	-155.0381
5800.000000	99.689	-154.0820
5900.000000	99.637	-153.0581
6000.000000	99.618	-151.9872
6080.000000	99.631	-151.1149
6150.000000	99.665	-150.3568
6220.000000	99.724	-149.6162
6300.000000	99.830	-148.8104
6400.000000	100.030	-147.9029
6500.000000	100.294	-147.1559
6600.000000	100.613	-146.6338
6700.000000	100.989	-146.4096
6800.000000	101.424	-146.5794
6900.000000	101.918	-147.2852
7000.000000	102.461	-148.6881
7100.000000	103.041	-150.9675
7200.000000	103.626	-154.3244
7300.000000	104.169	-158.9168
7400.000000	104.602	-164.7654
7500.000000	104.854	-171.6669
7620.000000	104.844	179.2568
7750.000000	104.420	169.4177
7880.000000	103.600	160.6128
8000.000000	102.570	154.1258
8120.000000	101.369	149.4698
8250.000000	100.007	146.3866
8380.000000	98.694	145.0037
8500.000000	97.578	144.8608
8620.000000	96.571	145.4612
8750.000000	95.603	146.6287
8850.000000	94.934	147.7286
9000.000000	94.028	149.5846
9120.000000	93.371	151.2399
9250.000000	92.725	153.2017
9380.000000	92.149	155.3188
9500.000000	91.682	157.3760
9620.000000	91.276	159.4873
9750.000000	90.906	161.7813
9880.000000	90.606	164.0417
10000.000000	90.395	166.0660
10150.000000	90.221	168.4597
10300.000000	90.143	170.6318
10440.000000	90.153	172.3939
10600.000000	90.263	174.0006
10750.000000	90.462	175.0024
10900.000000	90.748	175.3887
11060.000000	91.142	174.9480
11200.000000	91.549	173.6749
11380.000000	92.120	170.5819
11500.000000	92.499	167.4998
11720.000000	93.081	159.6606
11800.000000	93.224	156.1694
12060.000000	93.316	143.2733
12200.000000	93.100	135.9675
12410.000000	92.458	125.5983
12500.000000	92.101	121.5954
12650.000000	91.453	115.6415
12800.000000	90.785	110.5674
13150.000000	89.329	101.7280
13200.000000	89.149	100.8336
13400.000000	88.638	98.4632
13600.000000	88.831	96.1633
13800.000000	89.290	89.2016
14000.000000	89.526	80.6601
14300.000000	90.228	66.3357
14500.000000	90.951	53.4122
14750.000000	91.700	32.0111
15000.000000	91.756	6.0685
15250.000000	90.860	-21.2449
15500.000000	89.116	-46.7065
15750.000000	86.923	-68.4960
16000.000000	84.769	-86.8805
16250.000000	82.988	-103.2071
16500.000000	81.629	-118.8266
16750.000000	80.608	-134.7861
17000.000000	79.864	-151.8116
17250.000000	79.352	-170.4734
17500.000000	79.053	168.6224
17750.000000	78.976	144.7697
18000.000000	79.157	116.9393
18250.000000	79.631	83.6289
18500.000000	80.320	42.8760
18750.000000	80.807	-7.1954
19000.000000	80.339	-66.6910
19250.000000	78.283	-132.9303
19500.000000	74.541	157.8611
19750.000000	69.503	85.4998
20000.000000	64.576	10.3883
