* Measurement data measured by REW V5.31.3
* Source: USB-C to 3.5mm Headphone Jack Adapter, USB-C to 3.5mm Headphone Jack Adapter, 0, volume: 0.295
* Format: 256k Log Swept Sine, 4 sweeps at -12.0 dBFS with no timing reference
* Dated: Nov 23, 2024 10:26:07 PM
* REW Settings:
*  C-weighting compensation: Off
*  Target level: 75.0 dB
* Note: ; 
* Measurement: Letshuoer S08 R
* Smoothing: 1/24 octave
* Frequency Step: 1/48 octave
* Start Frequency: 20.300 Hz
*
* Freq(Hz)	SPL(dB)	Phase(degrees)
20.299999	99.339	-144.3115
20.600000	99.372	-144.9449
20.900000	99.420	-145.6415
21.200001	99.479	-146.3859
21.400000	99.521	-146.9149
21.799999	99.597	-148.0212
22.000000	99.627	-148.5669
22.400000	99.669	-149.5491
22.700001	99.690	-150.1381
23.000000	99.712	-150.5998
23.299999	99.744	-150.9818
23.600000	99.788	-151.3555
24.000000	99.856	-151.9436
24.299999	99.904	-152.4742
24.700001	99.952	-153.2486
25.000000	99.975	-153.8206
25.400000	99.996	-154.5182
25.799999	100.018	-155.1633
26.200001	100.042	-155.8299
26.500000	100.054	-156.3728
26.900000	100.056	-157.1282
27.200001	100.046	-157.6696
27.600000	100.029	-158.2907
28.000000	100.027	-158.7855
28.500000	100.062	-159.3304
29.000000	100.127	-159.9453
29.500000	100.186	-160.6647
30.000000	100.222	-161.4098
30.400000	100.234	-161.9869
30.700001	100.239	-162.4149
31.100000	100.241	-162.9973
31.500000	100.240	-163.5971
32.000000	100.237	-164.3369
32.500000	100.239	-165.0168
33.000000	100.251	-165.6330
33.500000	100.270	-166.2258
34.000000	100.286	-166.8295
34.500000	100.296	-167.4558
35.000000	100.301	-168.1094
35.500000	100.302	-168.7843
36.000000	100.298	-169.4436
36.500000	100.292	-170.0304
37.000000	100.291	-170.5187
37.500000	100.296	-170.9446
38.200001	100.308	-171.5653
38.700001	100.308	-172.0840
39.500000	100.293	-173.0519
40.000000	100.278	-173.7033
40.599998	100.259	-174.4065
41.200001	100.243	-174.8512
41.799999	100.243	-175.0234
42.500000	100.256	-175.2529
43.099998	100.240	-175.7782
43.700001	100.189	-176.5259
44.400002	100.153	-177.3584
45.000000	100.189	-177.9842
45.500000	100.231	-178.4629
46.200001	100.222	-178.9153
46.799999	100.153	-179.1380
47.500000	100.067	-179.9651
48.200001	99.972	178.0510
48.700001	99.884	176.4713
49.400002	99.796	175.3217
50.000000	99.834	175.6282
50.799999	99.982	176.6024
51.500000	100.036	176.9887
52.200001	99.993	176.8459
53.000000	99.931	176.2467
53.799999	99.906	175.5551
54.500000	99.894	175.1652
55.200001	99.872	174.8716
56.000000	99.823	174.3949
57.000000	99.773	173.6946
58.000000	99.772	173.1407
59.000000	99.742	172.7813
60.000000	99.678	172.4078
60.799999	99.623	171.8837
61.500000	99.573	171.4455
62.200001	99.540	171.1906
63.000000	99.539	170.9227
64.000000	99.532	170.2374
65.000000	99.474	169.5194
66.000000	99.426	169.1171
67.000000	99.408	168.7896
68.000000	99.383	168.4074
69.000000	99.343	168.0406
70.000000	99.290	167.6339
71.000000	99.222	167.2126
72.000000	99.163	166.8486
73.000000	99.116	166.5041
74.000000	99.067	166.1552
75.000000	99.020	165.7675
76.199997	98.982	165.2733
77.500000	98.915	165.0159
78.800003	98.824	164.9952
80.000000	98.776	164.5392
81.199997	98.751	163.9366
82.500000	98.707	163.5186
83.800003	98.619	163.1743
85.000000	98.545	162.8465
86.199997	98.497	162.4969
87.500000	98.449	162.1678
88.500000	98.406	162.0076
90.000000	98.337	161.6741
91.199997	98.281	161.3056
92.500000	98.220	161.0082
93.800003	98.162	160.7711
95.000000	98.119	160.5772
96.199997	98.031	160.0607
97.500000	97.854	157.9463
98.800003	97.685	155.2899
100.000000	97.656	155.3624
101.500000	97.748	157.9736
103.000000	97.764	159.1761
104.400002	97.705	159.3226
106.000000	97.618	159.2329
107.500000	97.563	159.0605
109.000000	97.524	159.0387
110.599998	97.526	158.9539
112.000000	97.479	158.9124
113.800003	97.305	158.7048
115.000000	97.233	158.4300
117.199997	97.225	158.3262
118.000000	97.203	158.3940
120.599998	97.117	158.1612
122.000000	97.075	157.9286
124.099998	97.029	157.7253
125.000000	97.006	157.6505
126.500000	96.947	157.5540
128.000000	96.878	157.4429
131.500000	96.750	157.0344
132.000000	96.732	156.9944
134.000000	96.656	156.9414
136.000000	96.580	156.8629
138.000000	96.507	156.8875
140.000000	96.451	157.0143
143.000000	96.365	156.9289
145.000000	96.297	156.7617
147.500000	96.258	157.9620
150.000000	96.185	157.8297
152.500000	96.026	157.1249
155.000000	95.956	156.9272
157.500000	95.955	156.7651
160.000000	95.916	156.6328
162.500000	95.846	156.7177
165.000000	95.765	156.5618
167.500000	95.678	156.4488
170.000000	95.592	156.4276
172.500000	95.509	156.4205
175.000000	95.429	156.4482
177.500000	95.348	156.4806
180.000000	95.266	156.5782
182.500000	95.178	156.7422
185.000000	95.094	156.9409
187.500000	95.020	157.1674
190.000000	94.972	157.3472
192.500000	94.939	157.2867
195.000000	94.893	156.8298
197.500000	94.823	156.7412
200.000000	94.774	157.3874
203.000000	94.714	157.6624
206.000000	94.643	157.7813
209.000000	94.572	157.9053
212.000000	94.508	158.0157
214.000000	94.466	158.1060
218.000000	94.380	158.2884
220.000000	94.342	158.3763
224.000000	94.264	158.6036
227.000000	94.205	158.8075
230.000000	94.143	158.9937
233.000000	94.082	159.1640
236.000000	94.023	159.3695
240.000000	93.953	159.6313
243.000000	93.900	159.8622
247.000000	93.839	160.2256
250.000000	93.799	160.3587
254.000000	93.723	160.5313
258.000000	93.653	160.8086
262.000000	93.589	161.1165
265.000000	93.540	161.3214
269.000000	93.475	161.5956
272.000000	93.426	161.8184
276.000000	93.365	162.1065
280.000000	93.311	162.3806
285.000000	93.239	162.7209
290.000000	93.173	163.1002
295.000000	93.117	163.4530
300.000000	93.055	163.7973
304.000000	93.005	164.1548
307.000000	92.968	164.4302
311.000000	92.918	164.7538
315.000000	92.867	165.0742
320.000000	92.807	165.5189
325.000000	92.757	165.8599
330.000000	92.709	166.2151
335.000000	92.654	166.6066
340.000000	92.594	166.9987
345.000000	92.541	167.4135
350.000000	92.495	167.8284
355.000000	92.450	168.2021
360.000000	92.406	168.5959
365.000000	92.365	169.0184
370.000000	92.328	169.4244
375.000000	92.294	169.8592
382.000000	92.237	170.4612
387.000000	92.196	170.8387
395.000000	92.140	171.4817
400.000000	92.107	171.8701
406.000000	92.070	172.3345
412.000000	92.034	172.8483
418.000000	91.998	173.3649
425.000000	91.956	173.9264
431.000000	91.924	174.4348
437.000000	91.894	174.9504
444.000000	91.860	175.4814
450.000000	91.832	175.9065
455.000000	91.813	176.3431
462.000000	91.786	176.9732
468.000000	91.763	177.4648
475.000000	91.737	177.9899
482.000000	91.716	178.5286
487.000000	91.704	178.9246
494.000000	91.687	179.4728
500.000000	91.672	179.9195
508.000000	91.654	-179.4612
515.000000	91.637	-178.9258
522.000000	91.620	-178.4152
530.000000	91.604	-177.8266
538.000000	91.588	-177.2086
545.000000	91.576	-176.6569
552.000000	91.564	-176.1480
560.000000	91.547	-175.5828
570.000000	91.533	-174.8121
580.000000	91.523	-174.0560
590.000000	91.511	-173.3209
600.000000	91.500	-172.5860
608.000000	91.498	-171.9715
615.000000	91.500	-171.4304
622.000000	91.500	-170.9067
630.000000	91.498	-170.3222
640.000000	91.497	-169.5844
650.000000	91.501	-168.8514
660.000000	91.508	-168.0692
670.000000	91.516	-167.3108
680.000000	91.527	-166.5609
690.000000	91.546	-165.8189
700.000000	91.565	-165.1047
710.000000	91.576	-164.3519
720.000000	91.592	-163.5852
730.000000	91.612	-162.8407
740.000000	91.634	-162.1061
750.000000	91.657	-161.3668
762.000000	91.691	-160.4779
775.000000	91.734	-159.5182
788.000000	91.784	-158.5561
800.000000	91.832	-157.6542
812.000000	91.873	-156.7689
825.000000	91.919	-155.8268
838.000000	91.974	-154.8907
850.000000	92.029	-154.0244
862.000000	92.088	-153.1926
875.000000	92.157	-152.2878
885.000000	92.213	-151.5891
900.000000	92.304	-150.5605
912.000000	92.383	-149.7764
925.000000	92.471	-148.9534
938.000000	92.563	-148.1513
950.000000	92.653	-147.4326
962.000000	92.747	-146.7304
975.000000	92.852	-146.0013
988.000000	92.962	-145.3128
1000.000000	93.064	-144.7137
1015.000000	93.193	-144.0016
1030.000000	93.327	-143.3185
1044.000000	93.456	-142.7152
1060.000000	93.602	-142.1016
1075.000000	93.740	-141.5936
1090.000000	93.878	-141.1169
1106.000000	94.025	-140.6453
1120.000000	94.154	-140.2631
1138.000000	94.319	-139.8065
1150.000000	94.427	-139.5379
1172.000000	94.621	-139.0850
1180.000000	94.692	-138.9300
1206.000000	94.921	-138.4529
1220.000000	95.045	-138.2073
1241.000000	95.233	-137.8585
1250.000000	95.317	-137.7185
1265.000000	95.461	-137.4956
1280.000000	95.611	-137.2854
1315.000000	95.986	-136.9273
1320.000000	96.042	-136.8939
1340.000000	96.271	-136.8152
1360.000000	96.508	-136.8777
1380.000000	96.747	-137.1142
1400.000000	96.978	-137.5308
1430.000000	97.292	-138.4475
1450.000000	97.474	-139.1868
1475.000000	97.670	-140.1625
1500.000000	97.834	-141.1305
1525.000000	97.973	-142.0414
1550.000000	98.098	-142.8793
1575.000000	98.213	-143.6552
1600.000000	98.319	-144.3949
1625.000000	98.419	-145.1138
1650.000000	98.515	-145.8275
1675.000000	98.608	-146.5506
1700.000000	98.698	-147.2786
1725.000000	98.784	-148.0206
1750.000000	98.866	-148.7880
1775.000000	98.943	-149.5894
1800.000000	99.015	-150.4191
1825.000000	99.080	-151.2765
1850.000000	99.139	-152.1645
1875.000000	99.190	-153.0880
1900.000000	99.232	-154.0465
1925.000000	99.264	-155.0393
1950.000000	99.284	-156.0671
1975.000000	99.292	-157.1263
2000.000000	99.287	-158.2151
2030.000000	99.258	-159.5495
2060.000000	99.199	-160.8927
2090.000000	99.103	-162.2009
2120.000000	98.967	-163.3983
2140.000000	98.855	-164.0816
2180.000000	98.590	-165.0304
2200.000000	98.448	-165.2534
2240.000000	98.177	-165.1934
2270.000000	98.007	-164.7826
2300.000000	97.877	-164.1750
2330.000000	97.787	-163.4642
2360.000000	97.738	-162.7231
2400.000000	97.734	-161.8087
2430.000000	97.771	-161.2902
2470.000000	97.848	-160.9686
2500.000000	97.904	-161.0221
2540.000000	97.945	-161.3496
2580.000000	97.941	-161.7520
2620.000000	97.901	-162.0515
2650.000000	97.855	-162.1554
2690.000000	97.785	-162.0998
2720.000000	97.736	-161.8986
2760.000000	97.689	-161.4274
2800.000000	97.681	-160.7865
2850.000000	97.741	-159.9689
2900.000000	97.873	-159.4042
2950.000000	98.051	-159.3620
3000.000000	98.217	-159.8925
3040.000000	98.316	-160.5855
3070.000000	98.369	-161.1773
3110.000000	98.419	-162.0018
3150.000000	98.450	-162.8369
3200.000000	98.475	-163.9044
3250.000000	98.492	-165.0695
3300.000000	98.495	-166.4250
3350.000000	98.465	-168.0369
3400.000000	98.379	-169.8854
3450.000000	98.213	-171.8562
3500.000000	97.954	-173.7775
3550.000000	97.595	-175.4323
3600.000000	97.145	-176.5582
3650.000000	96.630	-176.9032
3700.000000	96.094	-176.3050
3750.000000	95.593	-174.7424
3820.000000	95.045	-171.2801
3870.000000	94.801	-168.3321
3950.000000	94.657	-163.6515
4000.000000	94.685	-161.0743
4060.000000	94.791	-158.4848
4120.000000	94.942	-156.4517
4180.000000	95.113	-154.9163
4250.000000	95.314	-153.6530
4310.000000	95.475	-152.9385
4370.000000	95.620	-152.4893
4440.000000	95.764	-152.2113
4500.000000	95.866	-152.1217
4550.000000	95.937	-152.1275
4620.000000	96.018	-152.2361
4680.000000	96.071	-152.4182
4750.000000	96.111	-152.7369
4820.000000	96.123	-153.1455
4870.000000	96.112	-153.4722
4940.000000	96.067	-153.9274
5000.000000	96.003	-154.2658
5080.000000	95.886	-154.5777
5150.000000	95.763	-154.6754
5220.000000	95.628	-154.5960
5300.000000	95.467	-154.2869
5380.000000	95.309	-153.7532
5450.000000	95.179	-153.1204
5520.000000	95.058	-152.3471
5600.000000	94.938	-151.3090
5700.000000	94.820	-149.8138
5800.000000	94.745	-148.1465
5900.000000	94.719	-146.3661
6000.000000	94.746	-144.5318
6080.000000	94.808	-143.0608
6150.000000	94.895	-141.8025
6220.000000	95.015	-140.5949
6300.000000	95.201	-139.3024
6400.000000	95.518	-137.8802
6500.000000	95.916	-136.7579
6600.000000	96.387	-136.0651
6700.000000	96.925	-135.9671
6800.000000	97.518	-136.6672
6900.000000	98.137	-138.3711
7000.000000	98.736	-141.2257
7100.000000	99.257	-145.2706
7200.000000	99.635	-150.3952
7300.000000	99.805	-156.2744
7400.000000	99.732	-162.3573
7500.000000	99.424	-168.0359
7620.000000	98.814	-173.6490
7750.000000	97.984	-177.8201
7880.000000	97.113	-179.9559
8000.000000	96.352	179.6806
8120.000000	95.690	-179.4973
8250.000000	95.165	-177.9261
8380.000000	94.866	-176.5280
8500.000000	94.725	-175.9792
8620.000000	94.622	-176.2496
8750.000000	94.480	-177.2012
8850.000000	94.332	-178.1502
9000.000000	94.054	-179.5953
9120.000000	93.802	179.3752
9250.000000	93.524	178.4481
9380.000000	93.260	177.6989
9500.000000	93.044	177.1106
9620.000000	92.863	176.5357
9750.000000	92.711	175.8052
9880.000000	92.602	174.8200
10000.000000	92.530	173.5472
10150.000000	92.445	171.3076
10300.000000	92.304	168.2949
10440.000000	92.052	164.9796
10600.000000	91.557	161.2420
10750.000000	90.901	158.6808
10900.000000	90.161	157.8146
11060.000000	89.470	158.9740
11200.000000	89.098	161.2245
11380.000000	89.036	164.4852
11500.000000	89.247	166.1717
11720.000000	90.045	166.9746
11800.000000	90.423	166.3062
12060.000000	91.721	160.3010
12200.000000	92.353	154.8862
12410.000000	93.106	144.6749
12500.000000	93.352	139.7566
12650.000000	93.669	131.0842
12800.000000	93.879	121.9958
13150.000000	94.041	99.6613
13200.000000	94.033	96.3498
13400.000000	93.922	82.8205
13600.000000	93.678	68.9576
13800.000000	93.303	55.0513
14000.000000	92.840	41.4190
14300.000000	92.172	21.5616
14500.000000	91.864	8.1384
14750.000000	91.668	-10.0266
15000.000000	91.561	-30.9324
15250.000000	91.261	-55.0897
15500.000000	90.463	-81.7076
15750.000000	89.009	-108.9752
16000.000000	86.990	-135.0706
16250.000000	84.702	-159.0826
16500.000000	82.381	178.7563
16750.000000	80.146	157.4969
17000.000000	78.048	135.8882
17250.000000	76.043	112.9055
17500.000000	74.057	87.6559
17750.000000	72.031	59.4144
18000.000000	69.933	27.4517
18250.000000	67.758	-9.4022
18500.000000	65.547	-52.3705
18750.000000	63.357	-102.7872
19000.000000	61.264	-161.1182
19250.000000	59.249	133.2151
19500.000000	57.168	61.5096
19750.000000	54.927	-17.6647
20000.000000	53.171	-93.6890
