* Measurement data measured by REW V5.31.3
* Source: USB-C to 3.5mm Headphone Jack Adapter, USB-C to 3.5mm Headphone Jack Adapter, 0, volume: 0.295
* Format: 256k Log Swept Sine, 4 sweeps at -12.0 dBFS with no timing reference
* Dated: Nov 7, 2024 6:30:39 PM
* REW Settings:
*  C-weighting compensation: Off
*  Target level: 75.0 dB
* Note: ; 
* Measurement: Moondrop CHU 2 R
* Smoothing: 1/24 octave
* Frequency Step: 1/48 octave
* Start Frequency: 20.300 Hz
*
* Freq(Hz)	SPL(dB)	Phase(degrees)
20.299999	100.128	-165.9445
20.600000	100.129	-166.2996
20.900000	100.129	-166.6514
21.200001	100.132	-166.9888
21.400000	100.135	-167.2185
21.799999	100.147	-167.7236
22.000000	100.153	-168.0099
22.400000	100.164	-168.6563
22.700001	100.167	-169.1922
23.000000	100.167	-169.7477
23.299999	100.164	-170.2968
23.600000	100.161	-170.8180
24.000000	100.161	-171.4499
24.299999	100.166	-171.8769
24.700001	100.178	-172.4003
25.000000	100.188	-172.7721
25.400000	100.197	-173.2553
25.799999	100.199	-173.7321
26.200001	100.195	-174.2072
26.500000	100.189	-174.5668
26.900000	100.183	-175.0589
27.200001	100.180	-175.4415
27.600000	100.178	-175.9668
28.000000	100.175	-176.4911
28.500000	100.165	-177.0963
29.000000	100.147	-177.5955
29.500000	100.126	-177.9874
30.000000	100.112	-178.3397
30.400000	100.109	-178.6577
30.700001	100.110	-178.9425
31.100000	100.113	-179.3900
31.500000	100.114	-179.8943
32.000000	100.108	179.4664
32.500000	100.092	178.9080
33.000000	100.070	178.4823
33.500000	100.052	178.1561
34.000000	100.038	177.8351
34.500000	100.021	177.4457
35.000000	99.992	177.0011
35.500000	99.954	176.5755
36.000000	99.924	176.2141
36.500000	99.911	175.8837
37.000000	99.913	175.5261
37.500000	99.916	175.1344
38.200001	99.907	174.6102
38.700001	99.894	174.2719
39.500000	99.864	173.7143
40.000000	99.836	173.3574
40.599998	99.801	172.9700
41.200001	99.777	172.6031
41.799999	99.763	172.1816
42.500000	99.735	171.6401
43.099998	99.702	171.2369
43.700001	99.674	170.9056
44.400002	99.654	170.5105
45.000000	99.631	170.1380
45.500000	99.605	169.8455
46.200001	99.570	169.4841
46.799999	99.549	169.1538
47.500000	99.525	168.7204
48.200001	99.489	168.3603
48.700001	99.462	168.1715
49.400002	99.428	167.8787
50.000000	99.399	167.5162
50.799999	99.361	166.9554
51.500000	99.330	166.5530
52.200001	99.273	166.4809
53.000000	99.198	167.0352
53.799999	99.198	167.5665
54.500000	99.236	167.0990
55.200001	99.219	165.9274
56.000000	99.142	164.7886
57.000000	99.078	164.2643
58.000000	99.036	164.0857
59.000000	98.982	163.9359
60.000000	98.950	163.6474
60.799999	98.925	163.2957
61.500000	98.896	162.9773
62.200001	98.865	162.6711
63.000000	98.828	162.3193
64.000000	98.777	161.9163
65.000000	98.724	161.5908
66.000000	98.666	161.2961
67.000000	98.603	161.0307
68.000000	98.544	160.7563
69.000000	98.493	160.4940
70.000000	98.459	160.2677
71.000000	98.424	160.0107
72.000000	98.363	159.7206
73.000000	98.285	159.4630
74.000000	98.219	159.2708
75.000000	98.183	159.0732
76.199997	98.148	158.7303
77.500000	98.086	158.4376
78.800003	98.026	158.2491
80.000000	97.977	157.9675
81.199997	97.928	157.6689
82.500000	97.873	157.4660
83.800003	97.808	157.2843
85.000000	97.746	156.9783
86.199997	97.687	156.6486
87.500000	97.629	156.3964
88.500000	97.587	156.2390
90.000000	97.515	156.0833
91.199997	97.448	156.0412
92.500000	97.380	155.8972
93.800003	97.324	155.6516
95.000000	97.281	155.4786
96.199997	97.237	155.3737
97.500000	97.176	155.2878
98.800003	97.114	155.1598
100.000000	97.061	154.9852
101.500000	96.990	154.7849
103.000000	96.913	154.6807
104.400002	96.849	154.6709
106.000000	96.766	154.5467
107.500000	96.694	154.2767
109.000000	96.633	154.1550
110.599998	96.559	153.9729
112.000000	96.487	153.8751
113.800003	96.387	153.9229
115.000000	96.318	154.0942
117.199997	96.224	154.1221
118.000000	96.191	154.0614
120.599998	96.077	154.1074
122.000000	96.005	154.0107
124.099998	95.920	154.2340
125.000000	95.902	154.3737
126.500000	95.917	154.4202
128.000000	95.938	154.2057
131.500000	95.878	153.7565
132.000000	95.869	153.8074
134.000000	95.798	154.1524
136.000000	95.711	154.5173
138.000000	95.662	154.6189
140.000000	95.624	154.5812
143.000000	95.513	154.4359
145.000000	95.456	154.1783
147.500000	95.386	154.1403
150.000000	95.298	153.9899
152.500000	95.216	153.9510
155.000000	95.137	153.9475
157.500000	95.049	154.1515
160.000000	94.954	154.2793
162.500000	94.873	154.2608
165.000000	94.807	154.3334
167.500000	94.768	154.6623
170.000000	94.728	154.9360
172.500000	94.663	155.0521
175.000000	94.622	154.9929
177.500000	94.589	154.8742
180.000000	94.553	154.9907
182.500000	94.446	154.9807
185.000000	94.326	154.9070
187.500000	94.227	154.9881
190.000000	94.152	155.0969
192.500000	94.099	155.2430
195.000000	94.048	155.4161
197.500000	94.000	155.5799
200.000000	93.953	155.8559
203.000000	93.882	156.2843
206.000000	93.792	156.6243
209.000000	93.702	156.7687
212.000000	93.639	156.8323
214.000000	93.617	157.0125
218.000000	93.569	157.4623
220.000000	93.528	157.6320
224.000000	93.451	157.8301
227.000000	93.403	158.0342
230.000000	93.351	158.2288
233.000000	93.300	158.3391
236.000000	93.248	158.5182
240.000000	93.171	158.8264
243.000000	93.114	159.0784
247.000000	93.051	159.3204
250.000000	93.005	159.4772
254.000000	92.936	159.7832
258.000000	92.863	160.1314
262.000000	92.803	160.3548
265.000000	92.761	160.5687
269.000000	92.699	160.9247
272.000000	92.658	161.1890
276.000000	92.599	161.4926
280.000000	92.542	161.8430
285.000000	92.475	162.2850
290.000000	92.407	162.6205
295.000000	92.340	163.0324
300.000000	92.289	163.4557
304.000000	92.244	163.7851
307.000000	92.208	164.0335
311.000000	92.158	164.3747
315.000000	92.104	164.7081
320.000000	92.043	165.1055
325.000000	91.993	165.5156
330.000000	91.943	165.9391
335.000000	91.892	166.3676
340.000000	91.844	166.7635
345.000000	91.799	167.1511
350.000000	91.756	167.5843
355.000000	91.714	168.0280
360.000000	91.670	168.4539
365.000000	91.626	168.8469
370.000000	91.587	169.2352
375.000000	91.547	169.6652
382.000000	91.490	170.2556
387.000000	91.452	170.6481
395.000000	91.395	171.2843
400.000000	91.362	171.6733
406.000000	91.324	172.1603
412.000000	91.289	172.6536
418.000000	91.263	173.1432
425.000000	91.219	173.7177
431.000000	91.179	174.2047
437.000000	91.144	174.6912
444.000000	91.103	175.2913
450.000000	91.071	175.7800
455.000000	91.046	176.1666
462.000000	91.010	176.7187
468.000000	90.983	177.2079
475.000000	90.952	177.7502
482.000000	90.923	178.2787
487.000000	90.902	178.6905
494.000000	90.875	179.2650
500.000000	90.852	179.7477
508.000000	90.822	-179.6042
515.000000	90.797	-179.0382
522.000000	90.773	-178.4696
530.000000	90.748	-177.8076
538.000000	90.726	-177.1453
545.000000	90.706	-176.5809
552.000000	90.685	-176.0328
560.000000	90.664	-175.3965
570.000000	90.641	-174.5814
580.000000	90.620	-173.7448
590.000000	90.604	-172.9122
600.000000	90.591	-172.0904
608.000000	90.583	-171.4238
615.000000	90.578	-170.8259
622.000000	90.576	-170.2326
630.000000	90.575	-169.5653
640.000000	90.577	-168.7458
650.000000	90.581	-167.9510
660.000000	90.586	-167.1795
670.000000	90.600	-166.4031
680.000000	90.614	-165.6457
690.000000	90.624	-164.9082
700.000000	90.634	-164.1712
710.000000	90.643	-163.4372
720.000000	90.652	-162.6983
730.000000	90.666	-161.9639
740.000000	90.681	-161.2186
750.000000	90.695	-160.4659
762.000000	90.714	-159.5560
775.000000	90.738	-158.5491
788.000000	90.765	-157.5479
800.000000	90.791	-156.6299
812.000000	90.819	-155.6957
825.000000	90.852	-154.6819
838.000000	90.891	-153.6738
850.000000	90.930	-152.7423
862.000000	90.973	-151.8099
875.000000	91.024	-150.8094
885.000000	91.066	-150.0519
900.000000	91.135	-148.9346
912.000000	91.198	-148.0365
925.000000	91.273	-147.0808
938.000000	91.351	-146.1507
950.000000	91.426	-145.3169
962.000000	91.506	-144.5058
975.000000	91.599	-143.6550
988.000000	91.695	-142.8326
1000.000000	91.787	-142.0974
1015.000000	91.907	-141.2124
1030.000000	92.028	-140.3931
1044.000000	92.141	-139.6848
1060.000000	92.275	-138.9203
1075.000000	92.402	-138.2504
1090.000000	92.531	-137.6264
1106.000000	92.668	-137.0175
1120.000000	92.786	-136.5296
1138.000000	92.936	-135.9586
1150.000000	93.036	-135.6087
1172.000000	93.215	-135.0318
1180.000000	93.280	-134.8415
1206.000000	93.482	-134.2773
1220.000000	93.584	-133.9942
1241.000000	93.736	-133.6099
1250.000000	93.801	-133.4567
1265.000000	93.910	-133.2134
1280.000000	94.021	-132.9862
1315.000000	94.269	-132.4845
1320.000000	94.303	-132.4165
1340.000000	94.437	-132.1539
1360.000000	94.567	-131.8953
1380.000000	94.693	-131.6397
1400.000000	94.817	-131.3841
1430.000000	94.999	-130.9995
1450.000000	95.118	-130.7453
1475.000000	95.265	-130.4373
1500.000000	95.410	-130.1181
1525.000000	95.555	-129.7995
1550.000000	95.700	-129.4853
1575.000000	95.845	-129.1750
1600.000000	95.988	-128.8686
1625.000000	96.129	-128.5689
1650.000000	96.270	-128.2785
1675.000000	96.412	-127.9989
1700.000000	96.555	-127.7366
1725.000000	96.701	-127.4914
1750.000000	96.848	-127.2661
1775.000000	96.997	-127.0623
1800.000000	97.147	-126.8810
1825.000000	97.299	-126.7286
1850.000000	97.452	-126.6028
1875.000000	97.607	-126.5052
1900.000000	97.762	-126.4368
1925.000000	97.917	-126.3980
1950.000000	98.073	-126.3930
1975.000000	98.229	-126.4182
2000.000000	98.386	-126.4707
2030.000000	98.576	-126.5699
2060.000000	98.766	-126.7185
2090.000000	98.956	-126.9169
2120.000000	99.144	-127.1581
2140.000000	99.270	-127.3458
2180.000000	99.519	-127.7841
2200.000000	99.642	-128.0340
2240.000000	99.887	-128.6028
2270.000000	100.068	-129.0934
2300.000000	100.246	-129.6379
2330.000000	100.420	-130.2380
2360.000000	100.590	-130.8973
2400.000000	100.807	-131.8627
2430.000000	100.964	-132.6486
2470.000000	101.162	-133.7711
2500.000000	101.302	-134.6672
2540.000000	101.479	-135.9273
2580.000000	101.641	-137.2527
2620.000000	101.787	-138.6368
2650.000000	101.885	-139.7078
2690.000000	102.000	-141.1715
2720.000000	102.074	-142.2881
2760.000000	102.158	-143.7937
2800.000000	102.223	-145.3073
2850.000000	102.279	-147.1903
2900.000000	102.307	-149.0427
2950.000000	102.311	-150.8441
3000.000000	102.291	-152.5804
3040.000000	102.261	-153.9120
3070.000000	102.229	-154.8721
3110.000000	102.178	-156.0968
3150.000000	102.117	-157.2571
3200.000000	102.029	-158.6168
3250.000000	101.932	-159.8770
3300.000000	101.828	-161.0393
3350.000000	101.716	-162.0974
3400.000000	101.600	-163.0609
3450.000000	101.481	-163.9388
3500.000000	101.359	-164.7355
3550.000000	101.236	-165.4565
3600.000000	101.114	-166.1092
3650.000000	100.993	-166.7004
3700.000000	100.873	-167.2337
3750.000000	100.754	-167.7177
3820.000000	100.590	-168.3186
3870.000000	100.475	-168.6958
3950.000000	100.294	-169.2268
4000.000000	100.182	-169.5151
4060.000000	100.048	-169.8227
4120.000000	99.917	-170.0989
4180.000000	99.791	-170.3609
4250.000000	99.651	-170.6806
4310.000000	99.536	-170.9863
4370.000000	99.420	-171.3337
4440.000000	99.279	-171.7855
4500.000000	99.150	-172.1932
4550.000000	99.034	-172.5298
4620.000000	98.862	-172.9767
4680.000000	98.707	-173.3232
4750.000000	98.519	-173.6846
4820.000000	98.323	-174.0049
4870.000000	98.179	-174.2080
4940.000000	97.971	-174.4529
5000.000000	97.786	-174.6198
5080.000000	97.529	-174.7610
5150.000000	97.295	-174.7853
5220.000000	97.054	-174.6964
5300.000000	96.775	-174.4325
5380.000000	96.499	-173.9933
5450.000000	96.265	-173.4867
5520.000000	96.040	-172.8902
5600.000000	95.792	-172.1210
5700.000000	95.495	-171.0320
5800.000000	95.212	-169.7795
5900.000000	94.948	-168.3488
6000.000000	94.712	-166.7495
6080.000000	94.548	-165.3778
6150.000000	94.425	-164.1355
6220.000000	94.321	-162.8722
6300.000000	94.234	-161.4176
6400.000000	94.176	-159.5916
6500.000000	94.161	-157.7503
6600.000000	94.179	-155.8812
6700.000000	94.236	-153.9782
6800.000000	94.339	-152.0458
6900.000000	94.498	-150.1143
7000.000000	94.723	-148.2564
7100.000000	95.021	-146.5589
7200.000000	95.397	-145.1334
7300.000000	95.852	-144.1163
7400.000000	96.382	-143.6385
7500.000000	96.982	-143.8314
7620.000000	97.789	-145.1639
7750.000000	98.740	-148.4743
7880.000000	99.656	-154.2746
8000.000000	100.306	-162.0162
8120.000000	100.581	-171.7223
8250.000000	100.330	176.8124
8380.000000	99.522	166.1411
8500.000000	98.412	158.1775
8620.000000	97.120	152.4241
8750.000000	95.672	148.5100
8850.000000	94.593	146.8367
9000.000000	93.092	145.9307
9120.000000	92.008	146.2055
9250.000000	90.951	147.1857
9380.000000	90.010	148.6470
9500.000000	89.235	150.2777
9620.000000	88.539	152.0882
9750.000000	87.866	154.1897
9880.000000	87.270	156.3994
10000.000000	86.784	158.5092
10150.000000	86.263	161.2097
10300.000000	85.832	163.9299
10440.000000	85.506	166.4608
10600.000000	85.221	169.2967
10750.000000	85.040	171.8480
10900.000000	84.941	174.2608
11060.000000	84.925	176.6289
11200.000000	84.989	178.4890
11380.000000	85.183	-179.4924
11500.000000	85.382	-178.4333
11720.000000	85.896	-177.2511
11800.000000	86.133	-177.1185
12060.000000	87.094	-178.1354
12200.000000	87.731	-179.8721
12410.000000	88.823	175.3764
12500.000000	89.324	172.3513
12650.000000	90.147	165.7437
12800.000000	90.847	157.0740
13150.000000	91.191	131.3833
13200.000000	91.042	127.7493
13400.000000	90.066	115.7667
13600.000000	89.236	108.9810
13800.000000	89.284	101.6850
14000.000000	89.353	89.6288
14300.000000	88.508	70.5648
14500.000000	87.778	59.8177
14750.000000	87.109	47.5620
15000.000000	86.838	35.0563
15250.000000	87.009	20.9332
15500.000000	87.616	3.6420
15750.000000	88.450	-18.5153
16000.000000	89.063	-45.9294
16250.000000	89.046	-76.6318
16500.000000	88.301	-107.5757
16750.000000	87.107	-136.8866
17000.000000	85.834	-164.5807
17250.000000	84.728	168.1829
17500.000000	83.882	139.8763
17750.000000	83.285	108.8858
18000.000000	82.822	73.6083
18250.000000	82.215	32.7928
18500.000000	81.023	-13.7120
18750.000000	78.824	-64.4819
19000.000000	75.492	-117.3778
19250.000000	71.175	-171.3811
19500.000000	66.097	133.0494
19750.000000	60.468	74.0803
20000.000000	55.361	13.3719
