* Measurement data measured by REW V5.31.3
* Source: USB-C to 3.5mm Headphone Jack Adapter, USB-C to 3.5mm Headphone Jack Adapter, 0, volume: 0.295
* Format: 256k Log Swept Sine, 4 sweeps at -12.0 dBFS with no timing reference
* Dated: Jan 9, 2025 1:42:38 AM
* REW Settings:
*  C-weighting compensation: Off
*  Target level: 75.0 dB
* Note: ; 
* Measurement: NICEHCK NX8 VELVET R
* Smoothing: 1/24 octave
* Frequency Step: 1/48 octave
* Start Frequency: 20.300 Hz
*
* Freq(Hz)	SPL(dB)	Phase(degrees)
20.299999	100.714	-179.0483
20.600000	100.708	-179.4046
20.900000	100.711	-179.8261
21.200001	100.724	179.6665
21.400000	100.735	179.2680
21.799999	100.750	178.3518
22.000000	100.747	177.8697
22.400000	100.716	176.9800
22.700001	100.675	176.4658
23.000000	100.630	176.1191
23.299999	100.591	175.9134
23.600000	100.566	175.7774
24.000000	100.552	175.5583
24.299999	100.548	175.2943
24.700001	100.537	174.8017
25.000000	100.518	174.3757
25.400000	100.482	173.8232
25.799999	100.446	173.3444
26.200001	100.419	172.9300
26.500000	100.405	172.6318
26.900000	100.387	172.2216
27.200001	100.371	171.9030
27.600000	100.343	171.4788
28.000000	100.309	171.0693
28.500000	100.270	170.5695
29.000000	100.236	170.0557
29.500000	100.205	169.5292
30.000000	100.174	169.0250
30.400000	100.148	168.6541
30.700001	100.129	168.3925
31.100000	100.104	168.0550
31.500000	100.077	167.7202
32.000000	100.041	167.2992
32.500000	100.004	166.8745
33.000000	99.970	166.4418
33.500000	99.936	166.0002
34.000000	99.900	165.5656
34.500000	99.862	165.1642
35.000000	99.824	164.8060
35.500000	99.789	164.4734
36.000000	99.755	164.1411
36.500000	99.719	163.8057
37.000000	99.681	163.4830
37.500000	99.643	163.1774
38.200001	99.594	162.7386
38.700001	99.554	162.4120
39.500000	99.476	161.9836
40.000000	99.434	161.7993
40.599998	99.403	161.5460
41.200001	99.376	161.1516
41.799999	99.330	160.6941
42.500000	99.255	160.2803
43.099998	99.199	160.0104
43.700001	99.155	159.6959
44.400002	99.109	159.2608
45.000000	99.073	158.9188
45.500000	99.044	158.6912
46.200001	98.996	158.4750
46.799999	98.947	158.3319
47.500000	98.891	157.9642
48.200001	98.816	157.2408
48.700001	98.739	156.7226
49.400002	98.639	156.4080
50.000000	98.609	156.4996
50.799999	98.626	156.5543
51.500000	98.609	156.3593
52.200001	98.550	156.1458
53.000000	98.484	155.9182
53.799999	98.426	155.5844
54.500000	98.364	155.2544
55.200001	98.293	154.9745
56.000000	98.223	154.7505
57.000000	98.172	154.5519
58.000000	98.130	154.3221
59.000000	98.060	154.0542
60.000000	97.989	153.7563
60.799999	97.952	153.5428
61.500000	97.928	153.3725
62.200001	97.887	153.2030
63.000000	97.807	153.0699
64.000000	97.697	153.0301
65.000000	97.622	152.9050
66.000000	97.559	152.6189
67.000000	97.492	152.3403
68.000000	97.430	152.1139
69.000000	97.369	151.9475
70.000000	97.306	151.8693
71.000000	97.243	151.7770
72.000000	97.177	151.6195
73.000000	97.112	151.4615
74.000000	97.045	151.3445
75.000000	96.975	151.2496
76.199997	96.898	151.1104
77.500000	96.827	150.9556
78.800003	96.746	150.7966
80.000000	96.663	150.6443
81.199997	96.588	150.5279
82.500000	96.526	150.5170
83.800003	96.441	150.4752
85.000000	96.340	150.5173
86.199997	96.277	150.5160
87.500000	96.218	150.4188
88.500000	96.152	150.3171
90.000000	96.061	150.1538
91.199997	95.999	150.2085
92.500000	95.919	150.2625
93.800003	95.846	150.3474
95.000000	95.773	150.5551
96.199997	95.732	149.9202
97.500000	95.857	148.0455
98.800003	95.823	147.5622
100.000000	95.611	150.0540
101.500000	95.472	151.1252
103.000000	95.409	150.6063
104.400002	95.329	150.7183
106.000000	95.233	150.8315
107.500000	95.177	150.7372
109.000000	95.131	150.8816
110.599998	95.074	150.9806
112.000000	95.011	151.0521
113.800003	94.974	151.2081
115.000000	94.961	151.1804
117.199997	94.905	151.0602
118.000000	94.871	151.0554
120.599998	94.751	151.0003
122.000000	94.687	150.9761
124.099998	94.606	151.0303
125.000000	94.574	151.0536
126.500000	94.516	151.1015
128.000000	94.457	151.1918
131.500000	94.334	151.4599
132.000000	94.316	151.5045
134.000000	94.243	151.7013
136.000000	94.174	151.9336
138.000000	94.111	152.1929
140.000000	94.031	152.3468
143.000000	93.915	152.4782
145.000000	93.955	152.1525
147.500000	94.030	150.9240
150.000000	93.894	152.0655
152.500000	93.744	153.0449
155.000000	93.675	153.3809
157.500000	93.619	153.6298
160.000000	93.562	153.8607
162.500000	93.505	154.0350
165.000000	93.444	154.1245
167.500000	93.377	154.2341
170.000000	93.313	154.3848
172.500000	93.246	154.5479
175.000000	93.176	154.7289
177.500000	93.106	154.9497
180.000000	93.037	155.1627
182.500000	92.972	155.3943
185.000000	92.910	155.6401
187.500000	92.846	155.8622
190.000000	92.783	156.1117
192.500000	92.710	156.3396
195.000000	92.605	156.3946
197.500000	92.525	156.3296
200.000000	92.531	156.7330
203.000000	92.529	157.3415
206.000000	92.489	157.7016
209.000000	92.437	157.9656
212.000000	92.387	158.1950
214.000000	92.355	158.3526
218.000000	92.293	158.7180
220.000000	92.261	158.9041
224.000000	92.193	159.2634
227.000000	92.139	159.5459
230.000000	92.092	159.8203
233.000000	92.056	160.1053
236.000000	92.017	160.4057
240.000000	91.957	160.7589
243.000000	91.898	160.9871
247.000000	91.827	161.2864
250.000000	91.817	161.6319
254.000000	91.790	162.0646
258.000000	91.744	162.4441
262.000000	91.700	162.8455
265.000000	91.668	163.1188
269.000000	91.624	163.4780
272.000000	91.593	163.7379
276.000000	91.552	164.0758
280.000000	91.511	164.4126
285.000000	91.463	164.8457
290.000000	91.421	165.3257
295.000000	91.380	165.8710
300.000000	91.332	166.2350
304.000000	91.298	166.5317
307.000000	91.273	166.7878
311.000000	91.240	167.1318
315.000000	91.209	167.4684
320.000000	91.172	167.8909
325.000000	91.136	168.3168
330.000000	91.101	168.7414
335.000000	91.069	169.1603
340.000000	91.037	169.5725
345.000000	91.007	169.9868
350.000000	90.978	170.4026
355.000000	90.948	170.8229
360.000000	90.920	171.2324
365.000000	90.895	171.6347
370.000000	90.872	172.0363
375.000000	90.848	172.4387
382.000000	90.816	172.9905
387.000000	90.795	173.3826
395.000000	90.765	174.0072
400.000000	90.746	174.3997
406.000000	90.723	174.8607
412.000000	90.703	175.3144
418.000000	90.685	175.7679
425.000000	90.664	176.2898
431.000000	90.646	176.7295
437.000000	90.629	177.1567
444.000000	90.612	177.6591
450.000000	90.597	178.0959
455.000000	90.585	178.4559
462.000000	90.569	178.9461
468.000000	90.556	179.3635
475.000000	90.539	179.8542
482.000000	90.525	-179.6558
487.000000	90.515	-179.3049
494.000000	90.504	-178.8150
500.000000	90.495	-178.4007
508.000000	90.483	-177.8543
515.000000	90.473	-177.3760
522.000000	90.463	-176.8979
530.000000	90.453	-176.3489
538.000000	90.445	-175.8020
545.000000	90.439	-175.3264
552.000000	90.433	-174.8487
560.000000	90.427	-174.3034
570.000000	90.422	-173.6188
580.000000	90.419	-172.9378
590.000000	90.418	-172.2574
600.000000	90.419	-171.5780
608.000000	90.422	-171.0365
615.000000	90.425	-170.5627
622.000000	90.429	-170.0898
630.000000	90.435	-169.5518
640.000000	90.444	-168.8845
650.000000	90.455	-168.2221
660.000000	90.467	-167.5680
670.000000	90.482	-166.9193
680.000000	90.498	-166.2684
690.000000	90.514	-165.6242
700.000000	90.531	-164.9838
710.000000	90.550	-164.3433
720.000000	90.570	-163.7041
730.000000	90.591	-163.0668
740.000000	90.613	-162.4287
750.000000	90.638	-161.7914
762.000000	90.669	-161.0205
775.000000	90.706	-160.1784
788.000000	90.746	-159.3391
800.000000	90.784	-158.5664
812.000000	90.822	-157.8000
825.000000	90.864	-156.9699
838.000000	90.911	-156.1412
850.000000	90.958	-155.3818
862.000000	91.009	-154.6288
875.000000	91.067	-153.8218
885.000000	91.116	-153.2078
900.000000	91.195	-152.3012
912.000000	91.261	-151.5921
925.000000	91.338	-150.8415
938.000000	91.419	-150.1110
950.000000	91.498	-149.4593
962.000000	91.581	-148.8304
975.000000	91.674	-148.1752
988.000000	91.770	-147.5474
1000.000000	91.862	-146.9937
1015.000000	91.979	-146.3429
1030.000000	92.099	-145.7422
1044.000000	92.213	-145.2250
1060.000000	92.345	-144.6878
1075.000000	92.470	-144.2338
1090.000000	92.594	-143.8237
1106.000000	92.727	-143.4381
1120.000000	92.843	-143.1448
1138.000000	92.990	-142.8204
1150.000000	93.087	-142.6369
1172.000000	93.259	-142.3632
1180.000000	93.320	-142.2808
1206.000000	93.513	-142.0697
1220.000000	93.614	-141.9915
1241.000000	93.761	-141.9111
1250.000000	93.824	-141.8879
1265.000000	93.930	-141.8642
1280.000000	94.034	-141.8565
1315.000000	94.269	-141.8868
1320.000000	94.301	-141.8958
1340.000000	94.427	-141.9418
1360.000000	94.548	-142.0025
1380.000000	94.665	-142.0755
1400.000000	94.777	-142.1570
1430.000000	94.940	-142.2946
1450.000000	95.045	-142.3967
1475.000000	95.171	-142.5322
1500.000000	95.293	-142.6799
1525.000000	95.411	-142.8401
1550.000000	95.526	-143.0118
1575.000000	95.637	-143.1909
1600.000000	95.742	-143.3802
1625.000000	95.841	-143.5791
1650.000000	95.935	-143.7925
1675.000000	96.025	-144.0208
1700.000000	96.113	-144.2564
1725.000000	96.198	-144.5041
1750.000000	96.279	-144.7667
1775.000000	96.358	-145.0414
1800.000000	96.434	-145.3295
1825.000000	96.506	-145.6296
1850.000000	96.575	-145.9380
1875.000000	96.641	-146.2574
1900.000000	96.703	-146.5900
1925.000000	96.761	-146.9336
1950.000000	96.815	-147.2842
1975.000000	96.865	-147.6400
2000.000000	96.913	-148.0020
2030.000000	96.966	-148.4441
2060.000000	97.014	-148.8906
2090.000000	97.056	-149.3382
2120.000000	97.092	-149.7857
2140.000000	97.112	-150.0837
2180.000000	97.143	-150.6702
2200.000000	97.154	-150.9544
2240.000000	97.167	-151.5021
2270.000000	97.169	-151.8889
2300.000000	97.164	-152.2491
2330.000000	97.154	-152.5792
2360.000000	97.139	-152.8728
2400.000000	97.112	-153.1990
2430.000000	97.088	-153.3920
2470.000000	97.054	-153.5811
2500.000000	97.028	-153.6751
2540.000000	96.995	-153.7464
2580.000000	96.963	-153.7632
2620.000000	96.930	-153.7203
2650.000000	96.904	-153.6460
2690.000000	96.869	-153.4774
2720.000000	96.842	-153.2868
2760.000000	96.810	-152.9348
2800.000000	96.786	-152.4660
2850.000000	96.775	-151.7214
2900.000000	96.795	-150.8333
2950.000000	96.856	-149.8675
3000.000000	96.962	-148.9088
3040.000000	97.079	-148.2013
3070.000000	97.186	-147.7346
3110.000000	97.352	-147.2370
3150.000000	97.543	-146.9330
3200.000000	97.805	-146.9111
3250.000000	98.070	-147.3484
3300.000000	98.310	-148.2083
3350.000000	98.509	-149.3788
3400.000000	98.662	-150.7415
3450.000000	98.771	-152.2037
3500.000000	98.840	-153.7072
3550.000000	98.872	-155.2134
3600.000000	98.873	-156.6984
3650.000000	98.844	-158.1446
3700.000000	98.788	-159.5412
3750.000000	98.708	-160.8804
3820.000000	98.555	-162.6393
3870.000000	98.415	-163.7954
3950.000000	98.141	-165.4018
4000.000000	97.939	-166.2012
4060.000000	97.672	-166.9013
4120.000000	97.392	-167.3073
4180.000000	97.108	-167.4421
4250.000000	96.776	-167.2884
4310.000000	96.492	-166.8865
4370.000000	96.210	-166.1964
4440.000000	95.890	-164.9487
4500.000000	95.640	-163.4217
4550.000000	95.465	-161.7802
4620.000000	95.318	-158.9316
4680.000000	95.333	-156.1797
4750.000000	95.557	-153.2340
4820.000000	95.960	-151.4898
4870.000000	96.278	-151.3115
4940.000000	96.641	-152.3855
5000.000000	96.815	-154.0063
5080.000000	96.852	-156.3162
5150.000000	96.748	-158.0408
5220.000000	96.559	-159.3071
5300.000000	96.283	-160.1002
5380.000000	95.989	-160.1886
5450.000000	95.747	-159.7571
5520.000000	95.538	-158.9583
5600.000000	95.352	-157.7354
5700.000000	95.205	-155.9447
5800.000000	95.150	-154.0658
5900.000000	95.181	-152.2459
6000.000000	95.287	-150.5912
6080.000000	95.424	-149.4432
6150.000000	95.578	-148.6034
6220.000000	95.766	-147.9487
6300.000000	96.027	-147.4707
6400.000000	96.419	-147.3664
6500.000000	96.857	-147.9210
6600.000000	97.307	-149.2363
6700.000000	97.733	-151.3796
6800.000000	98.097	-154.3312
6900.000000	98.358	-157.9559
7000.000000	98.488	-162.0122
7100.000000	98.475	-166.1920
7200.000000	98.330	-170.1955
7300.000000	98.076	-173.8010
7400.000000	97.745	-176.8662
7500.000000	97.373	-179.3294
7620.000000	96.920	178.4170
7750.000000	96.458	176.5721
7880.000000	96.033	175.0365
8000.000000	95.642	173.6946
8120.000000	95.211	172.3394
8250.000000	94.702	170.8393
8380.000000	94.150	169.3572
8500.000000	93.590	168.1403
8620.000000	92.983	167.2785
8750.000000	92.303	166.9383
8850.000000	91.794	167.0911
9000.000000	91.083	167.7579
9120.000000	90.562	168.4622
9250.000000	90.024	169.3137
9380.000000	89.502	170.3274
9500.000000	89.045	171.5444
9620.000000	88.646	172.9038
9750.000000	88.267	174.2537
9880.000000	87.914	175.5055
10000.000000	87.613	176.6357
10150.000000	87.274	177.9952
10300.000000	86.974	179.2665
10440.000000	86.727	-179.6373
10600.000000	86.483	-178.4895
10750.000000	86.297	-177.5691
10900.000000	86.152	-176.8552
11060.000000	86.036	-176.3961
11200.000000	85.953	-176.2676
11380.000000	85.851	-176.3432
11500.000000	85.786	-176.4031
11720.000000	85.711	-176.1799
11800.000000	85.719	-175.8893
12060.000000	86.120	-174.3318
12200.000000	86.620	-174.3765
12410.000000	87.599	-176.1376
12500.000000	88.133	-177.6174
12650.000000	89.095	178.1938
12800.000000	89.992	172.0591
13150.000000	91.675	153.0041
13200.000000	91.854	149.8125
13400.000000	92.356	136.3098
13600.000000	92.516	122.4876
13800.000000	92.429	109.1830
14000.000000	92.226	96.6340
14300.000000	91.936	78.5679
14500.000000	91.805	66.1412
14750.000000	91.629	49.2830
15000.000000	91.274	30.7816
15250.000000	90.614	11.3052
15500.000000	89.668	-8.3391
15750.000000	88.544	-27.8062
16000.000000	87.393	-47.2361
16250.000000	86.364	-67.1073
16500.000000	85.446	-87.9391
16750.000000	84.634	-110.1034
17000.000000	84.041	-134.4733
17250.000000	83.680	-162.4860
17500.000000	83.374	164.9167
17750.000000	82.875	127.6896
18000.000000	81.932	86.7552
18250.000000	80.488	43.8168
18500.000000	79.027	-0.8093
18750.000000	77.564	-49.6860
19000.000000	75.309	-101.4388
19250.000000	72.432	-154.9504
19500.000000	69.504	147.6233
19750.000000	66.932	80.9010
20000.000000	65.084	10.9990
