* Measurement data measured by REW V5.31.3
* Source: USB-C to 3.5mm Headphone Jack Adapter, USB-C to 3.5mm Headphone Jack Adapter, 0, volume: 0.295
* Format: 256k Log Swept Sine, 4 sweeps at -12.0 dBFS with no timing reference
* Dated: Jan 9, 2025 1:35:22 AM
* REW Settings:
*  C-weighting compensation: Off
*  Target level: 75.0 dB
* Note: ; 
* Measurement: NICEHCK NX8 W1 R
* Smoothing: 1/24 octave
* Frequency Step: 1/48 octave
* Start Frequency: 20.300 Hz
*
* Freq(Hz)	SPL(dB)	Phase(degrees)
20.299999	100.705	-178.8539
20.600000	100.677	-179.2375
20.900000	100.650	-179.6488
21.200001	100.634	179.9136
21.400000	100.629	179.5957
21.799999	100.629	178.8955
22.000000	100.631	178.5270
22.400000	100.629	177.8125
22.700001	100.623	177.3421
23.000000	100.613	176.9491
23.299999	100.602	176.6245
23.600000	100.592	176.3390
24.000000	100.579	175.9578
24.299999	100.566	175.6404
24.700001	100.544	175.1656
25.000000	100.523	174.7834
25.400000	100.495	174.2648
25.799999	100.470	173.7544
26.200001	100.450	173.2601
26.500000	100.437	172.9031
26.900000	100.418	172.4520
27.200001	100.401	172.1359
27.600000	100.376	171.7410
28.000000	100.350	171.3602
28.500000	100.317	170.8714
29.000000	100.284	170.3521
29.500000	100.251	169.8216
30.000000	100.217	169.3148
30.400000	100.189	168.9403
30.700001	100.168	168.6771
31.100000	100.139	168.3428
31.500000	100.110	168.0167
32.000000	100.074	167.6048
32.500000	100.037	167.1823
33.000000	100.000	166.7606
33.500000	99.962	166.3592
34.000000	99.924	165.9861
34.500000	99.887	165.6322
35.000000	99.851	165.2816
35.500000	99.815	164.9260
36.000000	99.779	164.5678
36.500000	99.744	164.2136
37.000000	99.711	163.8681
37.500000	99.677	163.5317
38.200001	99.626	163.0728
38.700001	99.587	162.7568
39.500000	99.524	162.2990
40.000000	99.487	162.0552
40.599998	99.450	161.7890
41.200001	99.417	161.4966
41.799999	99.382	161.1306
42.500000	99.329	160.6541
43.099998	99.279	160.2998
43.700001	99.235	160.0155
44.400002	99.184	159.6969
45.000000	99.126	159.4169
45.500000	99.074	159.1870
46.200001	99.018	158.8026
46.799999	98.986	158.4155
47.500000	98.947	158.2214
48.200001	98.937	158.5245
48.700001	98.957	158.7552
49.400002	98.960	158.5629
50.000000	98.877	157.9592
50.799999	98.692	157.2166
51.500000	98.588	156.8271
52.200001	98.559	156.4647
53.000000	98.535	156.1132
53.799999	98.484	155.9207
54.500000	98.421	155.7508
55.200001	98.355	155.5382
56.000000	98.299	155.2991
57.000000	98.252	155.0306
58.000000	98.195	154.8060
59.000000	98.127	154.5248
60.000000	98.079	154.0930
60.799999	98.048	153.6826
61.500000	98.003	153.4577
62.200001	97.944	153.4431
63.000000	97.871	153.5053
64.000000	97.770	153.4166
65.000000	97.682	153.2507
66.000000	97.627	153.0517
67.000000	97.566	152.8312
68.000000	97.497	152.6337
69.000000	97.434	152.4181
70.000000	97.371	152.2065
71.000000	97.297	152.0570
72.000000	97.221	151.9112
73.000000	97.150	151.7010
74.000000	97.081	151.5521
75.000000	97.017	151.5199
76.199997	96.946	151.4369
77.500000	96.862	151.2759
78.800003	96.766	151.1000
80.000000	96.685	150.8094
81.199997	96.619	151.2527
82.500000	96.572	152.1904
83.800003	96.494	151.5499
85.000000	96.484	150.2030
86.199997	96.457	149.5961
87.500000	96.295	150.3914
88.500000	96.195	151.2757
90.000000	96.115	151.7618
91.199997	96.083	151.4262
92.500000	96.072	151.1246
93.800003	96.003	151.0745
95.000000	95.967	150.9751
96.199997	95.879	151.5422
97.500000	95.256	151.8267
98.800003	94.465	151.5007
100.000000	94.760	150.1754
101.500000	95.403	150.1391
103.000000	95.512	151.0594
104.400002	95.473	150.7167
106.000000	95.433	150.6717
107.500000	95.358	150.6617
109.000000	95.300	150.6892
110.599998	95.231	150.7801
112.000000	95.172	150.7459
113.800003	95.092	150.7455
115.000000	95.040	150.7772
117.199997	94.949	150.9177
118.000000	94.914	150.9877
120.599998	94.812	151.1970
122.000000	94.759	151.2924
124.099998	94.679	151.4413
125.000000	94.648	151.4927
126.500000	94.602	151.5785
128.000000	94.557	151.6733
131.500000	94.449	151.8817
132.000000	94.433	151.9178
134.000000	94.367	152.0267
136.000000	94.306	152.0402
138.000000	94.239	152.1530
140.000000	94.174	152.3052
143.000000	94.076	152.5289
145.000000	94.018	152.5399
147.500000	93.953	152.0823
150.000000	93.932	152.7253
152.500000	93.845	153.1522
155.000000	93.765	153.3205
157.500000	93.700	153.5181
160.000000	93.633	153.7545
162.500000	93.559	153.9710
165.000000	93.484	154.1723
167.500000	93.408	154.3762
170.000000	93.341	154.5882
172.500000	93.281	154.8092
175.000000	93.217	155.0255
177.500000	93.149	155.2115
180.000000	93.080	155.4105
182.500000	93.010	155.6447
185.000000	92.947	155.9083
187.500000	92.895	156.2414
190.000000	92.841	156.5149
192.500000	92.773	156.6684
195.000000	92.668	156.5126
197.500000	92.569	156.3911
200.000000	92.580	157.0038
203.000000	92.595	157.6394
206.000000	92.557	157.9707
209.000000	92.508	158.2477
212.000000	92.458	158.5382
214.000000	92.426	158.7298
218.000000	92.362	159.0949
220.000000	92.329	159.2747
224.000000	92.267	159.6494
227.000000	92.225	159.9907
230.000000	92.183	160.3282
233.000000	92.140	160.5384
236.000000	92.101	160.7816
240.000000	92.052	161.1293
243.000000	92.019	161.3350
247.000000	91.979	161.5598
250.000000	91.934	161.9199
254.000000	91.871	162.4049
258.000000	91.818	162.8177
262.000000	91.773	163.1755
265.000000	91.742	163.4503
269.000000	91.699	163.8219
272.000000	91.670	164.0847
276.000000	91.631	164.4418
280.000000	91.591	164.8126
285.000000	91.543	165.2567
290.000000	91.496	165.7092
295.000000	91.446	166.1714
300.000000	91.403	166.6040
304.000000	91.372	166.9417
307.000000	91.349	167.1974
311.000000	91.318	167.5380
315.000000	91.288	167.8816
320.000000	91.251	168.3057
325.000000	91.216	168.7328
330.000000	91.182	169.1603
335.000000	91.149	169.5784
340.000000	91.117	169.9960
345.000000	91.086	170.4042
350.000000	91.057	170.8330
355.000000	91.030	171.2509
360.000000	91.003	171.6538
365.000000	90.977	172.0560
370.000000	90.953	172.4603
375.000000	90.929	172.8680
382.000000	90.897	173.4248
387.000000	90.875	173.8180
395.000000	90.842	174.4465
400.000000	90.823	174.8309
406.000000	90.800	175.2937
412.000000	90.779	175.7579
418.000000	90.757	176.2153
425.000000	90.735	176.7497
431.000000	90.716	177.2030
437.000000	90.699	177.6536
444.000000	90.679	178.1758
450.000000	90.664	178.6189
455.000000	90.652	178.9891
462.000000	90.634	179.5039
468.000000	90.621	179.9365
475.000000	90.606	-179.5619
482.000000	90.592	-179.0578
487.000000	90.582	-178.6968
494.000000	90.570	-178.1943
500.000000	90.560	-177.7668
508.000000	90.549	-177.2000
515.000000	90.540	-176.7013
522.000000	90.531	-176.2066
530.000000	90.523	-175.6426
538.000000	90.515	-175.0835
545.000000	90.510	-174.5938
552.000000	90.505	-174.1025
560.000000	90.500	-173.5416
570.000000	90.495	-172.8440
580.000000	90.493	-172.1467
590.000000	90.493	-171.4479
600.000000	90.495	-170.7501
608.000000	90.498	-170.1958
615.000000	90.501	-169.7126
622.000000	90.506	-169.2309
630.000000	90.513	-168.6817
640.000000	90.522	-167.9990
650.000000	90.534	-167.3190
660.000000	90.549	-166.6442
670.000000	90.565	-165.9734
680.000000	90.582	-165.3095
690.000000	90.601	-164.6504
700.000000	90.621	-163.9953
710.000000	90.641	-163.3433
720.000000	90.663	-162.6907
730.000000	90.686	-162.0383
740.000000	90.712	-161.3881
750.000000	90.739	-160.7416
762.000000	90.773	-159.9679
775.000000	90.812	-159.1226
788.000000	90.854	-158.2791
800.000000	90.894	-157.5020
812.000000	90.934	-156.7275
825.000000	90.979	-155.8879
838.000000	91.027	-155.0576
850.000000	91.076	-154.2920
862.000000	91.129	-153.5297
875.000000	91.189	-152.7168
885.000000	91.238	-152.0988
900.000000	91.319	-151.1850
912.000000	91.387	-150.4682
925.000000	91.466	-149.7129
938.000000	91.549	-148.9805
950.000000	91.630	-148.3213
962.000000	91.715	-147.6827
975.000000	91.809	-147.0198
988.000000	91.907	-146.3882
1000.000000	92.000	-145.8335
1015.000000	92.118	-145.1820
1030.000000	92.240	-144.5768
1044.000000	92.356	-144.0563
1060.000000	92.490	-143.5140
1075.000000	92.617	-143.0522
1090.000000	92.744	-142.6410
1106.000000	92.879	-142.2550
1120.000000	92.997	-141.9587
1138.000000	93.146	-141.6328
1150.000000	93.244	-141.4485
1172.000000	93.419	-141.1709
1180.000000	93.481	-141.0875
1206.000000	93.678	-140.8814
1220.000000	93.780	-140.8043
1241.000000	93.930	-140.7239
1250.000000	93.994	-140.7025
1265.000000	94.101	-140.6801
1280.000000	94.207	-140.6726
1315.000000	94.445	-140.7120
1320.000000	94.478	-140.7224
1340.000000	94.606	-140.7760
1360.000000	94.729	-140.8469
1380.000000	94.847	-140.9281
1400.000000	94.961	-141.0184
1430.000000	95.125	-141.1734
1450.000000	95.230	-141.2867
1475.000000	95.356	-141.4375
1500.000000	95.478	-141.5984
1525.000000	95.595	-141.7702
1550.000000	95.709	-141.9507
1575.000000	95.818	-142.1397
1600.000000	95.920	-142.3381
1625.000000	96.016	-142.5391
1650.000000	96.107	-142.7414
1675.000000	96.196	-142.9516
1700.000000	96.284	-143.1717
1725.000000	96.370	-143.4089
1750.000000	96.454	-143.6729
1775.000000	96.534	-143.9648
1800.000000	96.610	-144.2735
1825.000000	96.679	-144.5945
1850.000000	96.744	-144.9213
1875.000000	96.805	-145.2517
1900.000000	96.861	-145.5878
1925.000000	96.914	-145.9276
1950.000000	96.963	-146.2686
1975.000000	97.007	-146.6127
2000.000000	97.049	-146.9596
2030.000000	97.095	-147.3758
2060.000000	97.135	-147.7903
2090.000000	97.169	-148.1966
2120.000000	97.197	-148.5898
2140.000000	97.213	-148.8443
2180.000000	97.236	-149.3327
2200.000000	97.244	-149.5647
2240.000000	97.254	-150.0013
2270.000000	97.256	-150.3067
2300.000000	97.253	-150.5921
2330.000000	97.244	-150.8551
2360.000000	97.230	-151.0869
2400.000000	97.202	-151.3324
2430.000000	97.177	-151.4583
2470.000000	97.140	-151.5406
2500.000000	97.112	-151.5425
2540.000000	97.076	-151.4687
2580.000000	97.040	-151.3049
2620.000000	97.005	-151.0314
2650.000000	96.982	-150.7347
2690.000000	96.961	-150.2053
2720.000000	96.960	-149.7163
2760.000000	96.985	-148.9964
2800.000000	97.040	-148.2935
2850.000000	97.137	-147.5236
2900.000000	97.252	-146.8426
2950.000000	97.386	-146.1988
3000.000000	97.550	-145.6138
3040.000000	97.705	-145.2433
3070.000000	97.835	-145.0578
3110.000000	98.021	-144.9677
3150.000000	98.216	-145.0844
3200.000000	98.459	-145.5329
3250.000000	98.690	-146.2994
3300.000000	98.898	-147.3453
3350.000000	99.073	-148.6135
3400.000000	99.213	-150.0471
3450.000000	99.317	-151.5948
3500.000000	99.383	-153.2086
3550.000000	99.413	-154.8519
3600.000000	99.411	-156.4943
3650.000000	99.377	-158.1203
3700.000000	99.313	-159.7187
3750.000000	99.219	-161.2777
3820.000000	99.034	-163.3564
3870.000000	98.862	-164.7225
3950.000000	98.522	-166.5632
4000.000000	98.276	-167.4219
4060.000000	97.960	-168.1385
4120.000000	97.633	-168.5450
4180.000000	97.302	-168.6598
4250.000000	96.912	-168.4119
4310.000000	96.580	-167.8548
4370.000000	96.256	-166.9561
4440.000000	95.896	-165.4181
4500.000000	95.619	-163.6107
4550.000000	95.429	-161.7212
4620.000000	95.270	-158.5203
4680.000000	95.286	-155.4733
4750.000000	95.521	-152.2266
4820.000000	95.944	-150.2677
4870.000000	96.275	-149.9912
4940.000000	96.648	-150.9790
5000.000000	96.823	-152.5289
5080.000000	96.853	-154.6868
5150.000000	96.744	-156.2061
5220.000000	96.557	-157.2159
5300.000000	96.297	-157.6986
5380.000000	96.033	-157.5023
5450.000000	95.825	-156.8705
5520.000000	95.654	-155.9208
5600.000000	95.511	-154.5755
5700.000000	95.420	-152.6922
5800.000000	95.422	-150.7619
5900.000000	95.513	-148.9337
6000.000000	95.687	-147.3360
6080.000000	95.882	-146.3001
6150.000000	96.089	-145.6195
6220.000000	96.331	-145.1958
6300.000000	96.651	-145.0860
6400.000000	97.110	-145.6131
6500.000000	97.593	-147.0040
6600.000000	98.053	-149.3582
6700.000000	98.438	-152.6862
6800.000000	98.691	-156.8445
6900.000000	98.767	-161.5152
7000.000000	98.642	-166.2272
7100.000000	98.330	-170.4727
7200.000000	97.880	-173.8591
7300.000000	97.355	-176.1974
7400.000000	96.818	-177.4833
7500.000000	96.326	-177.8703
7620.000000	95.843	-177.5330
7750.000000	95.471	-176.7330
7880.000000	95.231	-175.9792
8000.000000	95.071	-175.5962
8120.000000	94.913	-175.6384
8250.000000	94.729	-176.1983
8380.000000	94.515	-177.2326
8500.000000	94.268	-178.4708
8620.000000	93.959	-179.7772
8750.000000	93.565	178.9683
8850.000000	93.236	178.1834
9000.000000	92.722	177.2570
9120.000000	92.293	176.6934
9250.000000	91.807	176.3066
9380.000000	91.298	176.3053
9500.000000	90.840	176.8264
9620.000000	90.445	177.6718
9750.000000	90.080	178.5517
9880.000000	89.745	179.4114
10000.000000	89.465	-179.7335
10150.000000	89.169	-178.5957
10300.000000	88.937	-177.4259
10440.000000	88.789	-176.3737
10600.000000	88.710	-175.3407
10750.000000	88.724	-174.7201
10900.000000	88.809	-174.5973
11060.000000	88.953	-175.0913
11200.000000	89.102	-176.0279
11380.000000	89.310	-177.7419
11500.000000	89.466	-179.0571
11720.000000	89.854	178.3317
11800.000000	90.055	177.3065
12060.000000	91.146	172.7150
12200.000000	91.963	167.7131
12410.000000	93.069	156.2181
12500.000000	93.458	150.0244
12650.000000	93.847	138.0846
12800.000000	93.753	125.3149
13150.000000	92.145	100.6013
13200.000000	91.855	97.8737
13400.000000	90.732	88.6105
13600.000000	89.773	81.1383
13800.000000	89.021	74.4414
14000.000000	88.452	67.7888
14300.000000	87.849	56.9199
14500.000000	87.543	48.6484
14750.000000	87.169	36.9144
15000.000000	86.710	23.7792
15250.000000	86.135	9.7100
15500.000000	85.508	-5.1037
15750.000000	84.902	-20.9117
16000.000000	84.406	-38.1000
16250.000000	84.117	-57.1334
16500.000000	84.004	-78.5417
16750.000000	84.093	-102.8428
17000.000000	84.474	-131.2345
17250.000000	84.992	-165.2518
17500.000000	85.194	154.8118
17750.000000	84.611	110.6812
18000.000000	83.053	65.4363
18250.000000	80.748	21.6437
18500.000000	78.399	-20.9997
18750.000000	76.286	-66.0653
19000.000000	73.725	-113.5082
19250.000000	70.751	-163.0958
19500.000000	67.740	142.8104
19750.000000	64.914	79.6409
20000.000000	62.787	13.3943
