* Measurement data measured by REW V5.31.3
* Source: USB-C to 3.5mm Headphone Jack Adapter, USB-C to 3.5mm Headphone Jack Adapter, 0, volume: 0.295
* Format: 256k Log Swept Sine, 4 sweeps at -12.0 dBFS with no timing reference
* Dated: Jan 9, 2025 1:47:44 AM
* REW Settings:
*  C-weighting compensation: Off
*  Target level: 75.0 dB
* Note: ; 
* Measurement: NICEHCK NX8 TYPE E R
* Smoothing: 1/24 octave
* Frequency Step: 1/48 octave
* Start Frequency: 20.300 Hz
*
* Freq(Hz)	SPL(dB)	Phase(degrees)
20.299999	100.649	-179.5072
20.600000	100.627	-179.9059
20.900000	100.604	179.7663
21.200001	100.592	179.5109
21.400000	100.592	179.3456
21.799999	100.606	178.9335
22.000000	100.615	178.6616
22.400000	100.617	177.9923
22.700001	100.599	177.4348
23.000000	100.565	176.8939
23.299999	100.521	176.4126
23.600000	100.477	176.0020
24.000000	100.433	175.5263
24.299999	100.412	175.1775
24.700001	100.398	174.6776
25.000000	100.388	174.2790
25.400000	100.372	173.7549
25.799999	100.351	173.2819
26.200001	100.329	172.8669
26.500000	100.314	172.5743
26.900000	100.293	172.1770
27.200001	100.276	171.8631
27.600000	100.248	171.4299
28.000000	100.215	171.0002
28.500000	100.176	170.4880
29.000000	100.142	169.9959
29.500000	100.113	169.5055
30.000000	100.081	169.0177
30.400000	100.052	168.6406
30.700001	100.028	168.3710
31.100000	99.996	168.0314
31.500000	99.964	167.7107
32.000000	99.927	167.3177
32.500000	99.893	166.9069
33.000000	99.859	166.4691
33.500000	99.819	166.0327
34.000000	99.777	165.6373
34.500000	99.741	165.2865
35.000000	99.713	164.9385
35.500000	99.688	164.5571
36.000000	99.657	164.1565
36.500000	99.617	163.7843
37.000000	99.574	163.4662
37.500000	99.534	163.1857
38.200001	99.483	162.8043
38.700001	99.448	162.5299
39.500000	99.395	162.0836
40.000000	99.362	161.7859
40.599998	99.316	161.4176
41.200001	99.265	161.0754
41.799999	99.215	160.7695
42.500000	99.161	160.4034
43.099998	99.113	160.0541
43.700001	99.061	159.7059
44.400002	99.009	159.3309
45.000000	98.974	158.9993
45.500000	98.941	158.7134
46.200001	98.878	158.3961
46.799999	98.819	158.2369
47.500000	98.764	157.9837
48.200001	98.703	157.4865
48.700001	98.642	157.1126
49.400002	98.559	156.8360
50.000000	98.523	156.8065
50.799999	98.508	156.6948
51.500000	98.475	156.4495
52.200001	98.422	156.2100
53.000000	98.366	155.9628
53.799999	98.314	155.7016
54.500000	98.262	155.5117
55.200001	98.203	155.3621
56.000000	98.138	155.1705
57.000000	98.064	154.8616
58.000000	97.999	154.5555
59.000000	97.941	154.2967
60.000000	97.898	154.1200
60.799999	97.881	153.9947
61.500000	97.861	153.7784
62.200001	97.810	153.4831
63.000000	97.718	153.2183
64.000000	97.616	153.0772
65.000000	97.546	152.9559
66.000000	97.474	152.8136
67.000000	97.400	152.6405
68.000000	97.332	152.4092
69.000000	97.262	152.2130
70.000000	97.192	152.0872
71.000000	97.121	151.9740
72.000000	97.052	151.8387
73.000000	96.985	151.6761
74.000000	96.920	151.5553
75.000000	96.860	151.4882
76.199997	96.781	151.3785
77.500000	96.691	151.2726
78.800003	96.616	151.1390
80.000000	96.550	151.0220
81.199997	96.487	150.9665
82.500000	96.401	150.6679
83.800003	96.318	150.2316
85.000000	96.295	149.9523
86.199997	96.233	150.1523
87.500000	96.131	150.6377
88.500000	96.046	150.6724
90.000000	95.960	150.3768
91.199997	95.896	150.3076
92.500000	95.816	150.5120
93.800003	95.776	150.4242
95.000000	95.745	150.4045
96.199997	95.642	149.6288
97.500000	95.595	145.9415
98.800003	95.530	143.0536
100.000000	95.473	146.0359
101.500000	95.435	149.9729
103.000000	95.331	150.6154
104.400002	95.272	150.6592
106.000000	95.200	150.7448
107.500000	95.151	150.7686
109.000000	95.084	150.8943
110.599998	95.007	150.9872
112.000000	94.941	150.9655
113.800003	94.844	150.8555
115.000000	94.773	150.9626
117.199997	94.659	151.3571
118.000000	94.628	151.4804
120.599998	94.545	151.9703
122.000000	94.528	152.1905
124.099998	94.512	152.3474
125.000000	94.501	152.3837
126.500000	94.471	152.3511
128.000000	94.436	152.2397
131.500000	94.325	152.1088
132.000000	94.306	152.1154
134.000000	94.241	152.1554
136.000000	94.182	152.1731
138.000000	94.117	152.2206
140.000000	94.052	152.2980
143.000000	93.945	152.3903
145.000000	93.869	152.5722
147.500000	93.749	152.6819
150.000000	93.687	152.9928
152.500000	93.648	153.2001
155.000000	93.588	153.3556
157.500000	93.521	153.5871
160.000000	93.450	153.8492
162.500000	93.383	154.0579
165.000000	93.313	154.2636
167.500000	93.239	154.5006
170.000000	93.167	154.6973
172.500000	93.099	154.9955
175.000000	93.039	155.3333
177.500000	92.986	155.5853
180.000000	92.939	155.8735
182.500000	92.895	156.2092
185.000000	92.841	156.5273
187.500000	92.784	156.7018
190.000000	92.734	156.8164
192.500000	92.683	156.9979
195.000000	92.623	157.2868
197.500000	92.551	157.6406
200.000000	92.509	157.7249
203.000000	92.472	157.8323
206.000000	92.424	158.0921
209.000000	92.365	158.3828
212.000000	92.301	158.6840
214.000000	92.264	158.8792
218.000000	92.194	159.2621
220.000000	92.158	159.4751
224.000000	92.099	159.9772
227.000000	92.064	160.2508
230.000000	92.031	160.4896
233.000000	91.998	160.7589
236.000000	91.963	161.0244
240.000000	91.915	161.3810
243.000000	91.877	161.6392
247.000000	91.821	161.9973
250.000000	91.785	162.2814
254.000000	91.740	162.6457
258.000000	91.693	163.0316
262.000000	91.649	163.4017
265.000000	91.616	163.6620
269.000000	91.571	164.0151
272.000000	91.539	164.2878
276.000000	91.499	164.6481
280.000000	91.458	165.0068
285.000000	91.411	165.4568
290.000000	91.365	165.9188
295.000000	91.323	166.3745
300.000000	91.280	166.8019
304.000000	91.246	167.1540
307.000000	91.222	167.4116
311.000000	91.190	167.7556
315.000000	91.161	168.1035
320.000000	91.126	168.5378
325.000000	91.092	168.9555
330.000000	91.058	169.3701
335.000000	91.026	169.7980
340.000000	90.996	170.2346
345.000000	90.967	170.6571
350.000000	90.939	171.0743
355.000000	90.912	171.4805
360.000000	90.886	171.8836
365.000000	90.859	172.2869
370.000000	90.835	172.6896
375.000000	90.812	173.0907
382.000000	90.782	173.6542
387.000000	90.762	174.0484
395.000000	90.730	174.6719
400.000000	90.711	175.0596
406.000000	90.690	175.5267
412.000000	90.670	175.9839
418.000000	90.650	176.4411
425.000000	90.629	176.9743
431.000000	90.612	177.4183
437.000000	90.595	177.8607
444.000000	90.577	178.3826
450.000000	90.563	178.8276
455.000000	90.551	179.1966
462.000000	90.536	179.7050
468.000000	90.524	-179.8604
475.000000	90.511	-179.3607
482.000000	90.499	-178.8676
487.000000	90.490	-178.5120
494.000000	90.478	-178.0120
500.000000	90.470	-177.5888
508.000000	90.460	-177.0272
515.000000	90.451	-176.5402
522.000000	90.443	-176.0477
530.000000	90.435	-175.4791
538.000000	90.430	-174.9094
545.000000	90.426	-174.4194
552.000000	90.424	-173.9338
560.000000	90.421	-173.3787
570.000000	90.419	-172.6833
580.000000	90.420	-171.9916
590.000000	90.423	-171.3025
600.000000	90.428	-170.6143
608.000000	90.433	-170.0642
615.000000	90.439	-169.5836
622.000000	90.446	-169.1087
630.000000	90.456	-168.5750
640.000000	90.470	-167.9144
650.000000	90.486	-167.2560
660.000000	90.502	-166.6030
670.000000	90.520	-165.9560
680.000000	90.538	-165.3152
690.000000	90.558	-164.6812
700.000000	90.580	-164.0483
710.000000	90.602	-163.4155
720.000000	90.624	-162.7833
730.000000	90.648	-162.1534
740.000000	90.673	-161.5226
750.000000	90.701	-160.8895
762.000000	90.736	-160.1328
775.000000	90.775	-159.3098
788.000000	90.818	-158.4858
800.000000	90.860	-157.7277
812.000000	90.901	-156.9699
825.000000	90.946	-156.1498
838.000000	90.995	-155.3340
850.000000	91.045	-154.5908
862.000000	91.098	-153.8569
875.000000	91.160	-153.0634
885.000000	91.210	-152.4606
900.000000	91.292	-151.5748
912.000000	91.361	-150.8836
925.000000	91.440	-150.1514
938.000000	91.523	-149.4417
950.000000	91.604	-148.8087
962.000000	91.689	-148.1943
975.000000	91.784	-147.5552
988.000000	91.882	-146.9500
1000.000000	91.975	-146.4224
1015.000000	92.093	-145.8033
1030.000000	92.214	-145.2302
1044.000000	92.329	-144.7366
1060.000000	92.462	-144.2245
1075.000000	92.587	-143.7973
1090.000000	92.713	-143.4164
1106.000000	92.846	-143.0633
1120.000000	92.961	-142.7971
1138.000000	93.107	-142.5051
1150.000000	93.202	-142.3419
1172.000000	93.371	-142.1005
1180.000000	93.431	-142.0278
1206.000000	93.618	-141.8447
1220.000000	93.714	-141.7699
1241.000000	93.855	-141.6708
1250.000000	93.915	-141.6295
1265.000000	94.018	-141.5571
1280.000000	94.124	-141.4834
1315.000000	94.384	-141.3867
1320.000000	94.422	-141.3913
1340.000000	94.571	-141.4695
1360.000000	94.711	-141.6318
1380.000000	94.840	-141.8385
1400.000000	94.959	-142.0578
1430.000000	95.122	-142.3881
1450.000000	95.224	-142.6063
1475.000000	95.345	-142.8768
1500.000000	95.459	-143.1466
1525.000000	95.569	-143.4218
1550.000000	95.673	-143.7017
1575.000000	95.772	-143.9850
1600.000000	95.865	-144.2759
1625.000000	95.951	-144.5764
1650.000000	96.030	-144.8851
1675.000000	96.104	-145.2007
1700.000000	96.173	-145.5253
1725.000000	96.238	-145.8572
1750.000000	96.298	-146.1936
1775.000000	96.353	-146.5341
1800.000000	96.404	-146.8789
1825.000000	96.450	-147.2259
1850.000000	96.490	-147.5743
1875.000000	96.525	-147.9213
1900.000000	96.555	-148.2654
1925.000000	96.579	-148.6049
1950.000000	96.597	-148.9354
1975.000000	96.609	-149.2511
2000.000000	96.616	-149.5477
2030.000000	96.618	-149.8703
2060.000000	96.612	-150.1406
2090.000000	96.599	-150.3410
2120.000000	96.581	-150.4485
2140.000000	96.570	-150.4639
2180.000000	96.559	-150.3804
2200.000000	96.562	-150.3131
2240.000000	96.583	-150.2339
2270.000000	96.597	-150.2584
2300.000000	96.600	-150.3117
2330.000000	96.591	-150.3324
2360.000000	96.572	-150.2848
2400.000000	96.537	-150.0817
2430.000000	96.507	-149.7846
2470.000000	96.476	-149.1135
2500.000000	96.480	-148.4034
2540.000000	96.548	-147.3466
2580.000000	96.687	-146.4802
2620.000000	96.857	-146.0412
2650.000000	96.976	-145.9674
2690.000000	97.103	-146.0055
2720.000000	97.182	-146.0250
2760.000000	97.279	-145.9916
2800.000000	97.378	-145.9284
2850.000000	97.505	-145.8544
2900.000000	97.633	-145.7553
2950.000000	97.775	-145.6034
3000.000000	97.943	-145.4524
3040.000000	98.101	-145.4126
3070.000000	98.232	-145.4701
3110.000000	98.417	-145.6958
3150.000000	98.607	-146.1090
3200.000000	98.843	-146.8864
3250.000000	99.071	-147.9439
3300.000000	99.283	-149.2873
3350.000000	99.469	-150.9230
3400.000000	99.614	-152.8253
3450.000000	99.707	-154.9196
3500.000000	99.744	-157.1075
3550.000000	99.723	-159.2912
3600.000000	99.650	-161.3792
3650.000000	99.537	-163.3169
3700.000000	99.394	-165.1000
3750.000000	99.226	-166.7493
3820.000000	98.948	-168.8467
3870.000000	98.719	-170.1660
3950.000000	98.309	-171.8972
4000.000000	98.030	-172.7257
4060.000000	97.675	-173.4689
4120.000000	97.304	-173.9360
4180.000000	96.919	-174.1062
4250.000000	96.457	-173.8773
4310.000000	96.055	-173.2493
4370.000000	95.662	-172.1627
4440.000000	95.233	-170.2678
4500.000000	94.916	-168.0804
4550.000000	94.707	-165.8618
4620.000000	94.547	-162.2383
4680.000000	94.580	-158.9286
4750.000000	94.849	-155.5823
4820.000000	95.293	-153.7783
4870.000000	95.620	-153.7115
4940.000000	95.954	-154.9861
5000.000000	96.074	-156.6776
5080.000000	96.019	-158.8307
5150.000000	95.837	-160.1926
5220.000000	95.585	-160.9366
5300.000000	95.264	-161.0198
5380.000000	94.955	-160.3797
5450.000000	94.720	-159.3556
5520.000000	94.531	-158.0239
5600.000000	94.377	-156.2668
5700.000000	94.280	-153.9072
5800.000000	94.285	-151.5516
5900.000000	94.383	-149.3510
6000.000000	94.565	-147.4227
6080.000000	94.767	-146.1488
6150.000000	94.980	-145.2805
6220.000000	95.227	-144.6821
6300.000000	95.551	-144.3826
6400.000000	96.009	-144.6816
6500.000000	96.484	-145.8352
6600.000000	96.928	-147.9081
6700.000000	97.292	-150.8655
6800.000000	97.528	-154.5322
6900.000000	97.597	-158.5777
7000.000000	97.490	-162.5697
7100.000000	97.225	-166.0784
7200.000000	96.846	-168.7813
7300.000000	96.411	-170.5219
7400.000000	95.978	-171.2945
7500.000000	95.597	-171.2320
7620.000000	95.265	-170.4040
7750.000000	95.086	-169.1501
7880.000000	95.082	-168.1229
8000.000000	95.178	-167.7892
8120.000000	95.305	-168.3227
8250.000000	95.438	-170.0888
8380.000000	95.501	-173.1093
8500.000000	95.423	-176.7836
8620.000000	95.164	179.1511
8750.000000	94.671	174.9673
8850.000000	94.172	172.2638
9000.000000	93.316	169.3050
9120.000000	92.593	167.8375
9250.000000	91.808	167.0311
9380.000000	91.041	166.9827
9500.000000	90.375	167.6175
9620.000000	89.790	168.6761
9750.000000	89.238	169.9695
9880.000000	88.747	171.3904
10000.000000	88.354	172.8206
10150.000000	87.954	174.6995
10300.000000	87.663	176.5459
10440.000000	87.492	178.0794
10600.000000	87.410	179.4015
10750.000000	87.422	-179.9943
10900.000000	87.494	179.8907
11060.000000	87.601	178.9751
11200.000000	87.694	177.5976
11380.000000	87.797	175.2938
11500.000000	87.868	173.5786
11720.000000	88.064	170.1810
11800.000000	88.179	168.8430
12060.000000	88.873	163.1680
12200.000000	89.371	157.8901
12410.000000	89.902	147.0483
12500.000000	90.027	141.6432
12650.000000	90.016	131.8397
12800.000000	89.646	122.0662
13150.000000	88.001	104.8888
13200.000000	87.756	103.0888
13400.000000	86.866	97.0255
13600.000000	86.168	92.1233
13800.000000	85.677	87.6658
14000.000000	85.377	83.1180
14300.000000	85.237	75.2825
14500.000000	85.315	68.8745
14750.000000	85.531	58.9943
15000.000000	85.778	46.8215
15250.000000	85.997	32.4688
15500.000000	86.198	15.9078
15750.000000	86.413	-3.1416
16000.000000	86.727	-25.1432
16250.000000	87.231	-50.9270
16500.000000	87.813	-81.6581
16750.000000	88.173	-118.2384
17000.000000	87.806	-160.0529
17250.000000	86.331	156.0986
17500.000000	83.911	113.8978
17750.000000	81.064	74.8578
18000.000000	78.214	38.5919
18250.000000	75.581	4.1631
18500.000000	73.499	-30.6447
18750.000000	71.840	-69.4862
19000.000000	69.823	-112.1964
19250.000000	67.461	-158.5430
19500.000000	65.029	149.4529
19750.000000	62.613	87.6470
20000.000000	60.703	22.9517
