* Measurement data measured by REW V5.31.3
* Source: USB-C to 3.5mm Headphone Jack Adapter, USB-C to 3.5mm Headphone Jack Adapter, 0, volume: 0.295
* Format: 256k Log Swept Sine, 4 sweeps at -12.0 dBFS with no timing reference
* Dated: Jan 9, 2025 1:23:04 AM
* REW Settings:
*  C-weighting compensation: Off
*  Target level: 75.0 dB
* Note: ; 
* Measurement: NICEHCK NX8 VELVET W R
* Smoothing: 1/24 octave
* Frequency Step: 1/48 octave
* Start Frequency: 20.300 Hz
*
* Freq(Hz)	SPL(dB)	Phase(degrees)
20.299999	100.734	-179.3806
20.600000	100.730	-179.7966
20.900000	100.717	179.7081
21.200001	100.692	179.1754
21.400000	100.669	178.8169
21.799999	100.617	178.1410
22.000000	100.592	177.8391
22.400000	100.554	177.3094
22.700001	100.542	176.9470
23.000000	100.543	176.5759
23.299999	100.551	176.1718
23.600000	100.559	175.7327
24.000000	100.558	175.1295
24.299999	100.546	174.7014
24.700001	100.521	174.1975
25.000000	100.500	173.8657
25.400000	100.474	173.4468
25.799999	100.450	173.0104
26.200001	100.425	172.5401
26.500000	100.405	172.1766
26.900000	100.375	171.7029
27.200001	100.352	171.3665
27.600000	100.323	170.9424
28.000000	100.294	170.5340
28.500000	100.258	170.0285
29.000000	100.219	169.5236
29.500000	100.179	169.0191
30.000000	100.142	168.5153
30.400000	100.114	168.1199
30.700001	100.094	167.8348
31.100000	100.069	167.4750
31.500000	100.046	167.1353
32.000000	100.016	166.7227
32.500000	99.980	166.3128
33.000000	99.937	165.9145
33.500000	99.893	165.5304
34.000000	99.857	165.1236
34.500000	99.827	164.6440
35.000000	99.794	164.0994
35.500000	99.747	163.5808
36.000000	99.693	163.1949
36.500000	99.646	162.9615
37.000000	99.615	162.7926
37.500000	99.595	162.5779
38.200001	99.557	162.1567
38.700001	99.520	161.8326
39.500000	99.466	161.3039
40.000000	99.437	160.9222
40.599998	99.396	160.4462
41.200001	99.346	160.0634
41.799999	99.299	159.8025
42.500000	99.248	159.5287
43.099998	99.193	159.2635
43.700001	99.125	159.0181
44.400002	99.053	158.7726
45.000000	99.010	158.5131
45.500000	98.980	158.2278
46.200001	98.929	157.8127
46.799999	98.876	157.5553
47.500000	98.820	157.3440
48.200001	98.769	157.0375
48.700001	98.723	156.7330
49.400002	98.639	156.3458
50.000000	98.574	156.1639
50.799999	98.533	156.0031
51.500000	98.515	155.7632
52.200001	98.479	155.4874
53.000000	98.419	155.2512
53.799999	98.356	155.0371
54.500000	98.304	154.8214
55.200001	98.258	154.6054
56.000000	98.211	154.3630
57.000000	98.140	154.0577
58.000000	98.055	153.7620
59.000000	97.982	153.4261
60.000000	97.923	153.2154
60.799999	97.890	153.2426
61.500000	97.864	153.2551
62.200001	97.823	153.1248
63.000000	97.750	152.8326
64.000000	97.653	152.4353
65.000000	97.567	152.1352
66.000000	97.491	151.9449
67.000000	97.423	151.7205
68.000000	97.363	151.4229
69.000000	97.299	151.1929
70.000000	97.225	151.1483
71.000000	97.154	151.1375
72.000000	97.088	150.9836
73.000000	97.027	150.7752
74.000000	96.968	150.6262
75.000000	96.899	150.5388
76.199997	96.806	150.4408
77.500000	96.725	150.2895
78.800003	96.659	150.1977
80.000000	96.592	150.1422
81.199997	96.522	150.0415
82.500000	96.459	149.8934
83.800003	96.378	149.7679
85.000000	96.292	149.7663
86.199997	96.212	149.7728
87.500000	96.134	149.7015
88.500000	96.081	149.5975
90.000000	96.010	149.4774
91.199997	95.950	149.4366
92.500000	95.880	149.3890
93.800003	95.806	149.3556
95.000000	95.742	149.3515
96.199997	95.684	149.3288
97.500000	95.621	149.3246
98.800003	95.554	149.3150
100.000000	95.489	149.3435
101.500000	95.414	149.4539
103.000000	95.339	149.5204
104.400002	95.270	149.4654
106.000000	95.194	149.4099
107.500000	95.129	149.4494
109.000000	95.062	149.5520
110.599998	94.990	149.6317
112.000000	94.933	149.6597
113.800003	94.861	149.7056
115.000000	94.811	149.7192
117.199997	94.722	149.6864
118.000000	94.693	149.7120
120.599998	94.594	149.9643
122.000000	94.542	150.0535
124.099998	94.459	150.1083
125.000000	94.422	150.1422
126.500000	94.363	150.1570
128.000000	94.306	150.2508
131.500000	94.187	150.4725
132.000000	94.172	150.5139
134.000000	94.100	150.6095
136.000000	94.037	150.7894
138.000000	93.970	150.8561
140.000000	93.910	151.0979
143.000000	93.810	151.2944
145.000000	93.758	151.4464
147.500000	93.678	151.6367
150.000000	93.618	151.7720
152.500000	93.538	151.9972
155.000000	93.473	152.2133
157.500000	93.398	152.4238
160.000000	93.336	152.6482
162.500000	93.268	152.8597
165.000000	93.195	153.0862
167.500000	93.131	153.3530
170.000000	93.068	153.4556
172.500000	92.981	153.7048
175.000000	92.926	154.1540
177.500000	92.893	154.1787
180.000000	92.798	154.1081
182.500000	92.701	154.6000
185.000000	92.659	155.0990
187.500000	92.627	155.3511
190.000000	92.582	155.5216
192.500000	92.533	155.7191
195.000000	92.490	155.8696
197.500000	92.444	155.9698
200.000000	92.386	156.0804
203.000000	92.312	156.2999
206.000000	92.244	156.5671
209.000000	92.183	156.8350
212.000000	92.137	157.1514
214.000000	92.116	157.3774
218.000000	92.084	157.8497
220.000000	92.067	158.1170
224.000000	92.018	158.7087
227.000000	91.956	159.1114
230.000000	91.881	159.4081
233.000000	91.818	159.5854
236.000000	91.773	159.7396
240.000000	91.726	160.0433
243.000000	91.697	160.3484
247.000000	91.646	160.8695
250.000000	91.593	161.1326
254.000000	91.549	161.2953
258.000000	91.527	161.8657
262.000000	91.459	162.3642
265.000000	91.417	162.6022
269.000000	91.362	162.9814
272.000000	91.331	163.2080
276.000000	91.295	163.5878
280.000000	91.261	164.0009
285.000000	91.200	164.4500
290.000000	91.164	164.9533
295.000000	91.145	165.3553
300.000000	91.108	165.6724
304.000000	91.061	165.8972
307.000000	91.017	166.1727
311.000000	90.968	166.6346
315.000000	90.937	167.0673
320.000000	90.913	167.5529
325.000000	90.888	168.0085
330.000000	90.865	168.3877
335.000000	90.839	168.7910
340.000000	90.804	169.2405
345.000000	90.767	169.6643
350.000000	90.736	170.0510
355.000000	90.708	170.4359
360.000000	90.680	170.8380
365.000000	90.653	171.2383
370.000000	90.628	171.6409
375.000000	90.602	172.0576
382.000000	90.572	172.6118
387.000000	90.551	172.9944
395.000000	90.519	173.6130
400.000000	90.500	174.0065
406.000000	90.477	174.4816
412.000000	90.452	174.9354
418.000000	90.428	175.3878
425.000000	90.404	175.9540
431.000000	90.385	176.3940
437.000000	90.369	176.8102
444.000000	90.355	177.3171
450.000000	90.344	177.7757
455.000000	90.334	178.1588
462.000000	90.317	178.6842
468.000000	90.302	179.1114
475.000000	90.288	179.5883
482.000000	90.275	-179.9218
487.000000	90.265	-179.5729
494.000000	90.252	-179.0935
500.000000	90.242	-178.6753
508.000000	90.231	-178.1191
515.000000	90.221	-177.6391
522.000000	90.213	-177.1587
530.000000	90.204	-176.6063
538.000000	90.195	-176.0641
545.000000	90.188	-175.5898
552.000000	90.182	-175.1121
560.000000	90.176	-174.5645
570.000000	90.169	-173.8805
580.000000	90.165	-173.1966
590.000000	90.163	-172.5181
600.000000	90.164	-171.8334
608.000000	90.165	-171.2893
615.000000	90.167	-170.8132
622.000000	90.170	-170.3342
630.000000	90.174	-169.7901
640.000000	90.181	-169.1149
650.000000	90.190	-168.4361
660.000000	90.203	-167.7596
670.000000	90.218	-167.0977
680.000000	90.234	-166.4398
690.000000	90.252	-165.7836
700.000000	90.271	-165.1337
710.000000	90.290	-164.4906
720.000000	90.311	-163.8467
730.000000	90.333	-163.1982
740.000000	90.357	-162.5466
750.000000	90.383	-161.9030
762.000000	90.416	-161.1402
775.000000	90.454	-160.3086
788.000000	90.494	-159.4753
800.000000	90.533	-158.7070
812.000000	90.571	-157.9409
825.000000	90.615	-157.1122
838.000000	90.662	-156.2873
850.000000	90.709	-155.5314
862.000000	90.760	-154.7861
875.000000	90.819	-153.9881
885.000000	90.867	-153.3793
900.000000	90.946	-152.4797
912.000000	91.013	-151.7749
925.000000	91.089	-151.0289
938.000000	91.170	-150.3065
950.000000	91.248	-149.6617
962.000000	91.330	-149.0390
975.000000	91.423	-148.3925
988.000000	91.519	-147.7752
1000.000000	91.609	-147.2329
1015.000000	91.725	-146.5956
1030.000000	91.842	-146.0034
1044.000000	91.955	-145.4956
1060.000000	92.085	-144.9657
1075.000000	92.207	-144.5156
1090.000000	92.330	-144.1149
1106.000000	92.461	-143.7373
1120.000000	92.574	-143.4473
1138.000000	92.717	-143.1297
1150.000000	92.811	-142.9483
1172.000000	92.978	-142.6739
1180.000000	93.038	-142.5919
1206.000000	93.225	-142.3829
1220.000000	93.322	-142.2963
1241.000000	93.464	-142.2041
1250.000000	93.525	-142.1761
1265.000000	93.628	-142.1435
1280.000000	93.729	-142.1250
1315.000000	93.957	-142.1303
1320.000000	93.988	-142.1356
1340.000000	94.111	-142.1629
1360.000000	94.228	-142.2034
1380.000000	94.342	-142.2557
1400.000000	94.452	-142.3179
1430.000000	94.610	-142.4232
1450.000000	94.712	-142.5031
1475.000000	94.836	-142.6129
1500.000000	94.956	-142.7290
1525.000000	95.072	-142.8553
1550.000000	95.185	-142.9933
1575.000000	95.295	-143.1418
1600.000000	95.399	-143.3003
1625.000000	95.496	-143.4697
1650.000000	95.590	-143.6555
1675.000000	95.680	-143.8514
1700.000000	95.768	-144.0576
1725.000000	95.852	-144.2792
1750.000000	95.934	-144.5138
1775.000000	96.013	-144.7616
1800.000000	96.090	-145.0237
1825.000000	96.163	-145.2986
1850.000000	96.233	-145.5840
1875.000000	96.299	-145.8797
1900.000000	96.362	-146.1873
1925.000000	96.421	-146.5051
1950.000000	96.477	-146.8338
1975.000000	96.529	-147.1719
2000.000000	96.577	-147.5171
2030.000000	96.633	-147.9379
2060.000000	96.682	-148.3633
2090.000000	96.726	-148.7944
2120.000000	96.764	-149.2262
2140.000000	96.785	-149.5119
2180.000000	96.818	-150.0771
2200.000000	96.830	-150.3539
2240.000000	96.846	-150.8895
2270.000000	96.850	-151.2672
2300.000000	96.847	-151.6197
2330.000000	96.839	-151.9425
2360.000000	96.824	-152.2295
2400.000000	96.798	-152.5511
2430.000000	96.775	-152.7410
2470.000000	96.741	-152.9240
2500.000000	96.715	-153.0131
2540.000000	96.682	-153.0725
2580.000000	96.649	-153.0744
2620.000000	96.615	-153.0167
2650.000000	96.588	-152.9293
2690.000000	96.552	-152.7397
2720.000000	96.525	-152.5339
2760.000000	96.493	-152.1629
2800.000000	96.469	-151.6737
2850.000000	96.461	-150.9067
2900.000000	96.485	-150.0073
2950.000000	96.551	-149.0450
3000.000000	96.662	-148.1187
3040.000000	96.782	-147.4746
3070.000000	96.888	-147.0813
3110.000000	97.045	-146.7032
3150.000000	97.216	-146.5188
3200.000000	97.436	-146.5798
3250.000000	97.650	-146.9559
3300.000000	97.846	-147.6092
3350.000000	98.014	-148.4821
3400.000000	98.152	-149.5163
3450.000000	98.257	-150.6578
3500.000000	98.329	-151.8616
3550.000000	98.372	-153.0895
3600.000000	98.386	-154.3111
3650.000000	98.373	-155.5025
3700.000000	98.337	-156.6498
3750.000000	98.279	-157.7416
3820.000000	98.165	-159.1520
3870.000000	98.063	-160.0638
3950.000000	97.865	-161.3344
4000.000000	97.721	-161.9979
4060.000000	97.527	-162.6474
4120.000000	97.315	-163.1196
4180.000000	97.088	-163.3923
4250.000000	96.810	-163.4284
4310.000000	96.565	-163.1831
4370.000000	96.317	-162.6421
4440.000000	96.037	-161.5739
4500.000000	95.820	-160.2260
4550.000000	95.671	-158.7622
4620.000000	95.553	-156.2120
4680.000000	95.581	-153.7427
4750.000000	95.802	-151.0880
4820.000000	96.192	-149.5201
4870.000000	96.502	-149.3968
4940.000000	96.861	-150.4959
5000.000000	97.035	-152.1205
5080.000000	97.074	-154.4009
5150.000000	96.976	-156.0490
5220.000000	96.802	-157.1915
5300.000000	96.561	-157.8217
5380.000000	96.317	-157.7813
5450.000000	96.129	-157.3019
5520.000000	95.980	-156.5203
5600.000000	95.863	-155.3889
5700.000000	95.802	-153.7971
5800.000000	95.831	-152.1699
5900.000000	95.946	-150.6410
6000.000000	96.142	-149.3175
6080.000000	96.355	-148.4636
6150.000000	96.581	-147.9038
6220.000000	96.845	-147.5582
6300.000000	97.203	-147.4839
6400.000000	97.734	-147.9883
6500.000000	98.336	-149.3332
6600.000000	98.972	-151.7500
6700.000000	99.598	-155.4636
6800.000000	100.143	-160.6003
6900.000000	100.520	-167.0643
7000.000000	100.648	-174.4407
7100.000000	100.484	177.9498
7200.000000	100.045	170.8185
7300.000000	99.388	164.6913
7400.000000	98.591	159.8495
7500.000000	97.733	156.3307
7620.000000	96.714	153.6013
7750.000000	95.686	151.9564
7880.000000	94.747	151.1320
8000.000000	93.925	150.8044
8120.000000	93.102	150.7689
8250.000000	92.210	151.0272
8380.000000	91.329	151.6235
8500.000000	90.528	152.5460
8620.000000	89.747	153.9100
8750.000000	88.948	155.9263
8850.000000	88.387	157.7737
9000.000000	87.647	160.7281
9120.000000	87.125	163.0680
9250.000000	86.605	165.5322
9380.000000	86.114	168.0089
9500.000000	85.696	170.4574
9620.000000	85.347	172.9476
9750.000000	85.034	175.3466
9880.000000	84.747	177.4563
10000.000000	84.500	179.2444
10150.000000	84.215	-178.7081
10300.000000	83.951	-176.8291
10440.000000	83.720	-175.1850
10600.000000	83.484	-173.4248
10750.000000	83.302	-171.9361
10900.000000	83.159	-170.6787
11060.000000	83.040	-169.6799
11200.000000	82.947	-169.0984
11380.000000	82.818	-168.5791
11500.000000	82.728	-168.2216
11720.000000	82.596	-167.2077
11800.000000	82.578	-166.6302
12060.000000	82.839	-164.0251
12200.000000	83.232	-163.2608
12410.000000	84.023	-163.2464
12500.000000	84.484	-163.6537
12650.000000	85.364	-165.7262
12800.000000	86.231	-169.4281
13150.000000	88.202	178.7559
13200.000000	88.488	176.6752
13400.000000	89.609	167.2397
13600.000000	90.650	156.1581
13800.000000	91.590	143.6689
14000.000000	92.439	129.8606
14300.000000	93.567	106.2518
14500.000000	94.131	87.8933
14750.000000	94.302	61.9539
15000.000000	93.566	34.7108
15250.000000	91.954	9.2783
15500.000000	89.863	-12.7109
15750.000000	87.717	-31.7977
16000.000000	85.775	-49.4896
16250.000000	84.150	-67.2020
16500.000000	82.746	-85.9192
16750.000000	81.457	-106.0790
17000.000000	80.335	-128.3137
17250.000000	79.401	-153.8627
17500.000000	78.520	176.4053
17750.000000	77.517	142.4773
18000.000000	76.238	105.0599
18250.000000	74.670	65.5138
18500.000000	73.355	24.0457
18750.000000	72.339	-22.6047
19000.000000	70.577	-73.1896
19250.000000	68.101	-125.7487
19500.000000	65.478	178.3406
19750.000000	63.387	113.3318
20000.000000	62.171	45.9983
