* Measurement data measured by REW V5.31.3
* Source: USB-C to 3.5mm Headphone Jack Adapter, USB-C to 3.5mm Headphone Jack Adapter, 0, volume: 0.295
* Format: 256k Log Swept Sine, 4 sweeps at -12.0 dBFS with no timing reference
* Dated: Jan 9, 2025 1:28:53 AM
* REW Settings:
*  C-weighting compensation: Off
*  Target level: 75.0 dB
* Note: ; 
* Measurement: NICEHCK NX8 RADIUS R
* Smoothing: 1/24 octave
* Frequency Step: 1/48 octave
* Start Frequency: 20.300 Hz
*
* Freq(Hz)	SPL(dB)	Phase(degrees)
20.299999	100.665	-179.8049
20.600000	100.641	179.8355
20.900000	100.615	179.5402
21.200001	100.598	179.3069
21.400000	100.595	179.1529
21.799999	100.602	178.7637
22.000000	100.608	178.5055
22.400000	100.613	177.8666
22.700001	100.604	177.3288
23.000000	100.585	176.7995
23.299999	100.560	176.3198
23.600000	100.536	175.9037
24.000000	100.514	175.4225
24.299999	100.505	175.0802
24.700001	100.498	174.6067
25.000000	100.490	174.2345
25.400000	100.471	173.7369
25.799999	100.442	173.2646
26.200001	100.411	172.8234
26.500000	100.389	172.5022
26.900000	100.361	172.0710
27.200001	100.341	171.7434
27.600000	100.313	171.3105
28.000000	100.286	170.8943
28.500000	100.255	170.3961
29.000000	100.226	169.8959
29.500000	100.193	169.3788
30.000000	100.154	168.8678
30.400000	100.120	168.4838
30.700001	100.097	168.2124
31.100000	100.070	167.8630
31.500000	100.046	167.5161
32.000000	100.017	167.0819
32.500000	99.983	166.6642
33.000000	99.944	166.2747
33.500000	99.902	165.8966
34.000000	99.859	165.5027
34.500000	99.814	165.0889
35.000000	99.771	164.6783
35.500000	99.735	164.2929
36.000000	99.707	163.9356
36.500000	99.682	163.5996
37.000000	99.655	163.2831
37.500000	99.620	162.9849
38.200001	99.559	162.5783
38.700001	99.511	162.2815
39.500000	99.437	161.7993
40.000000	99.401	161.4942
40.599998	99.365	161.1197
41.200001	99.328	160.7617
41.799999	99.288	160.4579
42.500000	99.243	160.1389
43.099998	99.206	159.8149
43.700001	99.161	159.4370
44.400002	99.095	159.0206
45.000000	99.037	158.7324
45.500000	98.991	158.5245
46.200001	98.933	158.2438
46.799999	98.889	157.9976
47.500000	98.840	157.7010
48.200001	98.790	157.4146
48.700001	98.753	157.2284
49.400002	98.701	156.9762
50.000000	98.657	156.7401
50.799999	98.598	156.3984
51.500000	98.547	156.1104
52.200001	98.498	155.8601
53.000000	98.442	155.6256
53.799999	98.385	155.3799
54.500000	98.327	155.1183
55.200001	98.259	154.8874
56.000000	98.193	154.7132
57.000000	98.138	154.4729
58.000000	98.078	154.2056
59.000000	98.010	154.0075
60.000000	97.935	153.7530
60.799999	97.874	153.4672
61.500000	97.826	153.1404
62.200001	97.779	152.8011
63.000000	97.722	152.5458
64.000000	97.654	152.4865
65.000000	97.586	152.4980
66.000000	97.517	152.4145
67.000000	97.451	152.2357
68.000000	97.386	152.0607
69.000000	97.324	151.9173
70.000000	97.262	151.7453
71.000000	97.194	151.6002
72.000000	97.127	151.4827
73.000000	97.058	151.3283
74.000000	96.992	151.1749
75.000000	96.932	151.0339
76.199997	96.852	150.9167
77.500000	96.772	150.7962
78.800003	96.695	150.6461
80.000000	96.615	150.4611
81.199997	96.530	150.2414
82.500000	96.447	150.1459
83.800003	96.379	150.2390
85.000000	96.323	150.1615
86.199997	96.259	149.9984
87.500000	96.191	149.9395
88.500000	96.140	149.9565
90.000000	96.060	149.9618
91.199997	95.987	149.9050
92.500000	95.906	149.8843
93.800003	95.825	149.8674
95.000000	95.743	149.9037
96.199997	95.666	149.9560
97.500000	95.593	149.9510
98.800003	95.536	149.8253
100.000000	95.490	149.8088
101.500000	95.442	150.0049
103.000000	95.398	150.1294
104.400002	95.344	150.2181
106.000000	95.273	150.4964
107.500000	95.218	150.6339
109.000000	95.175	150.5127
110.599998	95.061	150.3537
112.000000	94.960	150.4122
113.800003	94.914	150.3500
115.000000	94.877	150.3398
117.199997	94.777	150.4075
118.000000	94.737	150.4457
120.599998	94.623	150.5635
122.000000	94.571	150.6668
124.099998	94.487	150.9687
125.000000	94.454	151.0949
126.500000	94.407	151.2484
128.000000	94.367	151.3642
131.500000	94.288	151.5538
132.000000	94.275	151.5792
134.000000	94.219	151.6915
136.000000	94.149	151.7971
138.000000	94.081	151.8166
140.000000	94.018	151.8815
143.000000	93.929	152.0781
145.000000	93.870	152.2330
147.500000	93.788	152.4486
150.000000	93.708	152.6375
152.500000	93.637	152.8294
155.000000	93.567	153.1150
157.500000	93.504	153.4295
160.000000	93.451	153.6933
162.500000	93.401	153.9186
165.000000	93.349	154.1115
167.500000	93.292	154.2893
170.000000	93.234	154.4381
172.500000	93.172	154.5909
175.000000	93.109	154.7477
177.500000	93.047	154.9231
180.000000	92.985	155.1056
182.500000	92.918	155.2975
185.000000	92.851	155.5092
187.500000	92.789	155.7117
190.000000	92.729	155.9053
192.500000	92.667	156.1207
195.000000	92.608	156.3788
197.500000	92.559	156.6335
200.000000	92.511	156.8726
203.000000	92.448	157.2058
206.000000	92.392	157.5529
209.000000	92.348	157.8748
212.000000	92.307	158.1597
214.000000	92.279	158.3293
218.000000	92.219	158.6591
220.000000	92.186	158.8374
224.000000	92.121	159.2303
227.000000	92.075	159.4951
230.000000	92.031	159.7675
233.000000	91.990	160.0408
236.000000	91.949	160.3164
240.000000	91.895	160.6832
243.000000	91.854	160.9641
247.000000	91.802	161.3411
250.000000	91.763	161.6368
254.000000	91.712	162.0070
258.000000	91.665	162.3773
262.000000	91.623	162.7944
265.000000	91.591	163.0507
269.000000	91.549	163.3905
272.000000	91.518	163.6835
276.000000	91.476	164.0776
280.000000	91.436	164.4565
285.000000	91.388	164.8936
290.000000	91.340	165.3307
295.000000	91.296	165.7694
300.000000	91.255	166.1872
304.000000	91.224	166.5145
307.000000	91.200	166.7698
311.000000	91.167	167.1104
315.000000	91.136	167.4457
320.000000	91.099	167.8766
325.000000	91.064	168.3099
330.000000	91.030	168.7328
335.000000	90.997	169.1487
340.000000	90.965	169.5683
345.000000	90.934	169.9830
350.000000	90.904	170.3879
355.000000	90.876	170.7904
360.000000	90.848	171.2006
365.000000	90.822	171.6090
370.000000	90.798	172.0091
375.000000	90.775	172.4071
382.000000	90.742	172.9653
387.000000	90.720	173.3533
395.000000	90.687	173.9822
400.000000	90.666	174.3737
406.000000	90.644	174.8354
412.000000	90.622	175.2911
418.000000	90.601	175.7433
425.000000	90.578	176.2729
431.000000	90.560	176.7251
437.000000	90.542	177.1744
444.000000	90.523	177.6874
450.000000	90.507	178.1277
455.000000	90.494	178.4931
462.000000	90.477	179.0021
468.000000	90.465	179.4437
475.000000	90.450	179.9536
482.000000	90.437	-179.5421
487.000000	90.428	-179.1868
494.000000	90.415	-178.6959
500.000000	90.405	-178.2725
508.000000	90.394	-177.7046
515.000000	90.386	-177.2113
522.000000	90.379	-176.7202
530.000000	90.371	-176.1632
538.000000	90.364	-175.6067
545.000000	90.359	-175.1180
552.000000	90.354	-174.6345
560.000000	90.350	-174.0914
570.000000	90.346	-173.4071
580.000000	90.345	-172.7204
590.000000	90.346	-172.0324
600.000000	90.348	-171.3487
608.000000	90.350	-170.8024
615.000000	90.354	-170.3240
622.000000	90.358	-169.8479
630.000000	90.364	-169.3016
640.000000	90.375	-168.6289
650.000000	90.388	-167.9642
660.000000	90.402	-167.2989
670.000000	90.417	-166.6381
680.000000	90.434	-165.9880
690.000000	90.452	-165.3427
700.000000	90.471	-164.6970
710.000000	90.492	-164.0536
720.000000	90.514	-163.4142
730.000000	90.537	-162.7704
740.000000	90.561	-162.1231
750.000000	90.587	-161.4846
762.000000	90.621	-160.7189
775.000000	90.660	-159.8822
788.000000	90.701	-159.0530
800.000000	90.741	-158.2820
812.000000	90.781	-157.5174
825.000000	90.826	-156.6911
838.000000	90.874	-155.8688
850.000000	90.923	-155.1152
862.000000	90.974	-154.3647
875.000000	91.035	-153.5605
885.000000	91.085	-152.9514
900.000000	91.164	-152.0553
912.000000	91.233	-151.3536
925.000000	91.311	-150.6068
938.000000	91.393	-149.8835
950.000000	91.474	-149.2385
962.000000	91.558	-148.6141
975.000000	91.652	-147.9655
988.000000	91.749	-147.3491
1000.000000	91.841	-146.8072
1015.000000	91.958	-146.1716
1030.000000	92.079	-145.5813
1044.000000	92.193	-145.0733
1060.000000	92.327	-144.5444
1075.000000	92.452	-144.1001
1090.000000	92.577	-143.7047
1106.000000	92.711	-143.3334
1120.000000	92.827	-143.0497
1138.000000	92.973	-142.7371
1150.000000	93.070	-142.5599
1172.000000	93.242	-142.2966
1180.000000	93.303	-142.2208
1206.000000	93.496	-142.0312
1220.000000	93.597	-141.9610
1241.000000	93.744	-141.8935
1250.000000	93.807	-141.8763
1265.000000	93.912	-141.8600
1280.000000	94.016	-141.8604
1315.000000	94.250	-141.9158
1320.000000	94.282	-141.9277
1340.000000	94.407	-141.9838
1360.000000	94.527	-142.0548
1380.000000	94.643	-142.1399
1400.000000	94.755	-142.2365
1430.000000	94.916	-142.3931
1450.000000	95.019	-142.5069
1475.000000	95.144	-142.6615
1500.000000	95.264	-142.8267
1525.000000	95.380	-143.0009
1550.000000	95.492	-143.1843
1575.000000	95.600	-143.3827
1600.000000	95.702	-143.5893
1625.000000	95.798	-143.8044
1650.000000	95.887	-144.0330
1675.000000	95.974	-144.2727
1700.000000	96.057	-144.5214
1725.000000	96.136	-144.7800
1750.000000	96.213	-145.0463
1775.000000	96.286	-145.3226
1800.000000	96.355	-145.6067
1825.000000	96.421	-145.8965
1850.000000	96.484	-146.1909
1875.000000	96.543	-146.4897
1900.000000	96.600	-146.7932
1925.000000	96.654	-147.1039
1950.000000	96.706	-147.4233
1975.000000	96.755	-147.7546
2000.000000	96.801	-148.1001
2030.000000	96.851	-148.5271
2060.000000	96.896	-148.9617
2090.000000	96.933	-149.3955
2120.000000	96.963	-149.8223
2140.000000	96.979	-150.1006
2180.000000	97.002	-150.6397
2200.000000	97.009	-150.8981
2240.000000	97.015	-151.3836
2270.000000	97.013	-151.7163
2300.000000	97.004	-152.0173
2330.000000	96.991	-152.2796
2360.000000	96.973	-152.5002
2400.000000	96.945	-152.7253
2430.000000	96.921	-152.8376
2470.000000	96.889	-152.9121
2500.000000	96.868	-152.9197
2540.000000	96.843	-152.8782
2580.000000	96.822	-152.7883
2620.000000	96.803	-152.6557
2650.000000	96.789	-152.5237
2690.000000	96.770	-152.2895
2720.000000	96.757	-152.0609
2760.000000	96.743	-151.6714
2800.000000	96.739	-151.1782
2850.000000	96.755	-150.4252
2900.000000	96.805	-149.5661
2950.000000	96.897	-148.6790
3000.000000	97.032	-147.8656
3040.000000	97.170	-147.3365
3070.000000	97.287	-147.0405
3110.000000	97.457	-146.8043
3150.000000	97.636	-146.7672
3200.000000	97.862	-147.0083
3250.000000	98.079	-147.5490
3300.000000	98.276	-148.3500
3350.000000	98.446	-149.3582
3400.000000	98.586	-150.5256
3450.000000	98.696	-151.8100
3500.000000	98.775	-153.1716
3550.000000	98.823	-154.5810
3600.000000	98.840	-156.0154
3650.000000	98.829	-157.4555
3700.000000	98.789	-158.8808
3750.000000	98.720	-160.2715
3820.000000	98.578	-162.1204
3870.000000	98.445	-163.3403
3950.000000	98.180	-165.0524
4000.000000	97.985	-165.9366
4060.000000	97.724	-166.7829
4120.000000	97.442	-167.3784
4180.000000	97.144	-167.7072
4250.000000	96.784	-167.7326
4310.000000	96.469	-167.4192
4370.000000	96.154	-166.7604
4440.000000	95.798	-165.4895
4500.000000	95.518	-163.8959
4550.000000	95.321	-162.1779
4620.000000	95.146	-159.1992
4680.000000	95.139	-156.3058
4750.000000	95.341	-153.1524
4820.000000	95.733	-151.1676
4870.000000	96.049	-150.8216
4940.000000	96.413	-151.6919
5000.000000	96.590	-153.1575
5080.000000	96.631	-155.2547
5150.000000	96.533	-156.7694
5220.000000	96.356	-157.8087
5300.000000	96.104	-158.3498
5380.000000	95.843	-158.2223
5450.000000	95.636	-157.6446
5520.000000	95.464	-156.7440
5600.000000	95.321	-155.4518
5700.000000	95.226	-153.6278
5800.000000	95.221	-151.7485
5900.000000	95.301	-149.9548
6000.000000	95.460	-148.3539
6080.000000	95.640	-147.2726
6150.000000	95.835	-146.5101
6220.000000	96.064	-145.9564
6300.000000	96.374	-145.6355
6400.000000	96.830	-145.7923
6500.000000	97.333	-146.6837
6600.000000	97.845	-148.4417
6700.000000	98.328	-151.1531
6800.000000	98.733	-154.8080
6900.000000	99.012	-159.2508
7000.000000	99.125	-164.1696
7100.000000	99.059	-169.1447
7200.000000	98.833	-173.7779
7300.000000	98.485	-177.7975
7400.000000	98.064	178.9357
7500.000000	97.618	176.4152
7620.000000	97.106	174.1677
7750.000000	96.613	172.2681
7880.000000	96.174	170.4973
8000.000000	95.766	168.7436
8120.000000	95.298	166.8159
8250.000000	94.708	164.6200
8380.000000	94.029	162.5352
8500.000000	93.324	160.9610
8620.000000	92.561	159.9553
8750.000000	91.710	159.6710
8850.000000	91.070	160.0001
9000.000000	90.174	161.1223
9120.000000	89.515	162.3456
9250.000000	88.844	163.9010
9380.000000	88.209	165.7396
9500.000000	87.671	167.7970
9620.000000	87.217	170.0271
9750.000000	86.804	172.2650
9880.000000	86.435	174.3289
10000.000000	86.128	176.1541
10150.000000	85.793	178.3262
10300.000000	85.511	-179.6319
10440.000000	85.295	-177.8579
10600.000000	85.108	-176.0417
10750.000000	84.990	-174.6442
10900.000000	84.919	-173.6386
11060.000000	84.876	-173.0153
11200.000000	84.844	-172.8233
11380.000000	84.792	-172.8472
11500.000000	84.757	-172.8475
11720.000000	84.752	-172.4540
11800.000000	84.795	-172.1072
12060.000000	85.351	-170.5957
12200.000000	85.942	-171.0102
12410.000000	87.007	-173.7631
12500.000000	87.553	-175.7613
12650.000000	88.491	179.1270
12800.000000	89.296	172.0621
13150.000000	90.459	152.0468
13200.000000	90.542	148.9993
13400.000000	90.683	136.9274
13600.000000	90.600	125.6493
13800.000000	90.443	115.4312
14000.000000	90.337	106.0035
14300.000000	90.436	92.0991
14500.000000	90.703	81.9255
14750.000000	91.177	66.9854
15000.000000	91.605	48.9124
15250.000000	91.761	27.9802
15500.000000	91.536	5.1371
15750.000000	90.968	-18.6807
16000.000000	90.247	-43.1383
16250.000000	89.590	-68.7128
16500.000000	89.005	-96.3560
16750.000000	88.393	-126.8348
17000.000000	87.648	-160.6629
17250.000000	86.544	162.3037
17500.000000	84.872	123.5070
17750.000000	82.666	84.7366
18000.000000	80.136	47.0214
18250.000000	77.536	10.6341
18500.000000	75.350	-25.8631
18750.000000	73.633	-66.3733
19000.000000	71.554	-110.8553
19250.000000	69.061	-158.6704
19500.000000	66.497	148.4026
19750.000000	64.133	85.8855
20000.000000	62.429	20.1536
