* Measurement data measured by REW V5.31.3
* Source: USB-C to 3.5mm Headphone Jack Adapter, USB-C to 3.5mm Headphone Jack Adapter, 0, volume: 0.295
* Format: 256k Log Swept Sine, 4 sweeps at -12.0 dBFS with no timing reference
* Dated: Jan 9, 2025 1:10:05 AM
* REW Settings:
*  C-weighting compensation: Off
*  Target level: 75.0 dB
* Note: ; 
* Measurement: NICEHCK NX8 07 R
* Smoothing: 1/24 octave
* Frequency Step: 1/48 octave
* Start Frequency: 20.300 Hz
*
* Freq(Hz)	SPL(dB)	Phase(degrees)
20.299999	100.884	-178.0471
20.600000	100.891	-178.4638
20.900000	100.896	-178.8851
21.200001	100.902	-179.2786
21.400000	100.906	-179.5307
21.799999	100.912	179.9631
22.000000	100.913	179.6974
22.400000	100.905	179.1246
22.700001	100.886	178.6613
23.000000	100.858	178.1840
23.299999	100.821	177.7108
23.600000	100.782	177.2565
24.000000	100.735	176.6890
24.299999	100.708	176.2859
24.700001	100.685	175.7626
25.000000	100.675	175.3743
25.400000	100.664	174.8660
25.799999	100.651	174.3804
26.200001	100.633	173.9251
26.500000	100.616	173.6006
26.900000	100.588	173.1804
27.200001	100.564	172.8695
27.600000	100.530	172.4599
28.000000	100.497	172.0603
28.500000	100.461	171.5772
29.000000	100.434	171.0999
29.500000	100.413	170.6105
30.000000	100.391	170.1078
30.400000	100.370	169.7075
30.700001	100.352	169.4147
31.100000	100.326	169.0363
31.500000	100.298	168.6669
32.000000	100.263	168.2049
32.500000	100.223	167.7381
33.000000	100.177	167.2867
33.500000	100.131	166.8800
34.000000	100.091	166.5208
34.500000	100.063	166.1745
35.000000	100.040	165.8046
35.500000	100.015	165.4170
36.000000	99.981	165.0520
36.500000	99.944	164.7325
37.000000	99.910	164.4343
37.500000	99.878	164.1148
38.200001	99.830	163.6177
38.700001	99.790	163.2646
39.500000	99.724	162.7547
40.000000	99.685	162.4631
40.599998	99.641	162.1221
41.200001	99.597	161.7751
41.799999	99.549	161.4236
42.500000	99.488	161.0516
43.099998	99.442	160.7757
43.700001	99.408	160.4836
44.400002	99.372	160.0858
45.000000	99.331	159.7704
45.500000	99.292	159.5675
46.200001	99.239	159.3123
46.799999	99.194	159.0351
47.500000	99.145	158.6483
48.200001	99.111	158.2502
48.700001	99.095	157.9636
49.400002	99.060	157.5955
50.000000	99.008	157.3862
50.799999	98.928	157.2589
51.500000	98.868	157.1165
52.200001	98.817	156.8557
53.000000	98.762	156.5373
53.799999	98.706	156.2699
54.500000	98.645	156.0155
55.200001	98.570	155.7376
56.000000	98.493	155.4699
57.000000	98.446	155.2363
58.000000	98.415	155.0543
59.000000	98.349	154.9078
60.000000	98.280	154.5466
60.799999	98.232	154.0280
61.500000	98.183	153.6726
62.200001	98.134	153.5944
63.000000	98.081	153.7106
64.000000	98.005	153.7513
65.000000	97.931	153.5759
66.000000	97.877	153.2638
67.000000	97.815	153.0054
68.000000	97.741	152.9077
69.000000	97.674	152.8005
70.000000	97.613	152.5672
71.000000	97.548	152.3124
72.000000	97.487	152.1194
73.000000	97.429	151.9684
74.000000	97.366	151.8339
75.000000	97.300	151.6920
76.199997	97.222	151.5239
77.500000	97.143	151.4083
78.800003	97.069	151.3081
80.000000	96.999	151.1860
81.199997	96.927	151.0446
82.500000	96.849	150.9311
83.800003	96.774	150.8677
85.000000	96.707	150.8317
86.199997	96.643	150.7452
87.500000	96.574	150.6152
88.500000	96.521	150.5576
90.000000	96.440	150.5026
91.199997	96.375	150.4507
92.500000	96.305	150.4128
93.800003	96.236	150.3536
95.000000	96.178	150.3190
96.199997	96.109	150.2641
97.500000	96.010	149.9950
98.800003	95.927	149.7775
100.000000	95.902	149.8760
101.500000	95.860	150.0904
103.000000	95.788	150.1615
104.400002	95.726	150.1761
106.000000	95.652	150.2119
107.500000	95.582	150.2138
109.000000	95.516	150.2367
110.599998	95.442	150.2772
112.000000	95.379	150.3226
113.800003	95.308	150.3529
115.000000	95.263	150.3758
117.199997	95.173	150.4476
118.000000	95.139	150.4760
120.599998	95.037	150.5686
122.000000	94.981	150.6369
124.099998	94.898	150.7402
125.000000	94.865	150.7802
126.500000	94.814	150.8383
128.000000	94.762	150.9006
131.500000	94.649	151.0214
132.000000	94.634	151.0516
134.000000	94.571	151.2161
136.000000	94.498	151.3484
138.000000	94.424	151.5054
140.000000	94.357	151.6852
143.000000	94.269	151.8951
145.000000	94.207	152.0703
147.500000	94.103	152.4763
150.000000	94.042	152.5079
152.500000	93.993	152.5124
155.000000	93.927	152.6746
157.500000	93.860	152.8997
160.000000	93.790	153.1354
162.500000	93.719	153.3361
165.000000	93.647	153.5037
167.500000	93.574	153.7256
170.000000	93.503	153.9310
172.500000	93.439	154.1254
175.000000	93.378	154.3689
177.500000	93.315	154.6377
180.000000	93.252	154.8794
182.500000	93.190	155.1030
185.000000	93.131	155.3375
187.500000	93.077	155.5675
190.000000	93.022	155.8148
192.500000	92.962	156.0909
195.000000	92.904	156.3391
197.500000	92.858	156.5545
200.000000	92.817	156.7667
203.000000	92.759	157.0151
206.000000	92.696	157.2662
209.000000	92.643	157.5575
212.000000	92.594	157.8637
214.000000	92.562	158.0538
218.000000	92.498	158.4182
220.000000	92.465	158.6115
224.000000	92.403	158.9842
227.000000	92.357	159.2444
230.000000	92.313	159.5343
233.000000	92.270	159.8314
236.000000	92.227	160.1071
240.000000	92.169	160.4946
243.000000	92.126	160.7587
247.000000	92.069	161.0682
250.000000	92.029	161.4088
254.000000	91.977	161.8719
258.000000	91.927	162.3186
262.000000	91.889	162.7469
265.000000	91.861	163.0474
269.000000	91.822	163.4390
272.000000	91.797	163.7271
276.000000	91.765	164.0740
280.000000	91.730	164.4064
285.000000	91.686	164.8328
290.000000	91.645	165.2542
295.000000	91.606	165.6924
300.000000	91.558	166.0944
304.000000	91.517	166.4043
307.000000	91.488	166.6578
311.000000	91.452	166.9952
315.000000	91.419	167.3202
320.000000	91.382	167.7403
325.000000	91.348	168.1779
330.000000	91.312	168.6137
335.000000	91.277	169.0375
340.000000	91.247	169.4747
345.000000	91.216	169.8853
350.000000	91.187	170.3090
355.000000	91.159	170.7350
360.000000	91.131	171.1510
365.000000	91.106	171.5645
370.000000	91.083	171.9671
375.000000	91.060	172.3619
382.000000	91.032	172.9112
387.000000	91.013	173.3087
395.000000	90.983	173.9253
400.000000	90.963	174.3056
406.000000	90.942	174.7624
412.000000	90.922	175.2103
418.000000	90.903	175.6567
425.000000	90.881	176.1739
431.000000	90.864	176.6041
437.000000	90.847	177.0343
444.000000	90.826	177.5305
450.000000	90.810	177.9580
455.000000	90.798	178.3142
462.000000	90.780	178.8057
468.000000	90.766	179.2238
475.000000	90.751	179.7140
482.000000	90.735	-179.7951
487.000000	90.725	-179.4457
494.000000	90.711	-178.9605
500.000000	90.700	-178.5486
508.000000	90.687	-177.9933
515.000000	90.677	-177.5055
522.000000	90.667	-177.0206
530.000000	90.658	-176.4733
538.000000	90.650	-175.9300
545.000000	90.643	-175.4556
552.000000	90.637	-174.9794
560.000000	90.630	-174.4381
570.000000	90.623	-173.7586
580.000000	90.619	-173.0810
590.000000	90.616	-172.4002
600.000000	90.614	-171.7266
608.000000	90.613	-171.1920
615.000000	90.614	-170.7208
622.000000	90.616	-170.2476
630.000000	90.620	-169.7068
640.000000	90.626	-169.0263
650.000000	90.633	-168.3477
660.000000	90.642	-167.6758
670.000000	90.653	-167.0046
680.000000	90.667	-166.3288
690.000000	90.681	-165.6591
700.000000	90.697	-164.9955
710.000000	90.716	-164.3314
720.000000	90.736	-163.6671
730.000000	90.757	-163.0036
740.000000	90.780	-162.3415
750.000000	90.805	-161.6800
762.000000	90.837	-160.8842
775.000000	90.876	-160.0291
788.000000	90.916	-159.1745
800.000000	90.955	-158.3859
812.000000	90.994	-157.5997
825.000000	91.037	-156.7472
838.000000	91.085	-155.9036
850.000000	91.133	-155.1317
862.000000	91.185	-154.3634
875.000000	91.246	-153.5397
885.000000	91.296	-152.9119
900.000000	91.377	-151.9890
912.000000	91.445	-151.2656
925.000000	91.523	-150.5027
938.000000	91.606	-149.7631
950.000000	91.687	-149.0978
962.000000	91.771	-148.4567
975.000000	91.866	-147.7956
988.000000	91.964	-147.1611
1000.000000	92.058	-146.6014
1015.000000	92.177	-145.9462
1030.000000	92.300	-145.3420
1044.000000	92.416	-144.8231
1060.000000	92.551	-144.2796
1075.000000	92.678	-143.8227
1090.000000	92.805	-143.4151
1106.000000	92.941	-143.0326
1120.000000	93.058	-142.7422
1138.000000	93.207	-142.4204
1150.000000	93.305	-142.2379
1172.000000	93.480	-141.9661
1180.000000	93.542	-141.8863
1206.000000	93.738	-141.6852
1220.000000	93.840	-141.6113
1241.000000	93.988	-141.5377
1250.000000	94.052	-141.5164
1265.000000	94.158	-141.4948
1280.000000	94.264	-141.4905
1315.000000	94.500	-141.5304
1320.000000	94.533	-141.5411
1340.000000	94.660	-141.5950
1360.000000	94.782	-141.6612
1380.000000	94.900	-141.7379
1400.000000	95.013	-141.8235
1430.000000	95.176	-141.9706
1450.000000	95.281	-142.0764
1475.000000	95.407	-142.2176
1500.000000	95.531	-142.3721
1525.000000	95.649	-142.5366
1550.000000	95.765	-142.7097
1575.000000	95.876	-142.8933
1600.000000	95.982	-143.0895
1625.000000	96.081	-143.2970
1650.000000	96.175	-143.5151
1675.000000	96.266	-143.7442
1700.000000	96.354	-143.9877
1725.000000	96.439	-144.2423
1750.000000	96.521	-144.5100
1775.000000	96.600	-144.7914
1800.000000	96.675	-145.0844
1825.000000	96.747	-145.3876
1850.000000	96.816	-145.7028
1875.000000	96.881	-146.0292
1900.000000	96.942	-146.3632
1925.000000	97.000	-146.7066
1950.000000	97.054	-147.0585
1975.000000	97.104	-147.4167
2000.000000	97.151	-147.7803
2030.000000	97.205	-148.2223
2060.000000	97.253	-148.6696
2090.000000	97.294	-149.1200
2120.000000	97.329	-149.5684
2140.000000	97.350	-149.8648
2180.000000	97.382	-150.4496
2200.000000	97.393	-150.7341
2240.000000	97.408	-151.2838
2270.000000	97.411	-151.6761
2300.000000	97.408	-152.0443
2330.000000	97.399	-152.3849
2360.000000	97.385	-152.6924
2400.000000	97.360	-153.0397
2430.000000	97.336	-153.2505
2470.000000	97.302	-153.4649
2500.000000	97.275	-153.5772
2540.000000	97.242	-153.6698
2580.000000	97.209	-153.7082
2620.000000	97.176	-153.6958
2650.000000	97.149	-153.6456
2690.000000	97.112	-153.5126
2720.000000	97.084	-153.3550
2760.000000	97.048	-153.0551
2800.000000	97.019	-152.6439
2850.000000	96.998	-151.9748
2900.000000	97.004	-151.1505
2950.000000	97.047	-150.2274
3000.000000	97.133	-149.2849
3040.000000	97.235	-148.5868
3070.000000	97.330	-148.1314
3110.000000	97.477	-147.6502
3150.000000	97.642	-147.3481
3200.000000	97.863	-147.2578
3250.000000	98.087	-147.4982
3300.000000	98.298	-148.0493
3350.000000	98.487	-148.8681
3400.000000	98.646	-149.8994
3450.000000	98.772	-151.0826
3500.000000	98.862	-152.3583
3550.000000	98.918	-153.6754
3600.000000	98.942	-154.9925
3650.000000	98.939	-156.2803
3700.000000	98.913	-157.5268
3750.000000	98.866	-158.7320
3820.000000	98.767	-160.3611
3870.000000	98.671	-161.4755
3950.000000	98.472	-163.1165
4000.000000	98.318	-164.0193
4060.000000	98.105	-164.9451
4120.000000	97.866	-165.6737
4180.000000	97.608	-166.1794
4250.000000	97.287	-166.4556
4310.000000	97.001	-166.3909
4370.000000	96.710	-166.0077
4440.000000	96.376	-165.1026
4500.000000	96.106	-163.8786
4550.000000	95.908	-162.5088
4620.000000	95.708	-160.0477
4680.000000	95.650	-157.5486
4750.000000	95.765	-154.6256
4820.000000	96.071	-152.5012
4870.000000	96.350	-151.8869
4940.000000	96.706	-152.3593
5000.000000	96.900	-153.5996
5080.000000	96.975	-155.5806
5150.000000	96.906	-157.1154
5220.000000	96.755	-158.2644
5300.000000	96.524	-159.0202
5380.000000	96.270	-159.1644
5450.000000	96.057	-158.8390
5520.000000	95.870	-158.1789
5600.000000	95.699	-157.1299
5700.000000	95.559	-155.5570
5800.000000	95.501	-153.8584
5900.000000	95.524	-152.1727
6000.000000	95.624	-150.6195
6080.000000	95.756	-149.5399
6150.000000	95.908	-148.7628
6220.000000	96.093	-148.1798
6300.000000	96.349	-147.7978
6400.000000	96.731	-147.8297
6500.000000	97.151	-148.5160
6600.000000	97.577	-149.9309
6700.000000	97.977	-152.1243
6800.000000	98.316	-155.0829
6900.000000	98.556	-158.7004
7000.000000	98.665	-162.7571
7100.000000	98.629	-166.9423
7200.000000	98.455	-170.9353
7300.000000	98.165	-174.4739
7400.000000	97.797	-177.3827
7500.000000	97.396	-179.6153
7620.000000	96.922	178.4667
7750.000000	96.456	176.9998
7880.000000	96.039	175.8108
8000.000000	95.664	174.7558
8120.000000	95.253	173.6656
8250.000000	94.771	172.4455
8380.000000	94.254	171.2546
8500.000000	93.743	170.3019
8620.000000	93.204	169.6250
8750.000000	92.610	169.3071
8850.000000	92.164	169.3315
9000.000000	91.528	169.6382
9120.000000	91.045	170.0007
9250.000000	90.532	170.5009
9380.000000	90.024	171.2015
9500.000000	89.573	172.1329
9620.000000	89.170	173.2694
9750.000000	88.788	174.4785
9880.000000	88.443	175.6078
10000.000000	88.154	176.6005
10150.000000	87.831	177.7514
10300.000000	87.545	178.7743
10440.000000	87.308	179.6310
10600.000000	87.075	-179.4997
10750.000000	86.903	-178.8474
10900.000000	86.772	-178.4510
11060.000000	86.661	-178.4023
11200.000000	86.567	-178.6539
11380.000000	86.434	-179.1422
11500.000000	86.347	-179.3715
11720.000000	86.254	-179.2882
11800.000000	86.267	-179.0571
12060.000000	86.693	-177.9643
12200.000000	87.203	-178.3412
12410.000000	88.180	179.2210
12500.000000	88.707	177.4731
12650.000000	89.672	172.8086
12800.000000	90.561	165.8781
13150.000000	91.943	144.8064
13200.000000	92.053	141.4618
13400.000000	92.263	127.8631
13600.000000	92.162	114.7066
13800.000000	91.895	102.5366
14000.000000	91.602	91.2264
14300.000000	91.287	74.7357
14500.000000	91.174	63.1158
14750.000000	91.037	47.0577
15000.000000	90.741	29.1447
15250.000000	90.146	10.0259
15500.000000	89.259	-9.3873
15750.000000	88.201	-28.6973
16000.000000	87.143	-48.1078
16250.000000	86.235	-68.1750
16500.000000	85.459	-89.5294
16750.000000	84.791	-112.6288
17000.000000	84.326	-138.2813
17250.000000	84.069	-167.9015
17500.000000	83.797	157.6602
17750.000000	83.197	118.6932
18000.000000	82.025	76.6127
18250.000000	80.267	33.4726
18500.000000	78.412	-10.3684
18750.000000	76.682	-57.5923
19000.000000	74.352	-107.6724
19250.000000	71.461	-159.7775
19500.000000	68.473	144.1895
19750.000000	65.851	79.1322
20000.000000	64.091	10.6726
