* Measurement data measured by REW V5.31.3
* Source: USB-C to 3.5mm Headphone Jack Adapter, USB-C to 3.5mm Headphone Jack Adapter, 0, volume: 0.295
* Format: 256k Log Swept Sine, 4 sweeps at -12.0 dBFS with no timing reference
* Dated: May 4, 2025 11:25:49 PM
* REW Settings:
*  C-weighting compensation: Off
*  Target level: 75.0 dB
* Note: ; 
* Measurement: Nightjar Singularity VelvetW R
* Smoothing: 1/24 octave
* Frequency Step: 1/48 octave
* Start Frequency: 20.300 Hz
*
* Freq(Hz)	SPL(dB)	Phase(degrees)
20.299999	107.315	175.6997
20.600000	107.297	175.2441
20.900000	107.274	174.7543
21.200001	107.252	174.2620
21.400000	107.239	173.9315
21.799999	107.216	173.2642
22.000000	107.206	172.9293
22.400000	107.187	172.2650
22.700001	107.173	171.7780
23.000000	107.159	171.3043
23.299999	107.143	170.8446
23.600000	107.125	170.3975
24.000000	107.098	169.8171
24.299999	107.076	169.3905
24.700001	107.045	168.8298
25.000000	107.021	168.4130
25.400000	106.989	167.8605
25.799999	106.957	167.3119
26.200001	106.925	166.7719
26.500000	106.900	166.3771
26.900000	106.866	165.8700
27.200001	106.840	165.5053
27.600000	106.805	165.0369
28.000000	106.771	164.5812
28.500000	106.728	164.0169
29.000000	106.686	163.4517
29.500000	106.644	162.8883
30.000000	106.602	162.3336
30.400000	106.569	161.8999
30.700001	106.543	161.5821
31.100000	106.509	161.1698
31.500000	106.474	160.7713
32.000000	106.431	160.2908
32.500000	106.387	159.8255
33.000000	106.343	159.3696
33.500000	106.299	158.9207
34.000000	106.255	158.4795
34.500000	106.210	158.0485
35.000000	106.165	157.6303
35.500000	106.119	157.2258
36.000000	106.071	156.8321
36.500000	106.021	156.4412
37.000000	105.971	156.0435
37.500000	105.921	155.6337
38.200001	105.857	155.0452
38.700001	105.816	154.6285
39.500000	105.752	154.0096
40.000000	105.709	153.6731
40.599998	105.652	153.3165
41.200001	105.591	152.9727
41.799999	105.529	152.6010
42.500000	105.460	152.1300
43.099998	105.405	151.7274
43.700001	105.353	151.3492
44.400002	105.291	150.9473
45.000000	105.235	150.6283
45.500000	105.187	150.3624
46.200001	105.119	149.9706
46.799999	105.061	149.6364
47.500000	104.997	149.2678
48.200001	104.937	148.8650
48.700001	104.888	148.5402
49.400002	104.806	148.1190
50.000000	104.738	147.8671
50.799999	104.674	147.6134
51.500000	104.630	147.3388
52.200001	104.572	147.0371
53.000000	104.495	146.7370
53.799999	104.422	146.4385
54.500000	104.361	146.1570
55.200001	104.299	145.8912
56.000000	104.230	145.6130
57.000000	104.143	145.2772
58.000000	104.060	144.9593
59.000000	103.981	144.6518
60.000000	103.900	144.3513
60.799999	103.836	144.1118
61.500000	103.780	143.9013
62.200001	103.726	143.6971
63.000000	103.665	143.4713
64.000000	103.589	143.1829
65.000000	103.511	142.8981
66.000000	103.433	142.6286
67.000000	103.355	142.3561
68.000000	103.278	142.0868
69.000000	103.201	141.8258
70.000000	103.125	141.5732
71.000000	103.048	141.3368
72.000000	102.972	141.1078
73.000000	102.894	140.8787
74.000000	102.815	140.6588
75.000000	102.739	140.4596
76.199997	102.649	140.2421
77.500000	102.552	140.0067
78.800003	102.455	139.7673
80.000000	102.369	139.5636
81.199997	102.282	139.3815
82.500000	102.187	139.1834
83.800003	102.093	139.0061
85.000000	102.009	138.8571
86.199997	101.926	138.7068
87.500000	101.835	138.5467
88.500000	101.767	138.4319
90.000000	101.667	138.2744
91.199997	101.586	138.1613
92.500000	101.500	138.0449
93.800003	101.413	137.9234
95.000000	101.335	137.8101
96.199997	101.259	137.7110
97.500000	101.175	137.6082
98.800003	101.093	137.4819
100.000000	101.017	137.3814
101.500000	100.923	137.3224
103.000000	100.830	137.2628
104.400002	100.745	137.1984
106.000000	100.647	137.1256
107.500000	100.557	137.0644
109.000000	100.465	137.0233
110.599998	100.367	136.9876
112.000000	100.284	136.9650
113.800003	100.175	136.9638
115.000000	100.102	136.9834
117.199997	99.974	137.0908
118.000000	99.928	137.1487
120.599998	99.793	137.4047
122.000000	99.736	137.5600
124.099998	99.668	137.7479
125.000000	99.639	137.7490
126.500000	99.590	137.7250
128.000000	99.543	137.6158
131.500000	99.403	137.2999
132.000000	99.385	137.2695
134.000000	99.302	137.2676
136.000000	99.197	137.3961
138.000000	99.085	137.4229
140.000000	98.987	137.2085
143.000000	98.887	137.3071
145.000000	98.801	137.4590
147.500000	98.672	137.5558
150.000000	98.570	137.6958
152.500000	98.482	137.8130
155.000000	98.380	137.8318
157.500000	98.284	137.9087
160.000000	98.188	138.0466
162.500000	98.086	138.1759
165.000000	97.985	138.3306
167.500000	97.889	138.4996
170.000000	97.802	138.7348
172.500000	97.704	138.8381
175.000000	97.613	138.9583
177.500000	97.544	139.1940
180.000000	97.457	139.2145
182.500000	97.362	139.3682
185.000000	97.274	139.5591
187.500000	97.187	139.6944
190.000000	97.097	139.8299
192.500000	97.010	139.9646
195.000000	96.924	140.1046
197.500000	96.837	140.2688
200.000000	96.748	140.4340
203.000000	96.657	140.6454
206.000000	96.570	140.8590
209.000000	96.476	141.0860
212.000000	96.384	141.3352
214.000000	96.332	141.4962
218.000000	96.243	141.8691
220.000000	96.200	142.0836
224.000000	96.102	142.5140
227.000000	96.015	142.8247
230.000000	95.931	143.0966
233.000000	95.861	143.3055
236.000000	95.798	143.5507
240.000000	95.708	143.9396
243.000000	95.639	144.1564
247.000000	95.550	144.5124
250.000000	95.482	144.7550
254.000000	95.396	145.0630
258.000000	95.310	145.4128
262.000000	95.224	145.7491
265.000000	95.159	145.9913
269.000000	95.073	146.3554
272.000000	95.013	146.6425
276.000000	94.937	146.9865
280.000000	94.858	147.3240
285.000000	94.759	147.7756
290.000000	94.665	148.2356
295.000000	94.574	148.6801
300.000000	94.483	149.1590
304.000000	94.414	149.5035
307.000000	94.359	149.7638
311.000000	94.287	150.1577
315.000000	94.221	150.5587
320.000000	94.141	151.0388
325.000000	94.062	151.4682
330.000000	93.991	151.8573
335.000000	93.923	152.3054
340.000000	93.849	152.8203
345.000000	93.772	153.3358
350.000000	93.693	153.7904
355.000000	93.624	154.2674
360.000000	93.557	154.7684
365.000000	93.490	155.2583
370.000000	93.425	155.7583
375.000000	93.361	156.2464
382.000000	93.271	156.9368
387.000000	93.212	157.4598
395.000000	93.124	158.2545
400.000000	93.069	158.7578
406.000000	93.005	159.3800
412.000000	92.946	160.0239
418.000000	92.888	160.6673
425.000000	92.821	161.3689
431.000000	92.768	161.9636
437.000000	92.719	162.5610
444.000000	92.670	163.2788
450.000000	92.632	163.9072
455.000000	92.601	164.4282
462.000000	92.560	165.1428
468.000000	92.528	165.7432
475.000000	92.493	166.4269
482.000000	92.458	167.0786
487.000000	92.434	167.5321
494.000000	92.403	168.1512
500.000000	92.378	168.6738
508.000000	92.346	169.3533
515.000000	92.317	169.9352
522.000000	92.289	170.5063
530.000000	92.256	171.1544
538.000000	92.221	171.7958
545.000000	92.190	172.3669
552.000000	92.160	172.9380
560.000000	92.129	173.5810
570.000000	92.090	174.3868
580.000000	92.052	175.1977
590.000000	92.014	176.0189
600.000000	91.979	176.8553
608.000000	91.952	177.5248
615.000000	91.930	178.1118
622.000000	91.909	178.7003
630.000000	91.887	179.3714
640.000000	91.861	-179.7948
650.000000	91.838	-178.9559
660.000000	91.817	-178.1108
670.000000	91.798	-177.2615
680.000000	91.780	-176.4068
690.000000	91.765	-175.5541
700.000000	91.752	-174.7010
710.000000	91.743	-173.8419
720.000000	91.737	-172.9778
730.000000	91.732	-172.1091
740.000000	91.729	-171.2387
750.000000	91.730	-170.3706
762.000000	91.735	-169.3354
775.000000	91.746	-168.2086
788.000000	91.759	-167.0692
800.000000	91.774	-166.0164
812.000000	91.791	-164.9773
825.000000	91.812	-163.8584
838.000000	91.838	-162.7342
850.000000	91.866	-161.6972
862.000000	91.901	-160.6689
875.000000	91.944	-159.5681
885.000000	91.980	-158.7354
900.000000	92.039	-157.4915
912.000000	92.092	-156.4946
925.000000	92.158	-155.4293
938.000000	92.230	-154.3966
950.000000	92.299	-153.4719
962.000000	92.372	-152.5634
975.000000	92.457	-151.5992
988.000000	92.545	-150.6559
1000.000000	92.632	-149.8037
1015.000000	92.746	-148.7743
1030.000000	92.867	-147.7936
1044.000000	92.985	-146.9188
1060.000000	93.125	-145.9724
1075.000000	93.262	-145.1439
1090.000000	93.403	-144.3681
1106.000000	93.558	-143.6021
1120.000000	93.697	-142.9979
1138.000000	93.878	-142.3089
1150.000000	93.999	-141.8983
1172.000000	94.221	-141.2728
1180.000000	94.302	-141.0850
1206.000000	94.555	-140.6111
1220.000000	94.686	-140.4260
1241.000000	94.875	-140.2364
1250.000000	94.954	-140.1829
1265.000000	95.084	-140.1233
1280.000000	95.208	-140.0912
1315.000000	95.472	-140.0854
1320.000000	95.507	-140.0867
1340.000000	95.641	-140.0904
1360.000000	95.764	-140.0937
1380.000000	95.881	-140.0941
1400.000000	95.991	-140.0801
1430.000000	96.148	-140.0338
1450.000000	96.248	-139.9825
1475.000000	96.369	-139.8986
1500.000000	96.487	-139.7969
1525.000000	96.605	-139.6840
1550.000000	96.722	-139.5577
1575.000000	96.838	-139.4286
1600.000000	96.952	-139.2977
1625.000000	97.064	-139.1721
1650.000000	97.174	-139.0539
1675.000000	97.284	-138.9388
1700.000000	97.395	-138.8351
1725.000000	97.508	-138.7480
1750.000000	97.621	-138.6780
1775.000000	97.734	-138.6263
1800.000000	97.849	-138.5952
1825.000000	97.963	-138.5863
1850.000000	98.078	-138.6009
1875.000000	98.193	-138.6403
1900.000000	98.308	-138.7047
1925.000000	98.422	-138.7967
1950.000000	98.535	-138.9170
1975.000000	98.648	-139.0655
2000.000000	98.760	-139.2419
2030.000000	98.895	-139.4910
2060.000000	99.028	-139.7811
2090.000000	99.157	-140.1122
2120.000000	99.283	-140.4844
2140.000000	99.364	-140.7542
2180.000000	99.521	-141.3442
2200.000000	99.596	-141.6643
2240.000000	99.739	-142.3501
2270.000000	99.839	-142.9019
2300.000000	99.932	-143.4835
2330.000000	100.019	-144.0919
2360.000000	100.098	-144.7217
2400.000000	100.193	-145.5905
2430.000000	100.255	-146.2585
2470.000000	100.326	-147.1647
2500.000000	100.372	-147.8521
2540.000000	100.422	-148.7696
2580.000000	100.459	-149.6801
2620.000000	100.484	-150.5751
2650.000000	100.494	-151.2325
2690.000000	100.498	-152.0844
2720.000000	100.493	-152.7001
2760.000000	100.478	-153.4852
2800.000000	100.453	-154.2263
2850.000000	100.410	-155.0849
2900.000000	100.356	-155.8611
2950.000000	100.294	-156.5547
3000.000000	100.224	-157.1611
3040.000000	100.164	-157.5862
3070.000000	100.118	-157.8698
3110.000000	100.054	-158.2017
3150.000000	99.990	-158.4828
3200.000000	99.911	-158.7657
3250.000000	99.832	-158.9775
3300.000000	99.755	-159.1251
3350.000000	99.681	-159.2128
3400.000000	99.610	-159.2462
3450.000000	99.544	-159.2311
3500.000000	99.482	-159.1747
3550.000000	99.425	-159.0839
3600.000000	99.374	-158.9651
3650.000000	99.327	-158.8237
3700.000000	99.286	-158.6665
3750.000000	99.250	-158.4993
3820.000000	99.206	-158.2587
3870.000000	99.178	-158.0856
3950.000000	99.131	-157.7564
4000.000000	99.105	-157.4311
4060.000000	99.108	-156.9542
4120.000000	99.146	-156.7020
4180.000000	99.177	-156.7022
4250.000000	99.196	-156.7903
4310.000000	99.207	-156.8878
4370.000000	99.217	-157.0175
4440.000000	99.229	-157.2283
4500.000000	99.237	-157.4689
4550.000000	99.242	-157.7133
4620.000000	99.243	-158.1211
4680.000000	99.237	-158.5295
4750.000000	99.221	-159.0708
4820.000000	99.192	-159.6717
4870.000000	99.162	-160.1285
4940.000000	99.107	-160.7952
5000.000000	99.047	-161.3799
5080.000000	98.947	-162.1521
5150.000000	98.841	-162.7934
5220.000000	98.717	-163.3768
5300.000000	98.558	-163.9443
5380.000000	98.383	-164.3749
5450.000000	98.221	-164.6225
5520.000000	98.056	-164.7428
5600.000000	97.868	-164.7278
5700.000000	97.642	-164.4999
5800.000000	97.431	-164.0682
5900.000000	97.239	-163.4565
6000.000000	97.074	-162.6832
6080.000000	96.964	-161.9644
6150.000000	96.887	-161.2789
6220.000000	96.832	-160.5555
6300.000000	96.806	-159.7017
6400.000000	96.837	-158.6272
6500.000000	96.929	-157.5878
6600.000000	97.073	-156.6337
6700.000000	97.271	-155.8212
6800.000000	97.526	-155.2162
6900.000000	97.841	-154.8967
7000.000000	98.219	-154.9587
7100.000000	98.661	-155.5388
7200.000000	99.165	-156.8263
7300.000000	99.715	-159.0495
7400.000000	100.277	-162.4367
7500.000000	100.800	-167.1740
7620.000000	101.268	-174.7042
7750.000000	101.420	175.3091
7880.000000	101.075	164.6181
8000.000000	100.299	155.4653
8120.000000	99.165	147.9555
8250.000000	97.710	142.0903
8380.000000	96.189	138.4516
8500.000000	94.818	136.7112
8620.000000	93.520	136.1633
8750.000000	92.213	136.5714
8850.000000	91.281	137.4210
9000.000000	89.998	139.3309
9120.000000	89.065	141.2605
9250.000000	88.141	143.6398
9380.000000	87.299	146.2450
9500.000000	86.588	148.8036
9620.000000	85.936	151.4800
9750.000000	85.294	154.4870
9880.000000	84.716	157.5928
10000.000000	84.239	160.5325
10150.000000	83.720	164.2854
10300.000000	83.288	168.1159
10440.000000	82.966	171.7560
10600.000000	82.703	176.0109
10750.000000	82.585	-179.9360
10900.000000	82.624	-176.1451
11060.000000	82.813	-172.9113
11200.000000	83.049	-170.8373
11380.000000	83.408	-169.0654
11500.000000	83.669	-168.3918
11720.000000	84.183	-168.0388
11800.000000	84.382	-168.1453
12060.000000	85.100	-169.2791
12200.000000	85.550	-170.4446
12410.000000	86.342	-173.1469
12500.000000	86.732	-174.7498
12650.000000	87.447	-178.1700
12800.000000	88.226	177.2865
13150.000000	90.063	161.1323
13200.000000	90.294	158.1240
13400.000000	91.026	144.5028
13600.000000	91.345	129.1200
13800.000000	91.214	113.3177
14000.000000	90.732	98.2500
14300.000000	89.749	77.8751
14500.000000	89.149	65.1633
14750.000000	88.572	48.9337
15000.000000	88.150	31.0117
15250.000000	87.709	10.4409
15500.000000	86.987	-12.7057
15750.000000	85.775	-37.1721
16000.000000	84.093	-61.2320
16250.000000	82.181	-83.7842
16500.000000	80.240	-104.7157
16750.000000	78.382	-124.6074
17000.000000	76.669	-144.2501
17250.000000	75.108	-164.3551
17500.000000	73.674	174.4875
17750.000000	72.321	151.6311
18000.000000	71.015	126.5115
18250.000000	69.715	98.6802
18500.000000	68.366	67.6993
18750.000000	66.924	32.8669
19000.000000	65.364	-6.6663
19250.000000	63.653	-51.8210
19500.000000	61.755	-104.0104
19750.000000	59.721	-166.5598
20000.000000	58.197	129.0980
