* Measurement data measured by REW V5.31.3
* Source: USB-C to 3.5mm Headphone Jack Adapter, USB-C to 3.5mm Headphone Jack Adapter, 0, volume: 0.295
* Format: 256k Log Swept Sine, 4 sweeps at -12.0 dBFS with no timing reference
* Dated: May 4, 2025 11:07:37 PM
* REW Settings:
*  C-weighting compensation: Off
*  Target level: 75.0 dB
* Note: ; 
* Measurement: Nightjar Singularity Coreir R
* Smoothing: 1/24 octave
* Frequency Step: 1/48 octave
* Start Frequency: 20.300 Hz
*
* Freq(Hz)	SPL(dB)	Phase(degrees)
20.299999	107.477	176.0816
20.600000	107.461	175.6359
20.900000	107.441	175.1612
21.200001	107.420	174.6887
21.400000	107.407	174.3730
21.799999	107.385	173.7351
22.000000	107.374	173.4126
22.400000	107.354	172.7659
22.700001	107.338	172.2870
23.000000	107.321	171.8206
23.299999	107.303	171.3712
23.600000	107.284	170.9399
24.000000	107.258	170.3887
24.299999	107.240	169.9870
24.700001	107.217	169.4576
25.000000	107.199	169.0618
25.400000	107.174	168.5370
25.799999	107.146	168.0224
26.200001	107.115	167.5260
26.500000	107.092	167.1674
26.900000	107.059	166.7035
27.200001	107.036	166.3611
27.600000	107.005	165.9041
28.000000	106.976	165.4416
28.500000	106.940	164.8585
29.000000	106.904	164.2827
29.500000	106.867	163.7297
30.000000	106.828	163.2087
30.400000	106.796	162.8152
30.700001	106.772	162.5311
31.100000	106.740	162.1615
31.500000	106.708	161.7958
32.000000	106.669	161.3358
32.500000	106.629	160.8716
33.000000	106.587	160.4110
33.500000	106.544	159.9625
34.000000	106.500	159.5276
34.500000	106.457	159.1003
35.000000	106.414	158.6754
35.500000	106.371	158.2546
36.000000	106.327	157.8446
36.500000	106.283	157.4489
37.000000	106.240	157.0632
37.500000	106.197	156.6790
38.200001	106.137	156.1387
38.700001	106.094	155.7582
39.500000	106.025	155.1765
40.000000	105.982	154.8323
40.599998	105.929	154.4365
41.200001	105.876	154.0535
41.799999	105.825	153.6723
42.500000	105.768	153.2238
43.099998	105.716	152.8515
43.700001	105.662	152.5044
44.400002	105.599	152.1156
45.000000	105.546	151.7724
45.500000	105.503	151.4813
46.200001	105.444	151.0927
46.799999	105.392	150.7892
47.500000	105.324	150.4622
48.200001	105.246	150.1566
48.700001	105.191	149.9404
49.400002	105.126	149.6058
50.000000	105.083	149.2735
50.799999	105.033	148.8174
51.500000	104.985	148.4707
52.200001	104.932	148.1736
53.000000	104.864	147.8412
53.799999	104.795	147.4950
54.500000	104.735	147.2015
55.200001	104.678	146.9314
56.000000	104.612	146.6342
57.000000	104.526	146.2563
58.000000	104.442	145.8986
59.000000	104.362	145.5629
60.000000	104.282	145.2472
60.799999	104.219	145.0010
61.500000	104.164	144.7735
62.200001	104.110	144.5423
63.000000	104.048	144.2893
64.000000	103.968	143.9918
65.000000	103.886	143.7180
66.000000	103.806	143.4543
67.000000	103.728	143.1845
68.000000	103.651	142.9246
69.000000	103.574	142.6815
70.000000	103.498	142.4590
71.000000	103.421	142.2482
72.000000	103.345	142.0196
73.000000	103.273	141.7559
74.000000	103.201	141.5051
75.000000	103.126	141.3341
76.199997	103.033	141.1650
77.500000	102.937	140.9336
78.800003	102.859	140.6943
80.000000	102.778	140.4834
81.199997	102.682	140.3237
82.500000	102.586	140.1445
83.800003	102.497	139.9325
85.000000	102.419	139.7507
86.199997	102.342	139.5925
87.500000	102.252	139.4491
88.500000	102.178	139.3487
90.000000	102.071	139.1754
91.199997	101.990	139.0311
92.500000	101.908	138.8996
93.800003	101.825	138.7817
95.000000	101.749	138.6724
96.199997	101.676	138.5982
97.500000	101.599	138.5926
98.800003	101.520	138.5037
100.000000	101.437	138.3428
101.500000	101.336	138.2446
103.000000	101.246	138.1919
104.400002	101.166	138.1099
106.000000	101.064	137.9673
107.500000	100.968	137.8371
109.000000	100.884	137.7211
110.599998	100.795	137.6159
112.000000	100.705	137.6232
113.800003	100.583	137.6318
115.000000	100.501	137.6752
117.199997	100.350	137.7952
118.000000	100.307	137.8774
120.599998	100.331	137.7732
122.000000	100.511	137.3431
124.099998	100.408	138.0840
125.000000	100.251	138.8452
126.500000	100.098	139.2364
128.000000	100.033	139.2241
131.500000	99.922	139.1880
132.000000	99.907	139.1263
134.000000	99.828	138.9093
136.000000	99.719	138.8933
138.000000	99.625	138.6004
140.000000	99.555	138.3570
143.000000	99.439	138.1482
145.000000	99.324	138.1685
147.500000	99.202	138.1657
150.000000	99.103	138.1828
152.500000	98.996	138.2969
155.000000	98.896	138.4996
157.500000	98.800	138.6866
160.000000	98.692	138.7532
162.500000	98.587	138.8191
165.000000	98.480	138.9048
167.500000	98.376	139.0317
170.000000	98.282	139.1676
172.500000	98.185	139.3582
175.000000	98.088	139.6529
177.500000	98.003	139.9459
180.000000	97.926	140.1875
182.500000	97.853	140.3634
185.000000	97.784	140.4615
187.500000	97.711	140.5325
190.000000	97.630	140.6206
192.500000	97.546	140.7166
195.000000	97.462	140.8493
197.500000	97.381	140.9989
200.000000	97.302	141.1377
203.000000	97.203	141.3408
206.000000	97.106	141.5368
209.000000	97.015	141.7635
212.000000	96.936	142.0366
214.000000	96.881	142.1901
218.000000	96.773	142.4688
220.000000	96.722	142.6082
224.000000	96.619	142.9748
227.000000	96.540	143.2771
230.000000	96.462	143.5479
233.000000	96.389	143.7818
236.000000	96.321	144.0024
240.000000	96.234	144.3251
243.000000	96.164	144.5678
247.000000	96.067	144.9136
250.000000	95.997	145.1851
254.000000	95.909	145.4989
258.000000	95.819	145.8459
262.000000	95.731	146.1757
265.000000	95.666	146.3912
269.000000	95.587	146.7146
272.000000	95.523	146.9784
276.000000	95.438	147.3637
280.000000	95.362	147.7372
285.000000	95.269	148.1844
290.000000	95.172	148.6465
295.000000	95.077	149.1240
300.000000	94.985	149.5844
304.000000	94.913	149.9448
307.000000	94.861	150.2135
311.000000	94.797	150.5953
315.000000	94.740	150.9964
320.000000	94.662	151.5000
325.000000	94.574	152.0079
330.000000	94.487	152.4916
335.000000	94.408	152.9337
340.000000	94.338	153.3654
345.000000	94.270	153.8293
350.000000	94.205	154.3232
355.000000	94.135	154.8340
360.000000	94.063	155.3449
365.000000	93.995	155.8379
370.000000	93.931	156.3407
375.000000	93.869	156.8627
382.000000	93.783	157.5954
387.000000	93.725	158.1117
395.000000	93.640	158.9604
400.000000	93.589	159.4905
406.000000	93.535	160.1388
412.000000	93.481	160.7852
418.000000	93.431	161.4168
425.000000	93.377	162.1420
431.000000	93.337	162.7556
437.000000	93.299	163.3660
444.000000	93.256	164.0581
450.000000	93.221	164.6285
455.000000	93.194	165.0990
462.000000	93.162	165.7280
468.000000	93.134	166.2240
475.000000	93.096	166.7981
482.000000	93.061	167.3958
487.000000	93.036	167.8367
494.000000	93.000	168.4562
500.000000	92.967	168.9532
508.000000	92.928	169.5846
515.000000	92.893	170.1474
522.000000	92.858	170.7169
530.000000	92.819	171.3771
538.000000	92.783	172.0297
545.000000	92.752	172.6057
552.000000	92.722	173.1925
560.000000	92.689	173.8455
570.000000	92.648	174.6611
580.000000	92.609	175.4946
590.000000	92.573	176.3348
600.000000	92.538	177.1770
608.000000	92.510	177.8451
615.000000	92.488	178.4308
622.000000	92.467	179.0220
630.000000	92.444	179.7019
640.000000	92.419	-179.4442
650.000000	92.398	-178.5881
660.000000	92.377	-177.7346
670.000000	92.359	-176.8748
680.000000	92.343	-176.0171
690.000000	92.329	-175.1603
700.000000	92.318	-174.2959
710.000000	92.309	-173.4278
720.000000	92.303	-172.5570
730.000000	92.300	-171.6843
740.000000	92.301	-170.8147
750.000000	92.303	-169.9500
762.000000	92.308	-168.8976
775.000000	92.318	-167.7438
788.000000	92.332	-166.6053
800.000000	92.347	-165.5572
812.000000	92.366	-164.4955
825.000000	92.391	-163.3554
838.000000	92.421	-162.2193
850.000000	92.452	-161.1745
862.000000	92.488	-160.1328
875.000000	92.533	-159.0081
885.000000	92.570	-158.1469
900.000000	92.633	-156.8544
912.000000	92.690	-155.8537
925.000000	92.759	-154.8087
938.000000	92.833	-153.7643
950.000000	92.906	-152.8144
962.000000	92.985	-151.8834
975.000000	93.076	-150.9043
988.000000	93.170	-149.9429
1000.000000	93.263	-149.0728
1015.000000	93.383	-148.0377
1030.000000	93.508	-147.0588
1044.000000	93.631	-146.1822
1060.000000	93.781	-145.2349
1075.000000	93.928	-144.3976
1090.000000	94.075	-143.6013
1106.000000	94.235	-142.8381
1120.000000	94.381	-142.2422
1138.000000	94.574	-141.5636
1150.000000	94.702	-141.1689
1172.000000	94.939	-140.5432
1180.000000	95.024	-140.3540
1206.000000	95.288	-139.9255
1220.000000	95.426	-139.7810
1241.000000	95.625	-139.6379
1250.000000	95.708	-139.6013
1265.000000	95.843	-139.5710
1280.000000	95.973	-139.5689
1315.000000	96.251	-139.6314
1320.000000	96.288	-139.6452
1340.000000	96.428	-139.7025
1360.000000	96.559	-139.7521
1380.000000	96.682	-139.7913
1400.000000	96.799	-139.8202
1430.000000	96.965	-139.8388
1450.000000	97.071	-139.8347
1475.000000	97.200	-139.8135
1500.000000	97.326	-139.7769
1525.000000	97.450	-139.7274
1550.000000	97.574	-139.6698
1575.000000	97.696	-139.6105
1600.000000	97.817	-139.5530
1625.000000	97.933	-139.4969
1650.000000	98.049	-139.4524
1675.000000	98.164	-139.4200
1700.000000	98.281	-139.4005
1725.000000	98.397	-139.3942
1750.000000	98.514	-139.4071
1775.000000	98.631	-139.4410
1800.000000	98.747	-139.4982
1825.000000	98.864	-139.5793
1850.000000	98.981	-139.6846
1875.000000	99.096	-139.8149
1900.000000	99.211	-139.9735
1925.000000	99.325	-140.1608
1950.000000	99.437	-140.3755
1975.000000	99.548	-140.6184
2000.000000	99.658	-140.8899
2030.000000	99.788	-141.2523
2060.000000	99.916	-141.6545
2090.000000	100.038	-142.0969
2120.000000	100.157	-142.5766
2140.000000	100.233	-142.9172
2180.000000	100.377	-143.6431
2200.000000	100.444	-144.0273
2240.000000	100.571	-144.8314
2270.000000	100.658	-145.4646
2300.000000	100.737	-146.1191
2330.000000	100.809	-146.7915
2360.000000	100.874	-147.4791
2400.000000	100.947	-148.4109
2430.000000	100.993	-149.1144
2470.000000	101.043	-150.0513
2500.000000	101.073	-150.7486
2540.000000	101.102	-151.6655
2580.000000	101.119	-152.5597
2620.000000	101.126	-153.4240
2650.000000	101.123	-154.0499
2690.000000	101.111	-154.8477
2720.000000	101.095	-155.4152
2760.000000	101.068	-156.1296
2800.000000	101.033	-156.7938
2850.000000	100.981	-157.5494
2900.000000	100.921	-158.2194
2950.000000	100.856	-158.8043
3000.000000	100.788	-159.3078
3040.000000	100.731	-159.6534
3070.000000	100.688	-159.8802
3110.000000	100.631	-160.1415
3150.000000	100.576	-160.3586
3200.000000	100.509	-160.5738
3250.000000	100.446	-160.7321
3300.000000	100.387	-160.8399
3350.000000	100.333	-160.9090
3400.000000	100.283	-160.9453
3450.000000	100.239	-160.9559
3500.000000	100.200	-160.9474
3550.000000	100.167	-160.9251
3600.000000	100.139	-160.8980
3650.000000	100.116	-160.8737
3700.000000	100.098	-160.8582
3750.000000	100.084	-160.8578
3820.000000	100.069	-160.8959
3870.000000	100.058	-160.9532
3950.000000	100.030	-161.0149
4000.000000	100.016	-160.9174
4060.000000	100.040	-160.7649
4120.000000	100.093	-160.9512
4180.000000	100.126	-161.4173
4250.000000	100.137	-162.0688
4310.000000	100.134	-162.6735
4370.000000	100.120	-163.3304
4440.000000	100.090	-164.1693
4500.000000	100.050	-164.9471
4550.000000	100.006	-165.6308
4620.000000	99.926	-166.6256
4680.000000	99.838	-167.4978
4750.000000	99.713	-168.5162
4820.000000	99.562	-169.5077
4870.000000	99.440	-170.1830
4940.000000	99.248	-171.0627
5000.000000	99.068	-171.7376
5080.000000	98.807	-172.4999
5150.000000	98.563	-173.0204
5220.000000	98.307	-173.3921
5300.000000	98.004	-173.6266
5380.000000	97.696	-173.6542
5450.000000	97.426	-173.5095
5520.000000	97.158	-173.2145
5600.000000	96.858	-172.7006
5700.000000	96.498	-171.8140
5800.000000	96.160	-170.6836
5900.000000	95.848	-169.3345
6000.000000	95.565	-167.8024
6080.000000	95.361	-166.4655
6150.000000	95.202	-165.2258
6220.000000	95.062	-163.9305
6300.000000	94.935	-162.3942
6400.000000	94.833	-160.4066
6500.000000	94.783	-158.3655
6600.000000	94.776	-156.2919
6700.000000	94.812	-154.2074
6800.000000	94.892	-152.1367
6900.000000	95.021	-150.0995
7000.000000	95.202	-148.1238
7100.000000	95.443	-146.2596
7200.000000	95.746	-144.5793
7300.000000	96.114	-143.1533
7400.000000	96.548	-142.0447
7500.000000	97.054	-141.3425
7620.000000	97.762	-141.2357
7750.000000	98.647	-142.3969
7880.000000	99.615	-145.4355
8000.000000	100.478	-150.4368
8120.000000	101.155	-157.8278
8250.000000	101.503	-168.1751
8380.000000	101.299	-179.6495
8500.000000	100.601	170.3643
8620.000000	99.529	162.1700
8750.000000	98.140	155.8570
8850.000000	97.024	152.7288
9000.000000	95.405	150.2983
9120.000000	94.209	149.8207
9250.000000	93.032	150.3388
9380.000000	91.979	151.6269
9500.000000	91.113	153.3047
9620.000000	90.342	155.3172
9750.000000	89.607	157.7647
9880.000000	88.970	160.4137
10000.000000	88.465	162.9875
10150.000000	87.942	166.3135
10300.000000	87.537	169.7297
10440.000000	87.264	172.9827
10600.000000	87.086	176.7681
10750.000000	87.078	-179.6707
10900.000000	87.261	-176.4401
11060.000000	87.637	-173.8838
11200.000000	88.077	-172.5076
11380.000000	88.770	-171.8981
11500.000000	89.311	-172.2697
11720.000000	90.469	-174.8251
11800.000000	90.945	-176.4749
12060.000000	92.653	174.4601
12200.000000	93.573	166.5237
12410.000000	94.602	150.0659
12500.000000	94.793	141.6502
12650.000000	94.662	126.9010
12800.000000	93.967	112.7090
13150.000000	91.006	87.9517
13200.000000	90.536	85.4547
13400.000000	88.738	77.4396
13600.000000	87.162	71.5833
13800.000000	85.841	66.8504
14000.000000	84.756	62.5697
14300.000000	83.528	56.1155
14500.000000	82.956	51.3409
14750.000000	82.493	44.3864
15000.000000	82.294	35.9179
15250.000000	82.336	25.4312
15500.000000	82.582	12.3583
15750.000000	82.961	-3.8946
16000.000000	83.367	-23.7130
16250.000000	83.627	-46.9416
16500.000000	83.497	-72.6564
16750.000000	82.880	-99.4484
17000.000000	81.872	-126.2243
17250.000000	80.649	-152.6673
17500.000000	79.361	-179.1875
17750.000000	78.097	153.4591
18000.000000	76.883	124.4080
18250.000000	75.699	92.7525
18500.000000	74.511	57.5463
18750.000000	73.258	17.7733
19000.000000	71.838	-27.5454
19250.000000	70.084	-79.2085
19500.000000	67.790	-137.7472
19750.000000	64.908	154.7316
20000.000000	62.388	84.8859
