* Measurement data measured by REW V5.31.3
* Source: USB-C to 3.5mm Headphone Jack Adapter, USB-C to 3.5mm Headphone Jack Adapter, 0, volume: 0.295
* Format: 256k Log Swept Sine, 4 sweeps at -12.0 dBFS with no timing reference
* Dated: May 4, 2025 11:46:38 PM
* REW Settings:
*  C-weighting compensation: Off
*  Target level: 75.0 dB
* Note: ; 
* Measurement: Nightjar Singularity Type E R
* Smoothing: 1/24 octave
* Frequency Step: 1/48 octave
* Start Frequency: 20.300 Hz
*
* Freq(Hz)	SPL(dB)	Phase(degrees)
20.299999	107.511	177.1822
20.600000	107.497	176.7342
20.900000	107.479	176.2545
21.200001	107.459	175.7761
21.400000	107.446	175.4576
21.799999	107.424	174.8199
22.000000	107.414	174.5011
22.400000	107.395	173.8658
22.700001	107.382	173.3935
23.000000	107.369	172.9272
23.299999	107.354	172.4697
23.600000	107.337	172.0242
24.000000	107.313	171.4529
24.299999	107.294	171.0409
24.700001	107.269	170.5048
25.000000	107.250	170.1043
25.400000	107.222	169.5650
25.799999	107.190	169.0258
26.200001	107.155	168.5047
26.500000	107.129	168.1337
26.900000	107.100	167.6568
27.200001	107.085	167.2940
27.600000	107.071	166.7725
28.000000	107.059	166.1974
28.500000	107.030	165.4572
29.000000	106.983	164.8126
29.500000	106.927	164.3409
30.000000	106.879	163.9877
30.400000	106.848	163.7034
30.700001	106.827	163.4553
31.100000	106.796	163.0733
31.500000	106.761	162.6578
32.000000	106.714	162.1431
32.500000	106.670	161.6592
33.000000	106.633	161.1936
33.500000	106.598	160.7311
34.000000	106.560	160.2757
34.500000	106.519	159.8370
35.000000	106.476	159.4143
35.500000	106.432	159.0017
36.000000	106.387	158.5983
36.500000	106.343	158.2061
37.000000	106.300	157.8234
37.500000	106.258	157.4456
38.200001	106.198	156.9209
38.700001	106.157	156.5515
39.500000	106.091	155.9711
40.000000	106.050	155.6148
40.599998	105.999	155.1983
41.200001	105.948	154.7963
41.799999	105.896	154.4034
42.500000	105.835	153.9504
43.099998	105.782	153.5746
43.700001	105.729	153.2154
44.400002	105.670	152.8027
45.000000	105.618	152.4476
45.500000	105.574	152.1630
46.200001	105.514	151.7934
46.799999	105.463	151.4829
47.500000	105.399	151.1170
48.200001	105.333	150.7833
48.700001	105.292	150.5575
49.400002	105.246	150.1949
50.000000	105.205	149.8348
50.799999	105.133	149.4086
51.500000	105.068	149.1298
52.200001	105.007	148.8502
53.000000	104.937	148.4832
53.799999	104.869	148.1296
54.500000	104.814	147.8540
55.200001	104.758	147.5976
56.000000	104.687	147.2941
57.000000	104.591	146.8694
58.000000	104.502	146.4900
59.000000	104.436	146.1641
60.000000	104.368	145.8378
60.799999	104.304	145.5922
61.500000	104.248	145.3734
62.200001	104.192	145.1475
63.000000	104.129	144.8982
64.000000	104.050	144.6014
65.000000	103.970	144.3067
66.000000	103.891	144.0236
67.000000	103.815	143.7662
68.000000	103.738	143.5319
69.000000	103.660	143.2975
70.000000	103.583	143.0528
71.000000	103.507	142.8111
72.000000	103.432	142.5812
73.000000	103.356	142.3641
74.000000	103.281	142.1598
75.000000	103.207	141.9545
76.199997	103.122	141.6989
77.500000	103.026	141.4602
78.800003	102.928	141.2485
80.000000	102.841	141.0204
81.199997	102.754	140.8647
82.500000	102.663	140.7126
83.800003	102.572	140.5517
85.000000	102.474	140.5227
86.199997	102.354	140.6520
87.500000	102.276	140.5325
88.500000	102.235	140.1566
90.000000	102.155	139.8589
91.199997	102.080	139.7630
92.500000	102.001	139.6520
93.800003	101.925	139.5369
95.000000	101.854	139.4211
96.199997	101.782	139.3243
97.500000	101.702	139.2280
98.800003	101.621	139.1095
100.000000	101.549	138.9878
101.500000	101.457	138.8772
103.000000	101.366	138.7912
104.400002	101.281	138.7231
106.000000	101.181	138.6660
107.500000	101.091	138.6116
109.000000	101.002	138.5909
110.599998	100.906	138.5958
112.000000	100.817	138.5783
113.800003	100.722	138.6057
115.000000	100.682	138.6782
117.199997	100.576	138.8867
118.000000	100.519	138.9670
120.599998	100.397	139.1253
122.000000	100.371	139.0982
124.099998	100.308	138.9485
125.000000	100.269	138.8651
126.500000	100.195	138.7948
128.000000	100.133	138.8293
131.500000	100.007	138.5919
132.000000	99.982	138.5563
134.000000	99.881	138.5483
136.000000	99.800	138.6101
138.000000	99.728	138.6237
140.000000	99.652	138.6154
143.000000	99.519	138.5389
145.000000	99.438	138.6091
147.500000	99.342	138.7274
150.000000	99.243	138.8656
152.500000	99.121	138.8335
155.000000	99.012	138.8223
157.500000	98.921	138.8808
160.000000	98.834	138.9455
162.500000	98.737	139.1169
165.000000	98.636	139.2636
167.500000	98.535	139.3989
170.000000	98.434	139.5477
172.500000	98.333	139.7030
175.000000	98.237	139.8450
177.500000	98.148	139.9247
180.000000	98.064	140.0179
182.500000	97.979	140.2028
185.000000	97.893	140.4232
187.500000	97.806	140.5560
190.000000	97.717	140.6730
192.500000	97.631	140.8679
195.000000	97.552	141.0525
197.500000	97.475	141.2018
200.000000	97.391	141.3870
203.000000	97.293	141.6460
206.000000	97.208	141.8620
209.000000	97.126	142.0587
212.000000	97.042	142.3447
214.000000	96.989	142.5401
218.000000	96.888	142.8560
220.000000	96.834	143.0071
224.000000	96.734	143.3928
227.000000	96.659	143.6582
230.000000	96.573	143.7761
233.000000	96.494	143.9206
236.000000	96.433	144.2732
240.000000	96.354	144.7314
243.000000	96.292	144.9712
247.000000	96.201	145.3230
250.000000	96.115	145.5987
254.000000	96.016	146.0058
258.000000	95.931	146.4379
262.000000	95.860	146.9279
265.000000	95.826	147.1848
269.000000	95.752	147.3598
272.000000	95.678	147.4882
276.000000	95.592	147.7154
280.000000	95.506	148.0852
285.000000	95.392	148.4401
290.000000	95.327	148.7909
295.000000	95.233	149.5065
300.000000	95.118	149.8413
304.000000	95.064	150.1289
307.000000	95.010	150.2690
311.000000	94.952	150.3319
315.000000	94.897	150.9252
320.000000	94.824	151.7096
325.000000	94.747	152.3407
330.000000	94.673	152.6463
335.000000	94.616	152.9766
340.000000	94.566	153.4038
345.000000	94.515	153.8252
350.000000	94.445	154.2165
355.000000	94.343	154.7353
360.000000	94.239	155.2797
365.000000	94.145	155.7647
370.000000	94.075	156.3083
375.000000	94.024	156.9217
382.000000	93.959	157.6515
387.000000	93.902	158.1494
395.000000	93.779	158.9866
400.000000	93.704	159.5077
406.000000	93.670	160.0326
412.000000	93.646	160.6620
418.000000	93.587	161.3239
425.000000	93.511	162.0113
431.000000	93.464	162.6109
437.000000	93.424	163.2348
444.000000	93.375	163.9500
450.000000	93.336	164.5530
455.000000	93.308	165.0632
462.000000	93.271	165.7317
468.000000	93.241	166.3047
475.000000	93.210	166.9806
482.000000	93.180	167.6038
487.000000	93.157	168.0321
494.000000	93.126	168.6251
500.000000	93.100	169.1286
508.000000	93.065	169.8013
515.000000	93.034	170.3772
522.000000	93.005	170.9376
530.000000	92.974	171.5653
538.000000	92.941	172.2133
545.000000	92.910	172.7654
552.000000	92.882	173.3231
560.000000	92.849	173.9816
570.000000	92.810	174.7964
580.000000	92.772	175.6133
590.000000	92.735	176.4342
600.000000	92.701	177.2658
608.000000	92.678	177.9326
615.000000	92.658	178.5232
622.000000	92.639	179.1229
630.000000	92.618	179.7670
640.000000	92.594	-179.4356
650.000000	92.570	-178.5480
660.000000	92.556	-177.7174
670.000000	92.538	-176.8712
680.000000	92.515	-175.9892
690.000000	92.505	-175.1537
700.000000	92.495	-174.2430
710.000000	92.481	-173.3923
720.000000	92.475	-172.5511
730.000000	92.476	-171.6910
740.000000	92.476	-170.8174
750.000000	92.480	-169.9450
762.000000	92.486	-168.9207
775.000000	92.498	-167.7852
788.000000	92.516	-166.6161
800.000000	92.534	-165.5742
812.000000	92.554	-164.5303
825.000000	92.579	-163.3932
838.000000	92.608	-162.2535
850.000000	92.642	-161.2083
862.000000	92.679	-160.1783
875.000000	92.726	-159.0638
885.000000	92.766	-158.2140
900.000000	92.833	-156.9557
912.000000	92.891	-155.9540
925.000000	92.962	-154.8880
938.000000	93.040	-153.8466
950.000000	93.116	-152.9073
962.000000	93.196	-151.9841
975.000000	93.286	-151.0076
988.000000	93.383	-150.0620
1000.000000	93.478	-149.2218
1015.000000	93.602	-148.2065
1030.000000	93.732	-147.2314
1044.000000	93.859	-146.3603
1060.000000	94.009	-145.4193
1075.000000	94.154	-144.6108
1090.000000	94.305	-143.8506
1106.000000	94.470	-143.1095
1120.000000	94.616	-142.5309
1138.000000	94.812	-141.8546
1150.000000	94.942	-141.4467
1172.000000	95.180	-140.8879
1180.000000	95.266	-140.7233
1206.000000	95.539	-140.3211
1220.000000	95.680	-140.1827
1241.000000	95.882	-140.0566
1250.000000	95.967	-140.0306
1265.000000	96.105	-140.0243
1280.000000	96.238	-140.0502
1315.000000	96.521	-140.1782
1320.000000	96.559	-140.1996
1340.000000	96.702	-140.2819
1360.000000	96.836	-140.3743
1380.000000	96.961	-140.4617
1400.000000	97.079	-140.5349
1430.000000	97.246	-140.6146
1450.000000	97.353	-140.6428
1475.000000	97.482	-140.6500
1500.000000	97.610	-140.6296
1525.000000	97.737	-140.5894
1550.000000	97.868	-140.5370
1575.000000	98.002	-140.4967
1600.000000	98.137	-140.4944
1625.000000	98.266	-140.5320
1650.000000	98.390	-140.5995
1675.000000	98.510	-140.6810
1700.000000	98.629	-140.7791
1725.000000	98.746	-140.8899
1750.000000	98.862	-141.0137
1775.000000	98.978	-141.1550
1800.000000	99.092	-141.3154
1825.000000	99.206	-141.4965
1850.000000	99.319	-141.7005
1875.000000	99.430	-141.9286
1900.000000	99.540	-142.1845
1925.000000	99.648	-142.4691
1950.000000	99.755	-142.7806
1975.000000	99.858	-143.1190
2000.000000	99.960	-143.4860
2030.000000	100.081	-143.9645
2060.000000	100.197	-144.4791
2090.000000	100.307	-145.0268
2120.000000	100.411	-145.6104
2140.000000	100.477	-146.0192
2180.000000	100.600	-146.8709
2200.000000	100.655	-147.3152
2240.000000	100.756	-148.2342
2270.000000	100.823	-148.9426
2300.000000	100.881	-149.6637
2330.000000	100.930	-150.3927
2360.000000	100.970	-151.1269
2400.000000	101.010	-152.1015
2430.000000	101.029	-152.8223
2470.000000	101.041	-153.7593
2500.000000	101.041	-154.4340
2540.000000	101.029	-155.2814
2580.000000	101.003	-156.0636
2620.000000	100.965	-156.7492
2650.000000	100.932	-157.1843
2690.000000	100.885	-157.6495
2720.000000	100.853	-157.9173
2760.000000	100.819	-158.1907
2800.000000	100.800	-158.4314
2850.000000	100.788	-158.7863
2900.000000	100.771	-159.1947
2950.000000	100.743	-159.5439
3000.000000	100.718	-159.7763
3040.000000	100.713	-159.9158
3070.000000	100.719	-160.0391
3110.000000	100.735	-160.2824
3150.000000	100.750	-160.6355
3200.000000	100.753	-161.1830
3250.000000	100.733	-161.7496
3300.000000	100.693	-162.2424
3350.000000	100.643	-162.6016
3400.000000	100.596	-162.8266
3450.000000	100.562	-162.9539
3500.000000	100.545	-163.0538
3550.000000	100.542	-163.1944
3600.000000	100.546	-163.4029
3650.000000	100.553	-163.6800
3700.000000	100.558	-164.0093
3750.000000	100.561	-164.3784
3820.000000	100.560	-164.9592
3870.000000	100.554	-165.4164
3950.000000	100.525	-166.1638
4000.000000	100.499	-166.5361
4060.000000	100.493	-166.8897
4120.000000	100.518	-167.5020
4180.000000	100.525	-168.4435
4250.000000	100.492	-169.6692
4310.000000	100.442	-170.7348
4370.000000	100.377	-171.8224
4440.000000	100.284	-173.1497
4500.000000	100.186	-174.3435
4550.000000	100.089	-175.3690
4620.000000	99.926	-176.8298
4680.000000	99.760	-178.0788
4750.000000	99.533	-179.4904
4820.000000	99.272	179.1902
4870.000000	99.066	178.3231
4940.000000	98.755	177.2395
5000.000000	98.469	176.4517
5080.000000	98.066	175.6289
5150.000000	97.699	175.1323
5220.000000	97.322	174.8552
5300.000000	96.885	174.8080
5380.000000	96.450	175.0331
5450.000000	96.074	175.4384
5520.000000	95.706	176.0245
5600.000000	95.299	176.8997
5700.000000	94.811	178.2634
5800.000000	94.353	179.8837
5900.000000	93.925	-178.2764
6000.000000	93.528	-176.2413
6080.000000	93.234	-174.4858
6150.000000	92.994	-172.8676
6220.000000	92.775	-171.1808
6300.000000	92.557	-169.1838
6400.000000	92.342	-166.6085
6500.000000	92.177	-163.9552
6600.000000	92.051	-161.2492
6700.000000	91.960	-158.5085
6800.000000	91.906	-155.7340
6900.000000	91.889	-152.9294
7000.000000	91.912	-150.1095
7100.000000	91.980	-147.3052
7200.000000	92.095	-144.5558
7300.000000	92.253	-141.8947
7400.000000	92.454	-139.3152
7500.000000	92.703	-136.8318
7620.000000	93.068	-134.0162
7750.000000	93.552	-131.2343
7880.000000	94.130	-128.8340
8000.000000	94.732	-127.0790
8120.000000	95.386	-125.9037
8250.000000	96.185	-125.4718
8380.000000	97.105	-126.1880
8500.000000	98.065	-128.2884
8620.000000	99.089	-132.3459
8750.000000	100.142	-139.5885
8850.000000	100.764	-147.2953
9000.000000	101.107	-161.2912
9120.000000	100.758	-172.7959
9250.000000	99.834	176.4624
9380.000000	98.572	168.5796
9500.000000	97.312	163.8863
9620.000000	96.096	161.2287
9750.000000	94.899	160.0462
9880.000000	93.857	160.0869
10000.000000	93.036	160.8598
10150.000000	92.195	162.4809
10300.000000	91.546	164.5760
10440.000000	91.107	166.7981
10600.000000	90.806	169.5148
10750.000000	90.747	172.0854
10900.000000	90.939	174.2758
11060.000000	91.407	175.5258
11200.000000	92.000	175.3898
11380.000000	92.994	173.1842
11500.000000	93.793	170.0632
11720.000000	95.427	159.5433
11800.000000	95.995	153.7965
12060.000000	97.031	128.0192
12200.000000	96.704	111.6898
12410.000000	94.956	89.3744
12500.000000	93.887	81.6927
12650.000000	91.934	71.7414
12800.000000	89.982	64.8771
13150.000000	86.049	56.1239
13200.000000	85.568	55.3326
13400.000000	83.830	52.7084
13600.000000	82.345	50.5151
13800.000000	81.072	48.3780
14000.000000	79.976	46.0777
14300.000000	78.618	42.0334
14500.000000	77.886	38.7534
14750.000000	77.152	33.8307
15000.000000	76.606	27.8088
15250.000000	76.247	20.5193
15500.000000	76.080	11.7965
15750.000000	76.120	1.3807
16000.000000	76.424	-11.0905
16250.000000	77.035	-26.0084
16500.000000	77.855	-43.9007
16750.000000	78.764	-65.2776
17000.000000	79.627	-90.5962
17250.000000	80.272	-119.9408
17500.000000	80.520	-152.8601
17750.000000	80.266	171.2971
18000.000000	79.520	133.1332
18250.000000	78.355	92.8604
18500.000000	76.838	50.1278
18750.000000	74.979	4.2349
19000.000000	72.711	-45.5021
19250.000000	69.933	-99.4156
19500.000000	66.572	-157.9359
19750.000000	62.723	136.4589
20000.000000	59.462	68.6607
