* Measurement data measured by REW V5.31.3
* Source: USB-C to 3.5mm Headphone Jack Adapter, USB-C to 3.5mm Headphone Jack Adapter, 0, volume: 0.295
* Format: 256k Log Swept Sine, 4 sweeps at -12.0 dBFS with no timing reference
* Dated: May 4, 2025 11:20:42 PM
* REW Settings:
*  C-weighting compensation: Off
*  Target level: 75.0 dB
* Note: ; 
* Measurement: Nightjar Singularity EX11 L
* Smoothing: 1/24 octave
* Frequency Step: 1/48 octave
* Start Frequency: 20.300 Hz
*
* Freq(Hz)	SPL(dB)	Phase(degrees)
20.299999	107.754	170.2825
20.600000	107.736	169.9001
20.900000	107.714	169.4864
21.200001	107.692	169.0635
21.400000	107.678	168.7747
21.799999	107.652	168.1827
22.000000	107.638	167.8841
22.400000	107.611	167.2973
22.700001	107.590	166.8766
23.000000	107.569	166.4762
23.299999	107.548	166.0927
23.600000	107.527	165.7193
24.000000	107.499	165.2248
24.299999	107.477	164.8515
24.700001	107.447	164.3511
25.000000	107.423	163.9784
25.400000	107.389	163.4927
25.799999	107.355	163.0253
26.200001	107.321	162.5778
26.500000	107.296	162.2536
26.900000	107.262	161.8327
27.200001	107.236	161.5221
27.600000	107.202	161.1105
28.000000	107.166	160.6987
28.500000	107.122	160.1843
29.000000	107.077	159.6765
29.500000	107.034	159.1807
30.000000	106.991	158.6978
30.400000	106.956	158.3202
30.700001	106.929	158.0430
31.100000	106.893	157.6829
31.500000	106.855	157.3338
32.000000	106.808	156.9086
32.500000	106.762	156.4868
33.000000	106.716	156.0630
33.500000	106.669	155.6405
34.000000	106.622	155.2257
34.500000	106.576	154.8217
35.000000	106.532	154.4279
35.500000	106.487	154.0447
36.000000	106.443	153.6740
36.500000	106.396	153.3179
37.000000	106.348	152.9758
37.500000	106.299	152.6434
38.200001	106.232	152.1800
38.700001	106.187	151.8398
39.500000	106.117	151.2877
40.000000	106.072	150.9606
40.599998	106.018	150.6019
41.200001	105.962	150.2630
41.799999	105.904	149.9177
42.500000	105.833	149.5047
43.099998	105.773	149.1595
43.700001	105.718	148.8272
44.400002	105.658	148.4509
45.000000	105.606	148.1399
45.500000	105.561	147.8893
46.200001	105.497	147.5455
46.799999	105.442	147.2557
47.500000	105.380	146.9210
48.200001	105.316	146.5844
48.700001	105.266	146.3535
49.400002	105.192	146.0699
50.000000	105.133	145.8523
50.799999	105.067	145.5238
51.500000	105.013	145.1915
52.200001	104.955	144.8797
53.000000	104.886	144.5720
53.799999	104.815	144.2715
54.500000	104.752	144.0041
55.200001	104.692	143.7449
56.000000	104.627	143.4653
57.000000	104.541	143.1440
58.000000	104.452	142.8284
59.000000	104.366	142.4973
60.000000	104.283	142.1823
60.799999	104.217	141.9540
61.500000	104.157	141.7565
62.200001	104.098	141.5530
63.000000	104.032	141.3327
64.000000	103.954	141.0982
65.000000	103.876	140.8613
66.000000	103.789	140.6084
67.000000	103.703	140.3665
68.000000	103.622	140.1356
69.000000	103.545	139.9174
70.000000	103.465	139.7095
71.000000	103.386	139.5173
72.000000	103.310	139.3227
73.000000	103.233	139.1192
74.000000	103.155	138.9295
75.000000	103.079	138.7506
76.199997	102.989	138.5627
77.500000	102.892	138.3889
78.800003	102.793	138.2029
80.000000	102.706	138.0289
81.199997	102.624	137.8776
82.500000	102.532	137.7357
83.800003	102.437	137.5873
85.000000	102.355	137.4565
86.199997	102.280	137.3437
87.500000	102.193	137.1991
88.500000	102.120	137.0827
90.000000	102.018	136.9391
91.199997	101.939	136.8392
92.500000	101.853	136.7315
93.800003	101.768	136.6286
95.000000	101.693	136.5495
96.199997	101.616	136.4703
97.500000	101.535	136.3969
98.800003	101.449	136.3549
100.000000	101.369	136.3203
101.500000	101.283	136.2048
103.000000	101.196	136.0943
104.400002	101.112	135.9958
106.000000	100.997	135.9823
107.500000	100.835	135.9896
109.000000	100.716	135.9984
110.599998	100.706	135.8889
112.000000	100.671	135.7990
113.800003	100.578	135.7054
115.000000	100.508	135.7272
117.199997	100.379	135.7829
118.000000	100.333	135.8089
120.599998	100.186	135.9023
122.000000	100.113	135.9402
124.099998	100.013	136.0684
125.000000	99.976	136.1013
126.500000	99.930	136.0786
128.000000	99.908	135.9786
131.500000	99.803	135.9396
132.000000	99.764	136.0112
134.000000	99.631	136.3246
136.000000	99.535	136.4205
138.000000	99.432	136.3852
140.000000	99.335	136.1606
143.000000	99.224	136.1098
145.000000	99.134	136.2328
147.500000	99.028	136.4476
150.000000	98.928	136.4902
152.500000	98.832	136.6073
155.000000	98.752	136.7049
157.500000	98.664	136.8399
160.000000	98.571	136.9765
162.500000	98.467	137.0942
165.000000	98.361	137.1765
167.500000	98.265	137.2641
170.000000	98.167	137.3952
172.500000	98.062	137.5002
175.000000	97.966	137.6037
177.500000	97.879	137.8286
180.000000	97.791	138.0092
182.500000	97.706	138.1688
185.000000	97.620	138.3480
187.500000	97.531	138.5107
190.000000	97.442	138.6895
192.500000	97.358	138.8648
195.000000	97.275	139.0631
197.500000	97.194	139.2589
200.000000	97.113	139.4193
203.000000	97.018	139.6356
206.000000	96.934	139.8829
209.000000	96.843	140.0603
212.000000	96.750	140.2307
214.000000	96.696	140.3861
218.000000	96.582	140.7334
220.000000	96.522	140.9229
224.000000	96.416	141.3163
227.000000	96.344	141.5825
230.000000	96.278	141.8609
233.000000	96.215	142.1628
236.000000	96.152	142.4994
240.000000	96.053	142.9290
243.000000	95.966	143.1301
247.000000	95.876	143.3040
250.000000	95.823	143.6112
254.000000	95.735	144.0065
258.000000	95.652	144.3049
262.000000	95.560	144.6777
265.000000	95.498	144.9617
269.000000	95.420	145.1608
272.000000	95.343	145.4181
276.000000	95.249	145.9404
280.000000	95.184	146.3554
285.000000	95.103	146.7287
290.000000	95.007	147.1264
295.000000	94.907	147.5288
300.000000	94.814	147.9881
304.000000	94.740	148.3694
307.000000	94.684	148.6475
311.000000	94.612	149.0258
315.000000	94.546	149.4245
320.000000	94.463	149.9230
325.000000	94.384	150.3663
330.000000	94.311	150.8659
335.000000	94.235	151.3892
340.000000	94.151	151.7972
345.000000	94.047	152.2809
350.000000	93.962	152.9949
355.000000	93.908	153.5679
360.000000	93.852	154.0297
365.000000	93.793	154.5585
370.000000	93.732	155.1050
375.000000	93.673	155.6302
382.000000	93.600	156.3465
387.000000	93.551	156.8790
395.000000	93.473	157.7059
400.000000	93.431	158.2095
406.000000	93.385	158.8267
412.000000	93.339	159.4364
418.000000	93.296	160.0287
425.000000	93.251	160.6826
431.000000	93.214	161.2209
437.000000	93.177	161.7602
444.000000	93.134	162.3680
450.000000	93.098	162.8745
455.000000	93.070	163.2871
462.000000	93.029	163.8549
468.000000	92.994	164.3335
475.000000	92.955	164.8848
482.000000	92.913	165.4246
487.000000	92.881	165.8284
494.000000	92.842	166.3875
500.000000	92.807	166.8367
508.000000	92.769	167.4566
515.000000	92.733	167.9152
522.000000	92.690	168.4242
530.000000	92.648	169.0534
538.000000	92.609	169.7298
545.000000	92.572	170.3590
552.000000	92.535	170.9535
560.000000	92.496	171.5985
570.000000	92.451	172.4044
580.000000	92.407	173.2064
590.000000	92.367	174.0232
600.000000	92.328	174.8397
608.000000	92.299	175.4876
615.000000	92.276	176.0589
622.000000	92.253	176.6334
630.000000	92.229	177.2925
640.000000	92.200	178.1225
650.000000	92.173	178.9589
660.000000	92.151	179.7857
670.000000	92.130	-179.3886
680.000000	92.112	-178.5589
690.000000	92.096	-177.7238
700.000000	92.081	-176.8874
710.000000	92.069	-176.0561
720.000000	92.060	-175.2163
730.000000	92.054	-174.3717
740.000000	92.050	-173.5204
750.000000	92.050	-172.6653
762.000000	92.053	-171.6564
775.000000	92.060	-170.5566
788.000000	92.073	-169.4637
800.000000	92.087	-168.4472
812.000000	92.102	-167.4254
825.000000	92.122	-166.3269
838.000000	92.147	-165.2319
850.000000	92.175	-164.2249
862.000000	92.208	-163.2302
875.000000	92.249	-162.1671
885.000000	92.286	-161.3548
900.000000	92.346	-160.1652
912.000000	92.401	-159.2251
925.000000	92.466	-158.2199
938.000000	92.536	-157.2350
950.000000	92.604	-156.3545
962.000000	92.677	-155.5034
975.000000	92.763	-154.6156
988.000000	92.852	-153.7618
1000.000000	92.936	-152.9933
1015.000000	93.046	-152.0768
1030.000000	93.161	-151.2057
1044.000000	93.271	-150.4407
1060.000000	93.398	-149.6263
1075.000000	93.521	-148.9197
1090.000000	93.647	-148.2614
1106.000000	93.781	-147.6141
1120.000000	93.898	-147.0939
1138.000000	94.048	-146.4933
1150.000000	94.148	-146.1307
1172.000000	94.329	-145.5414
1180.000000	94.394	-145.3487
1206.000000	94.601	-144.7993
1220.000000	94.710	-144.5514
1241.000000	94.870	-144.2356
1250.000000	94.938	-144.1198
1265.000000	95.052	-143.9485
1280.000000	95.165	-143.8018
1315.000000	95.415	-143.5419
1320.000000	95.449	-143.5123
1340.000000	95.581	-143.4082
1360.000000	95.706	-143.3206
1380.000000	95.824	-143.2429
1400.000000	95.936	-143.1678
1430.000000	96.096	-143.0515
1450.000000	96.197	-142.9683
1475.000000	96.320	-142.8524
1500.000000	96.440	-142.7138
1525.000000	96.559	-142.5612
1550.000000	96.681	-142.4086
1575.000000	96.805	-142.2768
1600.000000	96.928	-142.1852
1625.000000	97.045	-142.1429
1650.000000	97.154	-142.1379
1675.000000	97.255	-142.1418
1700.000000	97.350	-142.1366
1725.000000	97.441	-142.1149
1750.000000	97.530	-142.0740
1775.000000	97.620	-142.0150
1800.000000	97.711	-141.9472
1825.000000	97.803	-141.8777
1850.000000	97.897	-141.8119
1875.000000	97.993	-141.7478
1900.000000	98.090	-141.6948
1925.000000	98.190	-141.6586
1950.000000	98.291	-141.6372
1975.000000	98.394	-141.6312
2000.000000	98.499	-141.6460
2030.000000	98.629	-141.6960
2060.000000	98.761	-141.7862
2090.000000	98.894	-141.9225
2120.000000	99.027	-142.1055
2140.000000	99.115	-142.2559
2180.000000	99.288	-142.6164
2200.000000	99.371	-142.8276
2240.000000	99.533	-143.2978
2270.000000	99.650	-143.6845
2300.000000	99.763	-144.1023
2330.000000	99.874	-144.5554
2360.000000	99.981	-145.0443
2400.000000	100.116	-145.7536
2430.000000	100.211	-146.3289
2470.000000	100.328	-147.1432
2500.000000	100.408	-147.7823
2540.000000	100.504	-148.6622
2580.000000	100.587	-149.5596
2620.000000	100.658	-150.4627
2650.000000	100.704	-151.1380
2690.000000	100.754	-152.0281
2720.000000	100.785	-152.6863
2760.000000	100.817	-153.5474
2800.000000	100.840	-154.3806
2850.000000	100.859	-155.3727
2900.000000	100.869	-156.3118
2950.000000	100.873	-157.2055
3000.000000	100.872	-158.0635
3040.000000	100.868	-158.7313
3070.000000	100.863	-159.2215
3110.000000	100.854	-159.8618
3150.000000	100.843	-160.4896
3200.000000	100.827	-161.2584
3250.000000	100.807	-162.0138
3300.000000	100.783	-162.7564
3350.000000	100.755	-163.4828
3400.000000	100.724	-164.1911
3450.000000	100.690	-164.8828
3500.000000	100.653	-165.5610
3550.000000	100.615	-166.2302
3600.000000	100.576	-166.8956
3650.000000	100.534	-167.5625
3700.000000	100.491	-168.2358
3750.000000	100.445	-168.9174
3820.000000	100.375	-169.8895
3870.000000	100.320	-170.5981
3950.000000	100.224	-171.7579
4000.000000	100.155	-172.5042
4060.000000	100.059	-173.4255
4120.000000	99.948	-174.3624
4180.000000	99.823	-175.2674
4250.000000	99.673	-176.2703
4310.000000	99.542	-177.1754
4370.000000	99.397	-178.1334
4440.000000	99.205	-179.2507
4500.000000	99.022	179.8263
4550.000000	98.858	179.0922
4620.000000	98.611	178.1282
4680.000000	98.386	177.3699
4750.000000	98.107	176.5795
4820.000000	97.814	175.9040
4870.000000	97.597	175.4961
4940.000000	97.283	175.0350
5000.000000	97.007	174.7475
5080.000000	96.634	174.5258
5150.000000	96.302	174.4867
5220.000000	95.969	174.5900
5300.000000	95.590	174.8808
5380.000000	95.214	175.3540
5450.000000	94.890	175.9096
5520.000000	94.573	176.5900
5600.000000	94.222	177.5102
5700.000000	93.800	178.8589
5800.000000	93.403	-179.5991
5900.000000	93.030	-177.8899
6000.000000	92.684	-176.0356
6080.000000	92.428	-174.4625
6150.000000	92.218	-173.0311
6220.000000	92.025	-171.5527
6300.000000	91.832	-169.8130
6400.000000	91.640	-167.5741
6500.000000	91.491	-165.2725
6600.000000	91.373	-162.9273
6700.000000	91.285	-160.5434
6800.000000	91.228	-158.1276
6900.000000	91.204	-155.6911
7000.000000	91.216	-153.2411
7100.000000	91.267	-150.8093
7200.000000	91.357	-148.4440
7300.000000	91.484	-146.1639
7400.000000	91.645	-143.9652
7500.000000	91.846	-141.8547
7620.000000	92.141	-139.4640
7750.000000	92.533	-137.1022
7880.000000	93.004	-135.0478
8000.000000	93.494	-133.5220
8120.000000	94.025	-132.4749
8250.000000	94.681	-132.0837
8380.000000	95.439	-132.7543
8500.000000	96.214	-134.6467
8620.000000	97.025	-138.1229
8750.000000	97.853	-143.9995
8850.000000	98.370	-150.0972
9000.000000	98.768	-161.3879
9120.000000	98.646	-171.3235
9250.000000	98.048	178.4049
9380.000000	97.061	169.8013
9500.000000	95.948	163.8635
9620.000000	94.770	159.8263
9750.000000	93.522	157.2539
9880.000000	92.357	156.1184
10000.000000	91.377	156.0204
10150.000000	90.285	156.8821
10300.000000	89.346	158.7164
10440.000000	88.644	161.1265
10600.000000	88.065	164.1979
10750.000000	87.722	167.1039
10900.000000	87.576	169.8795
11060.000000	87.651	172.3320
11200.000000	87.899	173.6460
11380.000000	88.401	173.7443
11500.000000	88.805	172.6792
11720.000000	89.595	168.3968
11800.000000	89.881	166.1209
12060.000000	90.751	156.0500
12200.000000	91.129	148.8446
12410.000000	91.441	135.7678
12500.000000	91.440	129.5031
12650.000000	91.217	118.6248
12800.000000	90.703	107.7879
13150.000000	88.617	85.8690
13200.000000	88.261	83.2698
13400.000000	86.806	74.1597
13600.000000	85.395	66.7234
13800.000000	84.099	60.3740
14000.000000	82.938	54.6188
14300.000000	81.439	46.3490
14500.000000	80.583	40.7713
14750.000000	79.678	33.5616
15000.000000	78.974	25.6520
15250.000000	78.440	16.6662
15500.000000	78.052	6.4625
15750.000000	77.820	-5.1672
16000.000000	77.799	-18.4704
16250.000000	78.032	-33.7780
16500.000000	78.444	-51.5300
16750.000000	78.947	-72.2101
17000.000000	79.449	-96.2932
17250.000000	79.819	-124.0918
17500.000000	79.895	-155.5766
17750.000000	79.529	169.6947
18000.000000	78.670	132.4128
18250.000000	77.369	92.9990
18500.000000	75.722	51.2991
18750.000000	73.805	6.5865
19000.000000	71.639	-42.1138
19250.000000	69.182	-95.9268
19500.000000	66.342	-155.7876
19750.000000	63.095	135.6395
20000.000000	60.348	63.5264
