* Measurement data measured by REW V5.31.3
* Source: USB-C to 3.5mm Headphone Jack Adapter, USB-C to 3.5mm Headphone Jack Adapter, 0, volume: 0.295
* Format: 256k Log Swept Sine, 4 sweeps at -12.0 dBFS with no timing reference
* Dated: May 4, 2025 11:22:19 PM
* REW Settings:
*  C-weighting compensation: Off
*  Target level: 75.0 dB
* Note: ; 
* Measurement: Nightjar Singularity EX11 R
* Smoothing: 1/24 octave
* Frequency Step: 1/48 octave
* Start Frequency: 20.300 Hz
*
* Freq(Hz)	SPL(dB)	Phase(degrees)
20.299999	107.548	178.1499
20.600000	107.537	177.7084
20.900000	107.521	177.2316
21.200001	107.506	176.7475
21.400000	107.496	176.4198
21.799999	107.477	175.7558
22.000000	107.467	175.4244
22.400000	107.448	174.7790
22.700001	107.433	174.3199
23.000000	107.419	173.8835
23.299999	107.405	173.4634
23.600000	107.390	173.0488
24.000000	107.370	172.4898
24.299999	107.352	172.0637
24.700001	107.326	171.4977
25.000000	107.304	171.0861
25.400000	107.277	170.5621
25.799999	107.256	170.0577
26.200001	107.238	169.5559
26.500000	107.223	169.1791
26.900000	107.197	168.6941
27.200001	107.170	168.3635
27.600000	107.129	167.9861
28.000000	107.090	167.6659
28.500000	107.054	167.2563
29.000000	107.031	166.7229
29.500000	107.005	166.0479
30.000000	106.968	165.3346
30.400000	106.933	164.8168
30.700001	106.907	164.4761
31.100000	106.877	164.0720
31.500000	106.852	163.6941
32.000000	106.819	163.2215
32.500000	106.781	162.7457
33.000000	106.738	162.2829
33.500000	106.696	161.8365
34.000000	106.657	161.3989
34.500000	106.621	160.9683
35.000000	106.586	160.5486
35.500000	106.550	160.1373
36.000000	106.511	159.7266
36.500000	106.469	159.3170
37.000000	106.424	158.9186
37.500000	106.380	158.5369
38.200001	106.324	158.0155
38.700001	106.285	157.6418
39.500000	106.220	157.0548
40.000000	106.178	156.7036
40.599998	106.129	156.2947
41.200001	106.081	155.9009
41.799999	106.033	155.5344
42.500000	105.979	155.1340
43.099998	105.932	154.7765
43.700001	105.883	154.3822
44.400002	105.820	153.9036
45.000000	105.766	153.5241
45.500000	105.724	153.2409
46.200001	105.669	152.8703
46.799999	105.619	152.5526
47.500000	105.556	152.1798
48.200001	105.498	151.7971
48.700001	105.463	151.5003
49.400002	105.415	151.0649
50.000000	105.368	150.7347
50.799999	105.298	150.4195
51.500000	105.237	150.1897
52.200001	105.177	149.9141
53.000000	105.109	149.5479
53.799999	105.046	149.1795
54.500000	104.991	148.8851
55.200001	104.935	148.6170
56.000000	104.869	148.2913
57.000000	104.778	147.8481
58.000000	104.696	147.4875
59.000000	104.632	147.1592
60.000000	104.562	146.8201
60.799999	104.501	146.5717
61.500000	104.448	146.3547
62.200001	104.395	146.1363
63.000000	104.333	145.8968
64.000000	104.253	145.5978
65.000000	104.170	145.2994
66.000000	104.094	145.0119
67.000000	104.023	144.7255
68.000000	103.950	144.4660
69.000000	103.875	144.2249
70.000000	103.800	143.9756
71.000000	103.726	143.7280
72.000000	103.653	143.4984
73.000000	103.582	143.2876
74.000000	103.511	143.0810
75.000000	103.440	142.8708
76.199997	103.355	142.6252
77.500000	103.263	142.3752
78.800003	103.172	142.1422
80.000000	103.088	141.9373
81.199997	103.006	141.7306
82.500000	102.920	141.5182
83.800003	102.834	141.3248
85.000000	102.751	141.1172
86.199997	102.669	140.9294
87.500000	102.589	140.7984
88.500000	102.528	140.7030
90.000000	102.432	140.5347
91.199997	102.354	140.3868
92.500000	102.272	140.2433
93.800003	102.192	140.1165
95.000000	102.118	140.0044
96.199997	102.044	139.8983
97.500000	101.964	139.7997
98.800003	101.882	139.7289
100.000000	101.809	139.6597
101.500000	101.725	139.5004
103.000000	101.641	139.3657
104.400002	101.562	139.2946
106.000000	101.467	139.2463
107.500000	101.385	139.2787
109.000000	101.312	139.1832
110.599998	101.219	139.0249
112.000000	101.139	139.0019
113.800003	101.047	138.9758
115.000000	100.987	138.9128
117.199997	100.872	138.8620
118.000000	100.833	138.8587
120.599998	100.706	138.8136
122.000000	100.638	138.8048
124.099998	100.536	138.7880
125.000000	100.494	138.7726
126.500000	100.424	138.7339
128.000000	100.352	138.6852
131.500000	100.194	138.6579
132.000000	100.173	138.6582
134.000000	100.089	138.6566
136.000000	100.003	138.6660
138.000000	99.911	138.6946
140.000000	99.822	138.7534
143.000000	99.695	138.7488
145.000000	99.608	138.7781
147.500000	99.507	138.9175
150.000000	99.412	139.0553
152.500000	99.321	139.1591
155.000000	99.217	139.2656
157.500000	99.125	139.3562
160.000000	99.033	139.4462
162.500000	98.942	139.5249
165.000000	98.847	139.5938
167.500000	98.743	139.7216
170.000000	98.642	139.8700
172.500000	98.550	139.9736
175.000000	98.461	140.0959
177.500000	98.366	140.3044
180.000000	98.272	140.4963
182.500000	98.183	140.6989
185.000000	98.098	140.8826
187.500000	98.019	141.0436
190.000000	97.940	141.1856
192.500000	97.859	141.2986
195.000000	97.782	141.4637
197.500000	97.711	141.6442
200.000000	97.642	141.7927
203.000000	97.549	142.0502
206.000000	97.452	142.2479
209.000000	97.364	142.4265
212.000000	97.286	142.7138
214.000000	97.234	142.9254
218.000000	97.131	143.2874
220.000000	97.079	143.4840
224.000000	96.984	143.8225
227.000000	96.916	144.0407
230.000000	96.846	144.2800
233.000000	96.776	144.5652
236.000000	96.716	144.8244
240.000000	96.642	145.0891
243.000000	96.575	145.2687
247.000000	96.483	145.5267
250.000000	96.419	145.7364
254.000000	96.332	146.0559
258.000000	96.246	146.3328
262.000000	96.156	146.6706
265.000000	96.094	146.9504
269.000000	96.011	147.2747
272.000000	95.948	147.5142
276.000000	95.869	147.8347
280.000000	95.793	148.1331
285.000000	95.699	148.5555
290.000000	95.603	148.9969
295.000000	95.510	149.4384
300.000000	95.419	149.8802
304.000000	95.348	150.2314
307.000000	95.296	150.4974
311.000000	95.228	150.8599
315.000000	95.161	151.2216
320.000000	95.080	151.6669
325.000000	95.001	152.1159
330.000000	94.923	152.5605
335.000000	94.848	153.0204
340.000000	94.773	153.4878
345.000000	94.701	153.9467
350.000000	94.631	154.4041
355.000000	94.561	154.8692
360.000000	94.493	155.3411
365.000000	94.426	155.8152
370.000000	94.359	156.2928
375.000000	94.295	156.7699
382.000000	94.208	157.4499
387.000000	94.148	157.9487
395.000000	94.053	158.7607
400.000000	93.996	159.2859
406.000000	93.932	159.9413
412.000000	93.877	160.5928
418.000000	93.826	161.2228
425.000000	93.770	161.9330
431.000000	93.720	162.5372
437.000000	93.676	163.1352
444.000000	93.625	163.7724
450.000000	93.584	164.3447
455.000000	93.554	164.8336
462.000000	93.520	165.5127
468.000000	93.494	166.0992
475.000000	93.458	166.6989
482.000000	93.416	167.2902
487.000000	93.393	167.7494
494.000000	93.365	168.3759
500.000000	93.338	168.8875
508.000000	93.300	169.5442
515.000000	93.267	170.1198
522.000000	93.235	170.7037
530.000000	93.201	171.3565
538.000000	93.164	171.9962
545.000000	93.132	172.5723
552.000000	93.103	173.1372
560.000000	93.074	173.7666
570.000000	93.036	174.5659
580.000000	92.998	175.3723
590.000000	92.960	176.1864
600.000000	92.925	177.0114
608.000000	92.898	177.6652
615.000000	92.876	178.2413
622.000000	92.854	178.8262
630.000000	92.830	179.4969
640.000000	92.804	-179.6741
650.000000	92.780	-178.8538
660.000000	92.760	-177.9868
670.000000	92.741	-177.1201
680.000000	92.724	-176.2724
690.000000	92.710	-175.4200
700.000000	92.698	-174.5609
710.000000	92.689	-173.7025
720.000000	92.682	-172.8403
730.000000	92.677	-171.9726
740.000000	92.675	-171.1003
750.000000	92.675	-170.2303
762.000000	92.681	-169.1911
775.000000	92.691	-168.0521
788.000000	92.706	-166.9104
800.000000	92.722	-165.8600
812.000000	92.740	-164.8001
825.000000	92.763	-163.6567
838.000000	92.791	-162.5172
850.000000	92.823	-161.4643
862.000000	92.860	-160.4208
875.000000	92.905	-159.2985
885.000000	92.944	-158.4421
900.000000	93.009	-157.1748
912.000000	93.067	-156.1756
925.000000	93.136	-155.0965
938.000000	93.211	-154.0348
950.000000	93.285	-153.0794
962.000000	93.365	-152.1467
975.000000	93.456	-151.1599
988.000000	93.553	-150.1988
1000.000000	93.648	-149.3366
1015.000000	93.772	-148.3036
1030.000000	93.902	-147.3190
1044.000000	94.029	-146.4367
1060.000000	94.181	-145.4934
1075.000000	94.328	-144.6725
1090.000000	94.480	-143.9096
1106.000000	94.648	-143.1631
1120.000000	94.798	-142.5725
1138.000000	94.994	-141.9078
1150.000000	95.125	-141.5232
1172.000000	95.367	-140.9617
1180.000000	95.454	-140.8012
1206.000000	95.727	-140.4047
1220.000000	95.867	-140.2673
1241.000000	96.069	-140.1553
1250.000000	96.153	-140.1364
1265.000000	96.292	-140.1365
1280.000000	96.425	-140.1662
1315.000000	96.709	-140.3083
1320.000000	96.746	-140.3334
1340.000000	96.889	-140.4362
1360.000000	97.022	-140.5353
1380.000000	97.147	-140.6279
1400.000000	97.265	-140.7087
1430.000000	97.432	-140.8036
1450.000000	97.539	-140.8469
1475.000000	97.668	-140.8796
1500.000000	97.794	-140.8986
1525.000000	97.918	-140.9074
1550.000000	98.041	-140.9104
1575.000000	98.162	-140.9096
1600.000000	98.281	-140.9024
1625.000000	98.396	-140.9005
1650.000000	98.510	-140.9065
1675.000000	98.624	-140.9217
1700.000000	98.738	-140.9468
1725.000000	98.853	-140.9873
1750.000000	98.968	-141.0479
1775.000000	99.083	-141.1293
1800.000000	99.197	-141.2307
1825.000000	99.312	-141.3521
1850.000000	99.427	-141.4975
1875.000000	99.540	-141.6685
1900.000000	99.654	-141.8654
1925.000000	99.766	-142.0901
1950.000000	99.877	-142.3423
1975.000000	99.986	-142.6216
2000.000000	100.095	-142.9302
2030.000000	100.224	-143.3395
2060.000000	100.350	-143.7891
2090.000000	100.472	-144.2772
2120.000000	100.590	-144.8034
2140.000000	100.665	-145.1751
2180.000000	100.808	-145.9632
2200.000000	100.875	-146.3777
2240.000000	101.001	-147.2480
2270.000000	101.088	-147.9335
2300.000000	101.168	-148.6433
2330.000000	101.240	-149.3738
2360.000000	101.304	-150.1187
2400.000000	101.378	-151.1295
2430.000000	101.424	-151.8974
2470.000000	101.473	-152.9237
2500.000000	101.501	-153.6907
2540.000000	101.529	-154.7043
2580.000000	101.544	-155.6979
2620.000000	101.547	-156.6611
2650.000000	101.542	-157.3593
2690.000000	101.524	-158.2539
2720.000000	101.505	-158.8919
2760.000000	101.472	-159.6942
2800.000000	101.431	-160.4377
2850.000000	101.374	-161.2819
2900.000000	101.312	-162.0410
2950.000000	101.248	-162.7333
3000.000000	101.181	-163.3722
3040.000000	101.124	-163.8445
3070.000000	101.079	-164.1745
3110.000000	101.019	-164.5786
3150.000000	100.957	-164.9398
3200.000000	100.881	-165.3344
3250.000000	100.807	-165.6712
3300.000000	100.734	-165.9531
3350.000000	100.665	-166.1888
3400.000000	100.600	-166.3864
3450.000000	100.538	-166.5513
3500.000000	100.482	-166.6912
3550.000000	100.430	-166.8152
3600.000000	100.383	-166.9299
3650.000000	100.341	-167.0435
3700.000000	100.304	-167.1624
3750.000000	100.271	-167.2939
3820.000000	100.228	-167.5130
3870.000000	100.198	-167.7005
3950.000000	100.142	-168.0029
4000.000000	100.105	-168.0991
4060.000000	100.089	-168.1356
4120.000000	100.104	-168.4135
4180.000000	100.110	-168.9878
4250.000000	100.087	-169.7955
4310.000000	100.052	-170.5364
4370.000000	100.005	-171.3232
4440.000000	99.935	-172.2992
4500.000000	99.863	-173.1815
4550.000000	99.792	-173.9469
4620.000000	99.676	-175.0599
4680.000000	99.559	-176.0444
4750.000000	99.400	-177.2103
4820.000000	99.214	-178.3697
4870.000000	99.066	-179.1760
4940.000000	98.835	179.7512
5000.000000	98.617	178.9022
5080.000000	98.303	177.9003
5150.000000	98.008	177.1656
5220.000000	97.697	176.5818
5300.000000	97.328	176.1109
5380.000000	96.946	175.8533
5450.000000	96.608	175.8043
5520.000000	96.268	175.9180
5600.000000	95.882	176.2381
5700.000000	95.407	176.9042
5800.000000	94.946	177.8430
5900.000000	94.504	179.0169
6000.000000	94.084	-179.6057
6080.000000	93.764	-178.3727
6150.000000	93.497	-177.2093
6220.000000	93.245	-175.9767
6300.000000	92.980	-174.4946
6400.000000	92.696	-172.5423
6500.000000	92.449	-170.5037
6600.000000	92.225	-168.3936
6700.000000	92.018	-166.1989
6800.000000	91.829	-163.8931
6900.000000	91.660	-161.4426
7000.000000	91.520	-158.8165
7100.000000	91.421	-156.0248
7200.000000	91.373	-153.1445
7300.000000	91.374	-150.2549
7400.000000	91.423	-147.3793
7500.000000	91.520	-144.5461
7620.000000	91.701	-141.2517
7750.000000	91.973	-137.8528
7880.000000	92.321	-134.6576
8000.000000	92.691	-131.9312
8120.000000	93.094	-129.4597
8250.000000	93.606	-127.1399
8380.000000	94.231	-125.3037
8500.000000	94.926	-124.2022
8620.000000	95.748	-123.9111
8750.000000	96.785	-124.9083
8850.000000	97.677	-126.9728
9000.000000	99.080	-133.0156
9120.000000	100.104	-140.9455
9250.000000	100.851	-152.5680
9380.000000	100.984	-166.0587
9500.000000	100.491	-178.2713
9620.000000	99.514	171.3667
9750.000000	98.143	163.1072
9880.000000	96.685	157.8675
10000.000000	95.401	155.1783
10150.000000	93.971	153.8673
10300.000000	92.760	154.0796
10440.000000	91.825	155.1713
10600.000000	90.977	157.1279
10750.000000	90.407	159.4027
10900.000000	90.076	161.6609
11060.000000	89.955	163.4026
11200.000000	89.984	164.1852
11380.000000	90.158	164.2052
11500.000000	90.348	163.5912
11720.000000	90.836	161.0844
11800.000000	91.059	159.6825
12060.000000	91.958	152.7594
12200.000000	92.525	147.0136
12410.000000	93.329	134.8486
12500.000000	93.578	128.2399
12650.000000	93.732	115.6823
12800.000000	93.446	102.0535
13150.000000	91.068	73.1590
13200.000000	90.596	69.8285
13400.000000	88.599	58.7381
13600.000000	86.626	50.6137
13800.000000	84.813	44.4493
14000.000000	83.198	39.4101
14300.000000	81.125	32.7753
14500.000000	79.955	28.4487
14750.000000	78.699	22.7397
15000.000000	77.650	16.4291
15250.000000	76.793	9.2764
15500.000000	76.122	1.0727
15750.000000	75.642	-8.4116
16000.000000	75.403	-19.4126
16250.000000	75.461	-32.1760
16500.000000	75.758	-47.0730
16750.000000	76.239	-64.5778
17000.000000	76.868	-85.2139
17250.000000	77.574	-109.6017
17500.000000	78.227	-138.3188
17750.000000	78.631	-171.6180
18000.000000	78.564	150.7854
18250.000000	77.875	109.7166
18500.000000	76.555	66.1119
18750.000000	74.723	20.2427
19000.000000	72.533	-28.5623
19250.000000	70.089	-81.4717
19500.000000	67.397	-140.1323
19750.000000	64.475	152.0853
20000.000000	62.130	81.5950
