* Measurement data measured by REW V5.31.3
* Source: USB-C to 3.5mm Headphone Jack Adapter, USB-C to 3.5mm Headphone Jack Adapter, 0, volume: 0.295
* Format: 256k Log Swept Sine, 4 sweeps at -12.0 dBFS with no timing reference
* Dated: May 21, 2025 1:11:40 PM
* REW Settings:
*  C-weighting compensation: Off
*  Target level: 75.0 dB
* Note: ; 
* Measurement: Nightjar Singularity Epro L
* Smoothing: 1/24 octave
* Frequency Step: 1/48 octave
* Start Frequency: 20.300 Hz
*
* Freq(Hz)	SPL(dB)	Phase(degrees)
20.299999	107.742	168.8006
20.600000	107.719	168.3387
20.900000	107.687	167.8456
21.200001	107.653	167.3684
21.400000	107.631	167.0644
21.799999	107.593	166.4928
22.000000	107.579	166.2227
22.400000	107.557	165.6998
22.700001	107.544	165.3094
23.000000	107.530	164.9118
23.299999	107.512	164.5063
23.600000	107.486	164.1000
24.000000	107.439	163.5767
24.299999	107.398	163.2109
24.700001	107.344	162.7627
25.000000	107.307	162.4457
25.400000	107.268	162.0213
25.799999	107.241	161.5688
26.200001	107.221	161.0830
26.500000	107.206	160.7091
26.900000	107.182	160.2235
27.200001	107.160	159.8827
27.600000	107.126	159.4647
28.000000	107.089	159.0779
28.500000	107.037	158.6104
29.000000	106.981	158.1393
29.500000	106.924	157.6590
30.000000	106.871	157.1676
30.400000	106.832	156.7623
30.700001	106.804	156.4506
31.100000	106.768	156.0302
31.500000	106.729	155.6172
32.000000	106.675	155.1358
32.500000	106.620	154.7102
33.000000	106.567	154.3318
33.500000	106.519	153.9699
34.000000	106.476	153.5956
34.500000	106.434	153.2008
35.000000	106.391	152.7935
35.500000	106.346	152.3763
36.000000	106.298	151.9414
36.500000	106.242	151.4893
37.000000	106.178	151.0454
37.500000	106.108	150.6459
38.200001	106.016	150.1827
38.700001	105.964	149.8872
39.500000	105.898	149.4010
40.000000	105.861	149.0914
40.599998	105.814	148.7513
41.200001	105.767	148.4630
41.799999	105.719	148.1986
42.500000	105.655	147.8710
43.099998	105.591	147.5745
43.700001	105.531	147.2491
44.400002	105.478	146.7257
45.000000	105.432	146.1418
45.500000	105.379	145.6910
46.200001	105.295	145.3458
46.799999	105.236	145.2740
47.500000	105.174	145.1689
48.200001	105.092	144.9505
48.700001	105.027	144.7836
49.400002	104.950	144.5253
50.000000	104.900	144.2258
50.799999	104.831	143.8050
51.500000	104.767	143.5470
52.200001	104.710	143.3498
53.000000	104.645	143.0843
53.799999	104.567	142.7850
54.500000	104.492	142.5521
55.200001	104.419	142.3544
56.000000	104.347	142.0792
57.000000	104.251	141.5996
58.000000	104.145	141.1886
59.000000	104.065	140.8202
60.000000	103.995	140.3913
60.799999	103.929	140.1458
61.500000	103.867	140.0457
62.200001	103.804	139.9867
63.000000	103.733	139.8643
64.000000	103.641	139.5680
65.000000	103.545	139.2289
66.000000	103.453	138.9676
67.000000	103.369	138.7576
68.000000	103.282	138.5613
69.000000	103.191	138.4353
70.000000	103.108	138.3320
71.000000	103.031	138.1789
72.000000	102.954	138.0248
73.000000	102.874	137.8880
74.000000	102.796	137.7285
75.000000	102.724	137.5152
76.199997	102.634	137.3185
77.500000	102.530	137.2101
78.800003	102.432	137.0038
80.000000	102.358	136.6755
81.199997	102.272	136.4243
82.500000	102.172	136.3813
83.800003	102.071	136.4194
85.000000	101.977	136.3622
86.199997	101.880	136.2245
87.500000	101.799	136.1995
88.500000	101.748	136.1722
90.000000	101.656	136.0067
91.199997	101.596	135.8608
92.500000	101.512	135.7227
93.800003	101.379	135.6868
95.000000	101.279	135.8164
96.199997	101.241	135.9090
97.500000	101.193	135.7664
98.800003	101.109	135.4941
100.000000	101.025	135.3265
101.500000	100.929	135.3521
103.000000	100.848	135.3687
104.400002	100.777	135.2863
106.000000	100.682	135.2391
107.500000	100.587	135.2235
109.000000	100.484	135.2765
110.599998	100.393	135.2678
112.000000	100.339	135.2450
113.800003	100.261	135.4111
115.000000	100.199	135.4483
117.199997	100.086	135.2135
118.000000	100.050	135.1177
120.599998	99.929	134.9651
122.000000	99.850	134.9594
124.099998	99.732	134.8185
125.000000	99.688	134.7780
126.500000	99.614	134.8029
128.000000	99.534	134.8488
131.500000	99.365	134.8721
132.000000	99.341	134.8762
134.000000	99.239	134.8461
136.000000	99.120	134.6424
138.000000	99.022	134.7150
140.000000	98.943	134.9583
143.000000	98.815	135.1280
145.000000	98.726	135.2889
147.500000	98.602	135.4930
150.000000	98.489	135.7383
152.500000	98.401	136.0974
155.000000	98.328	136.3913
157.500000	98.264	136.5337
160.000000	98.181	136.5068
162.500000	98.091	136.5985
165.000000	97.999	136.6643
167.500000	97.902	136.7262
170.000000	97.802	136.7997
172.500000	97.706	136.9185
175.000000	97.603	137.0688
177.500000	97.507	137.2171
180.000000	97.422	137.3761
182.500000	97.331	137.6262
185.000000	97.235	137.7897
187.500000	97.137	137.8615
190.000000	97.055	138.0270
192.500000	96.976	138.2379
195.000000	96.881	138.4091
197.500000	96.790	138.6134
200.000000	96.707	138.8006
203.000000	96.614	139.0837
206.000000	96.528	139.4611
209.000000	96.454	139.7577
212.000000	96.377	139.8703
214.000000	96.321	139.9683
218.000000	96.210	140.2960
220.000000	96.156	140.4561
224.000000	96.050	140.7717
227.000000	95.974	140.9988
230.000000	95.898	141.2334
233.000000	95.821	141.4780
236.000000	95.741	141.7315
240.000000	95.640	142.0459
243.000000	95.569	142.2780
247.000000	95.481	142.5988
250.000000	95.417	142.8620
254.000000	95.333	143.2912
258.000000	95.236	143.7066
262.000000	95.133	144.0832
265.000000	95.065	144.3513
269.000000	94.981	144.7561
272.000000	94.910	145.0538
276.000000	94.820	145.3687
280.000000	94.749	145.7255
285.000000	94.660	146.2896
290.000000	94.556	146.7654
295.000000	94.463	147.3107
300.000000	94.360	147.7573
304.000000	94.289	148.0729
307.000000	94.240	148.3760
311.000000	94.171	148.7960
315.000000	94.102	149.1777
320.000000	94.022	149.6549
325.000000	93.945	150.1408
330.000000	93.861	150.6509
335.000000	93.785	151.1895
340.000000	93.708	151.7392
345.000000	93.637	152.3186
350.000000	93.571	152.8746
355.000000	93.501	153.4014
360.000000	93.434	153.9517
365.000000	93.375	154.5161
370.000000	93.320	155.0697
375.000000	93.269	155.6083
382.000000	93.200	156.3378
387.000000	93.154	156.8648
395.000000	93.088	157.7105
400.000000	93.049	158.2205
406.000000	93.003	158.8135
412.000000	92.958	159.3949
418.000000	92.918	159.9588
425.000000	92.872	160.5912
431.000000	92.834	161.1317
437.000000	92.798	161.6646
444.000000	92.755	162.2649
450.000000	92.718	162.7573
455.000000	92.688	163.1605
462.000000	92.646	163.7252
468.000000	92.610	164.2151
475.000000	92.567	164.7700
482.000000	92.525	165.3162
487.000000	92.496	165.7136
494.000000	92.456	166.2682
500.000000	92.421	166.7458
508.000000	92.376	167.3827
515.000000	92.338	167.9458
522.000000	92.300	168.5085
530.000000	92.259	169.1520
538.000000	92.220	169.8029
545.000000	92.186	170.3750
552.000000	92.152	170.9485
560.000000	92.115	171.5935
570.000000	92.073	172.4003
580.000000	92.032	173.2193
590.000000	91.994	174.0391
600.000000	91.958	174.8520
608.000000	91.929	175.5145
615.000000	91.906	176.0991
622.000000	91.886	176.6814
630.000000	91.864	177.3413
640.000000	91.837	178.1607
650.000000	91.813	178.9939
660.000000	91.792	179.8244
670.000000	91.774	-179.3484
680.000000	91.760	-178.5117
690.000000	91.747	-177.6784
700.000000	91.735	-176.8537
710.000000	91.726	-176.0138
720.000000	91.721	-175.1697
730.000000	91.717	-174.3276
740.000000	91.716	-173.4894
750.000000	91.717	-172.6454
762.000000	91.723	-171.6360
775.000000	91.733	-170.5456
788.000000	91.749	-169.4536
800.000000	91.767	-168.4499
812.000000	91.786	-167.4525
825.000000	91.809	-166.3743
838.000000	91.837	-165.3021
850.000000	91.868	-164.3158
862.000000	91.903	-163.3342
875.000000	91.947	-162.2881
885.000000	91.985	-161.4940
900.000000	92.048	-160.3217
912.000000	92.104	-159.4019
925.000000	92.169	-158.4217
938.000000	92.240	-157.4644
950.000000	92.311	-156.6066
962.000000	92.385	-155.7738
975.000000	92.469	-154.9003
988.000000	92.558	-154.0607
1000.000000	92.643	-153.3122
1015.000000	92.754	-152.4169
1030.000000	92.868	-151.5723
1044.000000	92.978	-150.8288
1060.000000	93.107	-150.0349
1075.000000	93.230	-149.3415
1090.000000	93.355	-148.6962
1106.000000	93.489	-148.0663
1120.000000	93.607	-147.5657
1138.000000	93.759	-146.9801
1150.000000	93.860	-146.6266
1172.000000	94.044	-146.0530
1180.000000	94.110	-145.8658
1206.000000	94.320	-145.3436
1220.000000	94.430	-145.1139
1241.000000	94.593	-144.8248
1250.000000	94.662	-144.7210
1265.000000	94.779	-144.5741
1280.000000	94.894	-144.4554
1315.000000	95.150	-144.2596
1320.000000	95.184	-144.2397
1340.000000	95.318	-144.1760
1360.000000	95.446	-144.1307
1380.000000	95.567	-144.1015
1400.000000	95.682	-144.0838
1430.000000	95.845	-144.0677
1450.000000	95.948	-144.0576
1475.000000	96.071	-144.0428
1500.000000	96.189	-144.0231
1525.000000	96.303	-143.9985
1550.000000	96.414	-143.9701
1575.000000	96.521	-143.9403
1600.000000	96.624	-143.9096
1625.000000	96.722	-143.8765
1650.000000	96.817	-143.8451
1675.000000	96.910	-143.8175
1700.000000	97.003	-143.7923
1725.000000	97.095	-143.7734
1750.000000	97.186	-143.7600
1775.000000	97.277	-143.7515
1800.000000	97.367	-143.7545
1825.000000	97.457	-143.7747
1850.000000	97.545	-143.8071
1875.000000	97.630	-143.8407
1900.000000	97.714	-143.8647
1925.000000	97.800	-143.8717
1950.000000	97.891	-143.8758
1975.000000	97.988	-143.9103
2000.000000	98.090	-144.0042
2030.000000	98.211	-144.1955
2060.000000	98.325	-144.4442
2090.000000	98.432	-144.7249
2120.000000	98.534	-145.0242
2140.000000	98.599	-145.2321
2180.000000	98.723	-145.6677
2200.000000	98.783	-145.8961
2240.000000	98.896	-146.3721
2270.000000	98.977	-146.7456
2300.000000	99.053	-147.1314
2330.000000	99.125	-147.5279
2360.000000	99.193	-147.9355
2400.000000	99.277	-148.4914
2430.000000	99.335	-148.9155
2470.000000	99.406	-149.4894
2500.000000	99.455	-149.9244
2540.000000	99.516	-150.5077
2580.000000	99.571	-151.0889
2620.000000	99.620	-151.6643
2650.000000	99.652	-152.0907
2690.000000	99.690	-152.6499
2720.000000	99.714	-153.0616
2760.000000	99.743	-153.5996
2800.000000	99.766	-154.1244
2850.000000	99.790	-154.7592
2900.000000	99.808	-155.3694
2950.000000	99.819	-155.9568
3000.000000	99.827	-156.5148
3040.000000	99.829	-156.9383
3070.000000	99.829	-157.2411
3110.000000	99.829	-157.6238
3150.000000	99.829	-157.9824
3200.000000	99.831	-158.3958
3250.000000	99.837	-158.7797
3300.000000	99.851	-159.1680
3350.000000	99.871	-159.6006
3400.000000	99.892	-160.0941
3450.000000	99.907	-160.6453
3500.000000	99.915	-161.2275
3550.000000	99.917	-161.8189
3600.000000	99.913	-162.4124
3650.000000	99.905	-163.0086
3700.000000	99.894	-163.6078
3750.000000	99.879	-164.2081
3820.000000	99.855	-165.0514
3870.000000	99.838	-165.6560
3950.000000	99.814	-166.6765
4000.000000	99.799	-167.4012
4060.000000	99.769	-168.4123
4120.000000	99.714	-169.5545
4180.000000	99.628	-170.7167
4250.000000	99.504	-172.0006
4310.000000	99.385	-173.1029
4370.000000	99.247	-174.2233
4440.000000	99.059	-175.4921
4500.000000	98.876	-176.5184
4550.000000	98.709	-177.3202
4620.000000	98.456	-178.3398
4680.000000	98.223	-179.1024
4750.000000	97.934	-179.8472
4820.000000	97.631	179.5775
4870.000000	97.408	179.2756
4940.000000	97.091	179.0127
5000.000000	96.817	178.9384
5080.000000	96.456	179.0477
5150.000000	96.145	179.3253
5220.000000	95.844	179.7563
5300.000000	95.512	-179.5822
5380.000000	95.195	-178.7584
5450.000000	94.933	-177.9182
5520.000000	94.684	-176.9769
5600.000000	94.420	-175.7947
5700.000000	94.120	-174.1858
5800.000000	93.854	-172.4667
5900.000000	93.623	-170.6706
6000.000000	93.424	-168.8188
6080.000000	93.288	-167.3025
6150.000000	93.185	-165.9467
6220.000000	93.101	-164.5629
6300.000000	93.038	-162.9493
6400.000000	93.020	-160.8950
6500.000000	93.062	-158.8330
6600.000000	93.155	-156.8069
6700.000000	93.300	-154.8476
6800.000000	93.500	-152.9887
6900.000000	93.761	-151.2717
7000.000000	94.092	-149.7543
7100.000000	94.502	-148.5326
7200.000000	95.000	-147.7652
7300.000000	95.587	-147.6667
7400.000000	96.252	-148.4853
7500.000000	96.973	-150.4892
7620.000000	97.846	-154.8759
7750.000000	98.647	-162.4162
7880.000000	99.067	-172.5582
8000.000000	98.930	176.9375
8120.000000	98.239	166.9353
8250.000000	97.018	158.1517
8380.000000	95.544	152.1317
8500.000000	94.132	148.8595
8620.000000	92.769	147.3328
8750.000000	91.397	147.1237
8850.000000	90.426	147.7005
9000.000000	89.105	149.4091
9120.000000	88.157	151.2926
9250.000000	87.231	153.6938
9380.000000	86.400	156.3686
9500.000000	85.709	159.0063
9620.000000	85.086	161.7577
9750.000000	84.480	164.8336
9880.000000	83.942	167.9871
10000.000000	83.503	170.9592
10150.000000	83.028	174.8147
10300.000000	82.648	178.9825
10440.000000	82.420	-176.8965
10600.000000	82.332	-172.2826
10750.000000	82.408	-168.2302
10900.000000	82.646	-164.5689
11060.000000	83.094	-161.3936
11200.000000	83.640	-159.6028
11380.000000	84.489	-159.1166
11500.000000	85.098	-160.0392
11720.000000	86.205	-164.2548
11800.000000	86.584	-166.5539
12060.000000	87.650	-176.6842
12200.000000	88.059	176.2912
12410.000000	88.352	164.1959
12500.000000	88.341	158.6973
12650.000000	88.137	149.5454
12800.000000	87.723	140.8393
13150.000000	86.259	123.9532
13200.000000	86.030	121.9668
13400.000000	85.144	114.9137
13600.000000	84.369	108.9120
13800.000000	83.752	103.4547
14000.000000	83.312	98.1071
14300.000000	83.017	89.5448
14500.000000	83.087	82.8956
14750.000000	83.484	72.6933
15000.000000	84.254	59.2845
15250.000000	85.283	40.7078
15500.000000	86.090	15.5410
15750.000000	85.986	-14.9087
16000.000000	84.629	-46.2073
16250.000000	82.382	-74.2115
16500.000000	79.849	-97.9823
16750.000000	77.433	-118.8102
17000.000000	75.275	-138.3947
17250.000000	73.368	-158.0411
17500.000000	71.655	-178.6236
17750.000000	70.080	159.2997
18000.000000	68.599	135.0974
18250.000000	67.183	107.8917
18500.000000	65.810	77.0539
18750.000000	64.418	41.7262
19000.000000	62.917	1.1567
19250.000000	61.205	-45.5897
19500.000000	59.181	-99.8304
19750.000000	56.876	-163.9761
20000.000000	55.057	129.8492
