* Measurement data measured by REW V5.31.3
* Source: USB-C to 3.5mm Headphone Jack Adapter, USB-C to 3.5mm Headphone Jack Adapter, 0, volume: 0.295
* Format: 256k Log Swept Sine, 4 sweeps at -12.0 dBFS with no timing reference
* Dated: Mar 2, 2025 11:50:38 PM
* REW Settings:
*  C-weighting compensation: Off
*  Target level: 75.0 dB
* Note: ; 
* Measurement: L Nightjar Singularity Coreir ALU
* Smoothing: 1/24 octave
* Frequency Step: 1/48 octave
* Start Frequency: 20.300 Hz
*
* Freq(Hz)	SPL(dB)	Phase(degrees)
20.299999	106.236	172.8706
20.600000	106.222	172.4443
20.900000	106.202	171.9970
21.200001	106.179	171.5620
21.400000	106.166	171.2761
21.799999	106.142	170.7052
22.000000	106.132	170.4193
22.400000	106.112	169.8564
22.700001	106.097	169.4549
23.000000	106.081	169.0805
23.299999	106.065	168.7329
23.600000	106.048	168.4036
24.000000	106.024	167.9703
24.299999	106.001	167.6376
24.700001	105.964	167.1834
25.000000	105.931	166.8443
25.400000	105.884	166.4076
25.799999	105.844	165.9844
26.200001	105.817	165.5477
26.500000	105.804	165.1937
26.900000	105.792	164.6823
27.200001	105.782	164.2839
27.600000	105.763	163.7693
28.000000	105.738	163.3054
28.500000	105.705	162.7965
29.000000	105.675	162.3115
29.500000	105.642	161.8056
30.000000	105.605	161.2998
30.400000	105.573	160.9292
30.700001	105.550	160.6782
31.100000	105.522	160.3679
31.500000	105.496	160.0611
32.000000	105.462	159.6501
32.500000	105.421	159.2010
33.000000	105.376	158.7307
33.500000	105.333	158.2654
34.000000	105.292	157.8330
34.500000	105.256	157.4523
35.000000	105.219	157.1186
35.500000	105.176	156.8074
36.000000	105.126	156.4953
36.500000	105.073	156.1682
37.000000	105.025	155.8111
37.500000	104.988	155.4154
38.200001	104.945	154.8676
38.700001	104.913	154.5836
39.500000	104.865	154.3327
40.000000	104.837	154.1390
40.599998	104.790	153.7187
41.200001	104.719	153.1605
41.799999	104.639	152.6260
42.500000	104.563	152.1192
43.099998	104.513	151.7615
43.700001	104.467	151.4606
44.400002	104.415	151.1421
45.000000	104.370	150.8336
45.500000	104.330	150.5426
46.200001	104.268	150.1384
46.799999	104.215	149.8288
47.500000	104.158	149.4955
48.200001	104.102	149.1651
48.700001	104.061	148.9213
49.400002	103.999	148.5705
50.000000	103.940	148.2843
50.799999	103.861	147.9486
51.500000	103.803	147.6558
52.200001	103.751	147.3344
53.000000	103.694	146.9842
53.799999	103.636	146.6850
54.500000	103.582	146.4384
55.200001	103.523	146.1890
56.000000	103.455	145.8896
57.000000	103.375	145.4885
58.000000	103.298	145.1243
59.000000	103.220	144.8232
60.000000	103.140	144.5153
60.799999	103.073	144.2335
61.500000	103.015	143.9671
62.200001	102.959	143.7099
63.000000	102.897	143.4605
64.000000	102.821	143.2202
65.000000	102.742	143.0136
66.000000	102.666	142.7862
67.000000	102.594	142.5195
68.000000	102.520	142.2486
69.000000	102.436	141.9880
70.000000	102.348	141.7287
71.000000	102.263	141.4998
72.000000	102.184	141.3175
73.000000	102.110	141.1311
74.000000	102.040	140.9364
75.000000	101.969	140.8183
76.199997	101.876	140.6941
77.500000	101.759	140.4528
78.800003	101.680	140.2544
80.000000	101.621	140.0502
81.199997	101.554	139.9214
82.500000	101.472	139.8608
83.800003	101.359	139.8743
85.000000	101.249	139.7096
86.199997	101.160	139.3647
87.500000	101.080	139.0036
88.500000	101.019	138.7844
90.000000	100.920	138.7287
91.199997	100.831	138.8014
92.500000	100.728	138.4728
93.800003	100.647	138.0158
95.000000	100.613	138.0950
96.199997	100.598	138.3777
97.500000	100.551	138.6062
98.800003	100.440	138.9008
100.000000	100.307	138.9329
101.500000	100.200	138.2705
103.000000	100.171	137.9273
104.400002	100.123	137.9824
106.000000	100.038	137.8890
107.500000	99.938	137.8234
109.000000	99.827	137.6439
110.599998	99.743	137.4731
112.000000	99.674	137.5155
113.800003	99.565	137.5053
115.000000	99.498	137.4637
117.199997	99.371	137.4457
118.000000	99.323	137.4498
120.599998	99.192	137.5106
122.000000	99.121	137.5300
124.099998	99.004	137.6969
125.000000	98.960	137.7681
126.500000	98.898	137.8422
128.000000	98.843	137.9079
131.500000	98.716	137.9245
132.000000	98.698	137.9313
134.000000	98.622	137.9801
136.000000	98.537	138.0057
138.000000	98.468	137.9841
140.000000	98.416	137.9769
143.000000	98.297	137.8988
145.000000	98.200	137.9218
147.500000	98.086	137.9103
150.000000	98.024	137.9139
152.500000	97.938	137.9380
155.000000	97.815	138.1377
157.500000	97.702	138.5351
160.000000	97.527	139.6615
162.500000	97.435	139.5526
165.000000	97.408	138.6482
167.500000	97.344	138.4403
170.000000	97.234	138.4487
172.500000	97.114	138.5099
175.000000	97.016	138.6692
177.500000	96.947	138.8831
180.000000	96.882	138.9560
182.500000	96.793	139.0746
185.000000	96.691	139.2409
187.500000	96.590	139.3871
190.000000	96.497	139.5258
192.500000	96.409	139.6845
195.000000	96.324	139.8551
197.500000	96.238	140.0421
200.000000	96.149	140.2815
203.000000	96.060	140.5044
206.000000	95.973	140.7159
209.000000	95.884	140.9256
212.000000	95.796	141.1298
214.000000	95.741	141.2910
218.000000	95.641	141.6416
220.000000	95.589	141.8283
224.000000	95.483	142.1426
227.000000	95.407	142.3344
230.000000	95.332	142.5735
233.000000	95.256	142.8173
236.000000	95.184	143.0318
240.000000	95.088	143.3305
243.000000	95.017	143.5666
247.000000	94.922	143.8836
250.000000	94.851	144.1246
254.000000	94.760	144.4652
258.000000	94.670	144.8004
262.000000	94.582	145.1335
265.000000	94.518	145.3754
269.000000	94.433	145.7072
272.000000	94.370	145.9634
276.000000	94.286	146.2990
280.000000	94.201	146.6455
285.000000	94.097	147.0791
290.000000	93.996	147.5104
295.000000	93.898	147.9449
300.000000	93.798	148.3774
304.000000	93.722	148.7474
307.000000	93.665	149.0348
311.000000	93.589	149.4176
315.000000	93.514	149.8027
320.000000	93.425	150.2913
325.000000	93.337	150.7886
330.000000	93.250	151.3090
335.000000	93.165	151.8444
340.000000	93.085	152.3884
345.000000	93.008	152.9335
350.000000	92.937	153.4949
355.000000	92.869	154.0749
360.000000	92.805	154.6683
365.000000	92.747	155.2436
370.000000	92.693	155.8053
375.000000	92.641	156.3630
382.000000	92.575	157.1037
387.000000	92.532	157.6116
395.000000	92.463	158.3926
400.000000	92.420	158.8501
406.000000	92.370	159.3850
412.000000	92.319	159.9221
418.000000	92.272	160.4376
425.000000	92.217	161.0167
431.000000	92.165	161.5276
437.000000	92.115	162.0588
444.000000	92.059	162.7049
450.000000	92.015	163.2246
455.000000	91.978	163.6724
462.000000	91.924	164.2781
468.000000	91.877	164.7601
475.000000	91.824	165.3571
482.000000	91.774	165.9792
487.000000	91.735	166.4144
494.000000	91.683	167.0292
500.000000	91.642	167.5703
508.000000	91.591	168.2855
515.000000	91.547	168.9102
522.000000	91.506	169.5389
530.000000	91.463	170.2426
538.000000	91.420	170.9578
545.000000	91.380	171.5956
552.000000	91.343	172.2215
560.000000	91.305	172.9413
570.000000	91.259	173.8432
580.000000	91.215	174.7447
590.000000	91.175	175.6612
600.000000	91.137	176.5615
608.000000	91.107	177.2881
615.000000	91.084	177.9218
622.000000	91.063	178.5644
630.000000	91.040	179.3040
640.000000	91.014	-179.7832
650.000000	90.990	-178.8667
660.000000	90.969	-177.9484
670.000000	90.953	-177.0243
680.000000	90.938	-176.1031
690.000000	90.927	-175.1750
700.000000	90.918	-174.2388
710.000000	90.911	-173.3134
720.000000	90.909	-172.3889
730.000000	90.909	-171.4498
740.000000	90.912	-170.5051
750.000000	90.918	-169.5684
762.000000	90.931	-168.4393
775.000000	90.952	-167.2142
788.000000	90.978	-166.0068
800.000000	91.007	-164.8911
812.000000	91.038	-163.7811
825.000000	91.076	-162.5833
838.000000	91.118	-161.3979
850.000000	91.166	-160.3176
862.000000	91.219	-159.2420
875.000000	91.281	-158.0901
885.000000	91.334	-157.2222
900.000000	91.422	-155.9527
912.000000	91.500	-154.9658
925.000000	91.590	-153.9335
938.000000	91.686	-152.9424
950.000000	91.780	-152.0654
962.000000	91.878	-151.2275
975.000000	91.989	-150.3627
988.000000	92.104	-149.5373
1000.000000	92.213	-148.8211
1015.000000	92.351	-148.0000
1030.000000	92.490	-147.2477
1044.000000	92.621	-146.6047
1060.000000	92.771	-145.9417
1075.000000	92.911	-145.3893
1090.000000	93.050	-144.8951
1106.000000	93.195	-144.4295
1120.000000	93.318	-144.0752
1138.000000	93.472	-143.6845
1150.000000	93.571	-143.4491
1172.000000	93.745	-143.0715
1180.000000	93.805	-142.9528
1206.000000	93.994	-142.6197
1220.000000	94.090	-142.4663
1241.000000	94.229	-142.2606
1250.000000	94.288	-142.1800
1265.000000	94.386	-142.0511
1280.000000	94.482	-141.9285
1315.000000	94.696	-141.6666
1320.000000	94.725	-141.6298
1340.000000	94.839	-141.4814
1360.000000	94.949	-141.3289
1380.000000	95.056	-141.1751
1400.000000	95.160	-141.0214
1430.000000	95.311	-140.7825
1450.000000	95.409	-140.6186
1475.000000	95.530	-140.4105
1500.000000	95.650	-140.2012
1525.000000	95.768	-139.9870
1550.000000	95.886	-139.7769
1575.000000	96.004	-139.5693
1600.000000	96.120	-139.3652
1625.000000	96.232	-139.1654
1650.000000	96.342	-138.9753
1675.000000	96.454	-138.7979
1700.000000	96.566	-138.6329
1725.000000	96.679	-138.4812
1750.000000	96.792	-138.3445
1775.000000	96.906	-138.2234
1800.000000	97.020	-138.1220
1825.000000	97.135	-138.0398
1850.000000	97.251	-137.9778
1875.000000	97.367	-137.9387
1900.000000	97.483	-137.9246
1925.000000	97.599	-137.9357
1950.000000	97.715	-137.9719
1975.000000	97.830	-138.0346
2000.000000	97.945	-138.1248
2030.000000	98.084	-138.2678
2060.000000	98.222	-138.4471
2090.000000	98.357	-138.6645
2120.000000	98.489	-138.9171
2140.000000	98.576	-139.1044
2180.000000	98.744	-139.5268
2200.000000	98.826	-139.7602
2240.000000	98.984	-140.2682
2270.000000	99.098	-140.6837
2300.000000	99.207	-141.1270
2330.000000	99.311	-141.5984
2360.000000	99.409	-142.0953
2400.000000	99.532	-142.7927
2430.000000	99.618	-143.3386
2470.000000	99.723	-144.0890
2500.000000	99.796	-144.6656
2540.000000	99.885	-145.4492
2580.000000	99.964	-146.2411
2620.000000	100.033	-147.0324
2650.000000	100.078	-147.6213
2690.000000	100.129	-148.3926
2720.000000	100.162	-148.9594
2760.000000	100.200	-149.6978
2800.000000	100.232	-150.4118
2850.000000	100.264	-151.2738
2900.000000	100.290	-152.1171
2950.000000	100.307	-152.9452
3000.000000	100.317	-153.7415
3040.000000	100.320	-154.3646
3070.000000	100.319	-154.8228
3110.000000	100.314	-155.4169
3150.000000	100.306	-155.9881
3200.000000	100.292	-156.6678
3250.000000	100.274	-157.3109
3300.000000	100.255	-157.9210
3350.000000	100.234	-158.5030
3400.000000	100.212	-159.0644
3450.000000	100.189	-159.6096
3500.000000	100.167	-160.1460
3550.000000	100.143	-160.6812
3600.000000	100.120	-161.2198
3650.000000	100.095	-161.7684
3700.000000	100.068	-162.3321
3750.000000	100.037	-162.9162
3820.000000	99.984	-163.7756
3870.000000	99.934	-164.4156
3950.000000	99.814	-165.3820
4000.000000	99.712	-165.7334
4060.000000	99.630	-165.6749
4120.000000	99.660	-165.8191
4180.000000	99.691	-166.7845
4250.000000	99.632	-168.2262
4310.000000	99.529	-169.3622
4370.000000	99.402	-170.3912
4440.000000	99.233	-171.4940
4500.000000	99.072	-172.3654
4550.000000	98.927	-173.0378
4620.000000	98.709	-173.8880
4680.000000	98.510	-174.5229
4750.000000	98.264	-175.1432
4820.000000	98.008	-175.6247
4870.000000	97.820	-175.8797
4940.000000	97.552	-176.1096
5000.000000	97.320	-176.1866
5080.000000	97.013	-176.1181
5150.000000	96.747	-175.9030
5220.000000	96.487	-175.5477
5300.000000	96.199	-174.9799
5380.000000	95.923	-174.2521
5450.000000	95.695	-173.4943
5520.000000	95.481	-172.6328
5600.000000	95.255	-171.5364
5700.000000	95.002	-170.0229
5800.000000	94.787	-168.3792
5900.000000	94.612	-166.6367
6000.000000	94.478	-164.8298
6080.000000	94.403	-163.3621
6150.000000	94.362	-162.0755
6220.000000	94.347	-160.8006
6300.000000	94.370	-159.3766
6400.000000	94.467	-157.6736
6500.000000	94.628	-156.0979
6600.000000	94.845	-154.7063
6700.000000	95.117	-153.5604
6800.000000	95.445	-152.7367
6900.000000	95.827	-152.3312
7000.000000	96.263	-152.4532
7100.000000	96.745	-153.2465
7200.000000	97.259	-154.8953
7300.000000	97.773	-157.5923
7400.000000	98.239	-161.4481
7500.000000	98.596	-166.4565
7620.000000	98.789	-173.7180
7750.000000	98.618	177.6970
7880.000000	98.035	169.5229
8000.000000	97.184	163.2147
8120.000000	96.117	158.5101
8250.000000	94.851	155.2456
8380.000000	93.584	153.6268
8500.000000	92.466	153.2928
8620.000000	91.418	153.8187
8750.000000	90.371	155.1214
8850.000000	89.630	156.5168
9000.000000	88.617	159.0923
9120.000000	87.889	161.4649
9250.000000	87.177	164.2588
9380.000000	86.541	167.2317
9500.000000	86.015	170.0969
9620.000000	85.547	173.0583
9750.000000	85.101	176.3590
9880.000000	84.719	179.7471
10000.000000	84.423	-177.0581
10150.000000	84.129	-172.9601
10300.000000	83.918	-168.6641
10440.000000	83.813	-164.2311
10600.000000	83.903	-158.5595
10750.000000	84.268	-153.4423
10900.000000	84.861	-149.1708
11060.000000	85.710	-145.6501
11200.000000	86.639	-143.6547
11380.000000	88.069	-142.9992
11500.000000	89.155	-143.9863
11720.000000	91.411	-149.5013
11800.000000	92.303	-153.0522
12060.000000	95.068	-172.5041
12200.000000	96.013	171.7834
12410.000000	95.999	145.1034
12500.000000	95.450	134.3611
12650.000000	94.034	119.2531
12800.000000	92.321	108.1643
13150.000000	88.666	93.8554
13200.000000	88.239	92.5870
13400.000000	86.770	88.4080
13600.000000	85.640	84.9057
13800.000000	84.791	81.4797
14000.000000	84.177	77.7620
14300.000000	83.649	71.1208
14500.000000	83.548	65.6045
14750.000000	83.680	56.9093
15000.000000	84.054	45.5394
15250.000000	84.575	30.7179
15500.000000	85.058	11.9056
15750.000000	85.238	-10.7112
16000.000000	84.916	-35.8506
16250.000000	84.092	-61.6193
16500.000000	82.889	-86.6145
16750.000000	81.508	-110.5122
17000.000000	80.121	-133.8610
17250.000000	78.819	-157.5364
17500.000000	77.612	177.5564
17750.000000	76.475	150.6328
18000.000000	75.358	121.0211
18250.000000	74.197	88.0090
18500.000000	72.912	51.0060
18750.000000	71.402	9.4344
19000.000000	69.560	-37.2670
19250.000000	67.273	-89.5214
19500.000000	64.441	-147.8089
19750.000000	61.095	145.8768
20000.000000	58.229	76.9879
