* Measurement data measured by REW V5.31.3
* Source: USB-C to 3.5mm Headphone Jack Adapter, USB-C to 3.5mm Headphone Jack Adapter, 0, volume: 0.295
* Format: 256k Log Swept Sine, 4 sweeps at -12.0 dBFS with no timing reference
* Dated: Jul 16, 2025 11:03:28 PM
* REW Settings:
*  C-weighting compensation: Off
*  Target level: 75.0 dB
* Note: ; 
* Measurement: Nightjar Singularity Jijujet R
* Smoothing: 1/24 octave
* Frequency Step: 1/48 octave
* Start Frequency: 20.300 Hz
*
* Freq(Hz)	SPL(dB)	Phase(degrees)
20.299999	107.257	173.5766
20.600000	107.234	173.1085
20.900000	107.206	172.6206
21.200001	107.178	172.1430
21.400000	107.161	171.8249
21.799999	107.133	171.1743
22.000000	107.121	170.8394
22.400000	107.096	170.1581
22.700001	107.076	169.6533
23.000000	107.053	169.1702
23.299999	107.029	168.7176
23.600000	107.004	168.2943
24.000000	106.974	167.7546
24.299999	106.953	167.3466
24.700001	106.926	166.7762
25.000000	106.903	166.3292
25.400000	106.869	165.7299
25.799999	106.833	165.1577
26.200001	106.800	164.6261
26.500000	106.777	164.2459
26.900000	106.747	163.7463
27.200001	106.719	163.3764
27.600000	106.668	162.9159
28.000000	106.602	162.5389
28.500000	106.517	162.2157
29.000000	106.454	161.9582
29.500000	106.424	161.5624
30.000000	106.408	160.9147
30.400000	106.387	160.2724
30.700001	106.362	159.7878
31.100000	106.321	159.2114
31.500000	106.279	158.7460
32.000000	106.234	158.2716
32.500000	106.195	157.8148
33.000000	106.149	157.3268
33.500000	106.094	156.8413
34.000000	106.037	156.4028
34.500000	105.986	156.0107
35.000000	105.943	155.6324
35.500000	105.900	155.2504
36.000000	105.849	154.8769
36.500000	105.793	154.5247
37.000000	105.739	154.1748
37.500000	105.691	153.7823
38.200001	105.626	153.1300
38.700001	105.574	152.6569
39.500000	105.482	152.0692
40.000000	105.431	151.8042
40.599998	105.380	151.4823
41.200001	105.330	151.0941
41.799999	105.274	150.6780
42.500000	105.206	150.2330
43.099998	105.149	149.8880
43.700001	105.091	149.5514
44.400002	105.018	149.1532
45.000000	104.953	148.8042
45.500000	104.899	148.5132
46.200001	104.829	148.1235
46.799999	104.776	147.8104
47.500000	104.717	147.4568
48.200001	104.651	147.1246
48.700001	104.600	146.9157
49.400002	104.528	146.6497
50.000000	104.473	146.4001
50.799999	104.401	145.9924
51.500000	104.336	145.6142
52.200001	104.268	145.2834
53.000000	104.194	144.9691
53.799999	104.123	144.6762
54.500000	104.061	144.4053
55.200001	103.997	144.1145
56.000000	103.918	143.7895
57.000000	103.823	143.4325
58.000000	103.743	143.0878
59.000000	103.668	142.7667
60.000000	103.588	142.4647
60.799999	103.511	142.2199
61.500000	103.440	142.0282
62.200001	103.374	141.8475
63.000000	103.305	141.6220
64.000000	103.218	141.3439
65.000000	103.134	141.0955
66.000000	103.055	140.7943
67.000000	102.968	140.4866
68.000000	102.880	140.2822
69.000000	102.800	140.1239
70.000000	102.718	139.9363
71.000000	102.631	139.7321
72.000000	102.541	139.5240
73.000000	102.452	139.3382
74.000000	102.374	139.1738
75.000000	102.308	138.9661
76.199997	102.225	138.6809
77.500000	102.125	138.4809
78.800003	102.027	138.4038
80.000000	101.927	138.3153
81.199997	101.834	138.1972
82.500000	101.751	137.8929
83.800003	101.650	137.6442
85.000000	101.563	137.5555
86.199997	101.472	137.5033
87.500000	101.383	137.3116
88.500000	101.322	136.9926
90.000000	101.227	136.9538
91.199997	101.159	137.2214
92.500000	101.064	137.1816
93.800003	100.966	136.9753
95.000000	100.881	136.8530
96.199997	100.789	136.8077
97.500000	100.692	136.8548
98.800003	100.599	137.0871
100.000000	100.533	137.2646
101.500000	100.456	136.8272
103.000000	100.363	136.4368
104.400002	100.291	136.4066
106.000000	100.201	136.4952
107.500000	100.107	136.5463
109.000000	100.026	136.5365
110.599998	99.956	136.7132
112.000000	99.894	136.8112
113.800003	99.785	136.4834
115.000000	99.716	136.3191
117.199997	99.607	136.2209
118.000000	99.567	136.1918
120.599998	99.433	136.1107
122.000000	99.359	136.0716
124.099998	99.245	136.0686
125.000000	99.197	136.0775
126.500000	99.119	136.0902
128.000000	99.046	136.1227
131.500000	98.893	136.2129
132.000000	98.869	136.2302
134.000000	98.768	136.3001
136.000000	98.666	136.3265
138.000000	98.577	136.3301
140.000000	98.496	136.4067
143.000000	98.362	136.5353
145.000000	98.273	136.6007
147.500000	98.174	136.6971
150.000000	98.080	136.8153
152.500000	97.967	136.9565
155.000000	97.860	137.0981
157.500000	97.760	137.2366
160.000000	97.663	137.3833
162.500000	97.562	137.5419
165.000000	97.462	137.7351
167.500000	97.366	137.9141
170.000000	97.271	138.0856
172.500000	97.179	138.2841
175.000000	97.085	138.5139
177.500000	96.987	138.6578
180.000000	96.895	138.7632
182.500000	96.806	138.8907
185.000000	96.715	139.0715
187.500000	96.622	139.2438
190.000000	96.536	139.4378
192.500000	96.453	139.6664
195.000000	96.368	139.8763
197.500000	96.280	140.0774
200.000000	96.193	140.2853
203.000000	96.106	140.5507
206.000000	96.020	140.8253
209.000000	95.932	141.1073
212.000000	95.848	141.3864
214.000000	95.794	141.5954
218.000000	95.693	142.0147
220.000000	95.644	142.2085
224.000000	95.548	142.5840
227.000000	95.476	142.8556
230.000000	95.403	143.0862
233.000000	95.334	143.3378
236.000000	95.266	143.6019
240.000000	95.172	143.9384
243.000000	95.101	144.1680
247.000000	95.007	144.5043
250.000000	94.939	144.7798
254.000000	94.842	145.1731
258.000000	94.751	145.5612
262.000000	94.668	145.9394
265.000000	94.605	146.2389
269.000000	94.510	146.6279
272.000000	94.432	146.9317
276.000000	94.336	147.3208
280.000000	94.267	147.7157
285.000000	94.183	148.1653
290.000000	94.089	148.6581
295.000000	93.998	149.2773
300.000000	93.912	149.9264
304.000000	93.845	150.3514
307.000000	93.793	150.6767
311.000000	93.716	151.1603
315.000000	93.655	151.6941
320.000000	93.602	152.2492
325.000000	93.547	152.6520
330.000000	93.486	153.0534
335.000000	93.421	153.3881
340.000000	93.352	153.8053
345.000000	93.282	154.2440
350.000000	93.212	154.7086
355.000000	93.135	155.1757
360.000000	93.064	155.6716
365.000000	92.993	156.1976
370.000000	92.925	156.6866
375.000000	92.859	157.1840
382.000000	92.773	157.9341
387.000000	92.714	158.4719
395.000000	92.624	159.3444
400.000000	92.571	159.8867
406.000000	92.511	160.5569
412.000000	92.454	161.2586
418.000000	92.400	161.9469
425.000000	92.346	162.6996
431.000000	92.306	163.3472
437.000000	92.269	164.0201
444.000000	92.230	164.7869
450.000000	92.201	165.4122
455.000000	92.174	165.8861
462.000000	92.134	166.5368
468.000000	92.104	167.1014
475.000000	92.073	167.7260
482.000000	92.043	168.3256
487.000000	92.021	168.7530
494.000000	91.988	169.3524
500.000000	91.960	169.8563
508.000000	91.921	170.5259
515.000000	91.887	171.1166
522.000000	91.857	171.6954
530.000000	91.827	172.3656
538.000000	91.794	173.0470
545.000000	91.764	173.6563
552.000000	91.734	174.2560
560.000000	91.701	174.9255
570.000000	91.663	175.7740
580.000000	91.627	176.6428
590.000000	91.591	177.5002
600.000000	91.560	178.3511
608.000000	91.534	179.0370
615.000000	91.513	179.6420
622.000000	91.496	-179.7521
630.000000	91.478	-179.0534
640.000000	91.456	-178.1845
650.000000	91.438	-177.3212
660.000000	91.421	-176.4406
670.000000	91.406	-175.5631
680.000000	91.395	-174.6955
690.000000	91.385	-173.8249
700.000000	91.379	-172.9511
710.000000	91.373	-172.0805
720.000000	91.370	-171.2052
730.000000	91.370	-170.3354
740.000000	91.376	-169.4792
750.000000	91.384	-168.6385
762.000000	91.390	-167.5587
775.000000	91.401	-166.3991
788.000000	91.419	-165.2592
800.000000	91.437	-164.2250
812.000000	91.458	-163.1789
825.000000	91.486	-162.0369
838.000000	91.517	-160.9189
850.000000	91.549	-159.8983
862.000000	91.585	-158.8539
875.000000	91.630	-157.7386
885.000000	91.668	-156.8955
900.000000	91.731	-155.6406
912.000000	91.786	-154.6586
925.000000	91.854	-153.5991
938.000000	91.928	-152.5465
950.000000	92.000	-151.6177
962.000000	92.074	-150.7171
975.000000	92.159	-149.7398
988.000000	92.250	-148.7733
1000.000000	92.337	-147.9108
1015.000000	92.453	-146.8702
1030.000000	92.575	-145.8615
1044.000000	92.695	-144.9578
1060.000000	92.841	-143.9775
1075.000000	92.984	-143.1155
1090.000000	93.131	-142.3224
1106.000000	93.291	-141.5462
1120.000000	93.435	-140.9216
1138.000000	93.624	-140.2129
1150.000000	93.751	-139.7998
1172.000000	93.984	-139.1592
1180.000000	94.067	-138.9703
1206.000000	94.332	-138.5147
1220.000000	94.468	-138.3401
1241.000000	94.663	-138.1601
1250.000000	94.744	-138.1074
1265.000000	94.876	-138.0519
1280.000000	95.004	-138.0298
1315.000000	95.277	-138.0323
1320.000000	95.313	-138.0346
1340.000000	95.451	-138.0420
1360.000000	95.580	-138.0478
1380.000000	95.702	-138.0518
1400.000000	95.818	-138.0421
1430.000000	95.983	-138.0016
1450.000000	96.089	-137.9539
1475.000000	96.219	-137.8819
1500.000000	96.348	-137.7939
1525.000000	96.475	-137.7023
1550.000000	96.602	-137.6128
1575.000000	96.729	-137.5230
1600.000000	96.853	-137.4462
1625.000000	96.973	-137.3853
1650.000000	97.091	-137.3391
1675.000000	97.208	-137.3135
1700.000000	97.326	-137.3038
1725.000000	97.442	-137.3129
1750.000000	97.557	-137.3410
1775.000000	97.671	-137.3953
1800.000000	97.784	-137.4776
1825.000000	97.894	-137.5849
1850.000000	98.003	-137.7118
1875.000000	98.110	-137.8575
1900.000000	98.215	-138.0253
1925.000000	98.318	-138.2125
1950.000000	98.418	-138.4196
1975.000000	98.518	-138.6464
2000.000000	98.617	-138.8976
2030.000000	98.735	-139.2418
2060.000000	98.849	-139.6392
2090.000000	98.957	-140.0908
2120.000000	99.055	-140.5859
2140.000000	99.115	-140.9318
2180.000000	99.220	-141.6412
2200.000000	99.265	-141.9966
2240.000000	99.345	-142.6963
2270.000000	99.396	-143.1994
2300.000000	99.439	-143.6791
2330.000000	99.478	-144.1361
2360.000000	99.514	-144.5800
2400.000000	99.558	-145.1642
2430.000000	99.587	-145.6116
2470.000000	99.618	-146.2280
2500.000000	99.631	-146.6903
2540.000000	99.638	-147.2830
2580.000000	99.631	-147.8154
2620.000000	99.616	-148.2784
2650.000000	99.600	-148.5830
2690.000000	99.571	-148.9414
2720.000000	99.543	-149.1718
2760.000000	99.498	-149.4074
2800.000000	99.444	-149.5342
2850.000000	99.370	-149.4929
2900.000000	99.301	-149.1791
2950.000000	99.255	-148.5995
3000.000000	99.256	-147.8201
3040.000000	99.300	-147.1715
3070.000000	99.355	-146.7547
3110.000000	99.451	-146.3541
3150.000000	99.558	-146.1664
3200.000000	99.682	-146.1963
3250.000000	99.784	-146.3909
3300.000000	99.865	-146.6255
3350.000000	99.931	-146.8424
3400.000000	99.987	-147.0207
3450.000000	100.043	-147.1591
3500.000000	100.101	-147.2722
3550.000000	100.163	-147.3788
3600.000000	100.231	-147.4956
3650.000000	100.304	-147.6348
3700.000000	100.382	-147.8108
3750.000000	100.464	-148.0422
3820.000000	100.582	-148.4833
3870.000000	100.663	-148.8930
3950.000000	100.774	-149.6415
4000.000000	100.836	-150.0387
4060.000000	100.939	-150.4736
4120.000000	101.070	-151.2728
4180.000000	101.174	-152.4512
4250.000000	101.247	-154.0161
4310.000000	101.274	-155.4316
4370.000000	101.272	-156.8969
4440.000000	101.232	-158.6402
4500.000000	101.164	-160.1286
4550.000000	101.085	-161.3388
4620.000000	100.940	-162.9505
4680.000000	100.787	-164.2203
4750.000000	100.579	-165.5344
4820.000000	100.347	-166.6390
4870.000000	100.170	-167.2893
4940.000000	99.913	-167.9990
5000.000000	99.688	-168.4196
5080.000000	99.389	-168.7183
5150.000000	99.135	-168.7455
5220.000000	98.891	-168.5724
5300.000000	98.632	-168.1544
5380.000000	98.397	-167.5326
5450.000000	98.216	-166.8485
5520.000000	98.059	-166.0593
5600.000000	97.911	-165.0569
5700.000000	97.779	-163.7043
5800.000000	97.709	-162.3042
5900.000000	97.705	-160.9320
6000.000000	97.769	-159.6652
6080.000000	97.870	-158.7897
6150.000000	97.998	-158.1702
6220.000000	98.163	-157.7283
6300.000000	98.404	-157.4999
6400.000000	98.789	-157.7472
6500.000000	99.239	-158.7634
6600.000000	99.721	-160.7505
6700.000000	100.192	-163.8979
6800.000000	100.591	-168.3086
6900.000000	100.844	-173.9027
7000.000000	100.878	179.6609
7100.000000	100.653	172.9546
7200.000000	100.176	166.5884
7300.000000	99.488	161.0289
7400.000000	98.646	156.5770
7500.000000	97.713	153.3700
7620.000000	96.558	151.1010
7750.000000	95.340	150.2948
7880.000000	94.203	150.8174
8000.000000	93.225	152.1735
8120.000000	92.295	154.1516
8250.000000	91.359	156.8214
8380.000000	90.519	159.9137
8500.000000	89.831	163.0521
8620.000000	89.224	166.3997
8750.000000	88.657	170.2020
8850.000000	88.283	173.2117
9000.000000	87.823	177.8110
9120.000000	87.539	-178.4724
9250.000000	87.316	-174.4462
9380.000000	87.182	-170.4613
9500.000000	87.138	-166.8452
9620.000000	87.173	-163.3127
9750.000000	87.305	-159.6202
9880.000000	87.542	-156.1151
10000.000000	87.865	-153.0840
10150.000000	88.430	-149.6905
10300.000000	89.198	-146.9430
10440.000000	90.123	-145.2740
10600.000000	91.466	-145.0595
10750.000000	93.001	-147.5334
10900.000000	94.666	-154.0404
11060.000000	96.177	-166.4321
11200.000000	96.862	179.0654
11380.000000	96.573	159.3782
11500.000000	95.758	148.0118
11720.000000	93.648	133.3312
11800.000000	92.849	129.8307
12060.000000	90.546	122.9924
12200.000000	89.561	121.0869
12410.000000	88.432	119.3323
12500.000000	88.077	118.7739
12650.000000	87.655	117.8848
12800.000000	87.441	116.8459
13150.000000	87.754	112.3453
13200.000000	87.896	111.2785
13400.000000	88.707	105.2508
13600.000000	89.824	95.1514
13800.000000	90.917	79.5246
14000.000000	91.421	58.5975
14300.000000	90.206	24.2887
14500.000000	88.284	4.9557
14750.000000	85.475	-13.0442
15000.000000	82.881	-26.0637
15250.000000	80.745	-36.7269
15500.000000	79.041	-46.8271
15750.000000	77.694	-57.4175
16000.000000	76.663	-69.1373
16250.000000	75.941	-82.4655
16500.000000	75.405	-97.7704
16750.000000	74.915	-115.3491
17000.000000	74.376	-135.4200
17250.000000	73.712	-158.0224
17500.000000	72.859	176.8362
17750.000000	71.777	149.0815
18000.000000	70.458	118.4179
18250.000000	68.892	84.3362
18500.000000	66.993	46.0831
18750.000000	64.498	3.1746
19000.000000	60.943	-42.4130
19250.000000	55.947	-84.8921
19500.000000	50.009	-120.0325
19750.000000	45.716	-161.4163
20000.000000	44.358	148.0792
