* Measurement data measured by REW V5.31.3
* Source: USB-C to 3.5mm Headphone Jack Adapter, USB-C to 3.5mm Headphone Jack Adapter, 0, volume: 0.295
* Format: 256k Log Swept Sine, 4 sweeps at -12.0 dBFS with no timing reference
* Dated: May 4, 2025 11:16:28 PM
* REW Settings:
*  C-weighting compensation: Off
*  Target level: 75.0 dB
* Note: ; 
* Measurement: Nightjar Singularity Velvet R
* Smoothing: 1/24 octave
* Frequency Step: 1/48 octave
* Start Frequency: 20.300 Hz
*
* Freq(Hz)	SPL(dB)	Phase(degrees)
20.299999	107.454	176.5710
20.600000	107.440	176.1315
20.900000	107.421	175.6604
21.200001	107.402	175.1866
21.400000	107.389	174.8676
21.799999	107.368	174.2207
22.000000	107.358	173.8948
22.400000	107.338	173.2477
22.700001	107.323	172.7740
23.000000	107.307	172.3146
23.299999	107.290	171.8697
23.600000	107.272	171.4372
24.000000	107.247	170.8750
24.299999	107.228	170.4615
24.700001	107.201	169.9197
25.000000	107.181	169.5198
25.400000	107.154	168.9940
25.799999	107.127	168.4748
26.200001	107.101	167.9616
26.500000	107.080	167.5822
26.900000	107.051	167.0870
27.200001	107.029	166.7253
27.600000	106.997	166.2555
28.000000	106.966	165.7965
28.500000	106.927	165.2318
29.000000	106.887	164.6774
29.500000	106.847	164.1403
30.000000	106.806	163.6237
30.400000	106.774	163.2204
30.700001	106.751	162.9196
31.100000	106.719	162.5179
31.500000	106.686	162.1159
32.000000	106.645	161.6198
32.500000	106.603	161.1384
33.000000	106.562	160.6727
33.500000	106.522	160.2195
34.000000	106.480	159.7782
34.500000	106.438	159.3516
35.000000	106.394	158.9389
35.500000	106.351	158.5323
36.000000	106.308	158.1254
36.500000	106.264	157.7218
37.000000	106.220	157.3311
37.500000	106.177	156.9551
38.200001	106.120	156.4352
38.700001	106.078	156.0629
39.500000	106.007	155.4911
40.000000	105.964	155.1487
40.599998	105.915	154.7306
41.200001	105.864	154.3150
41.799999	105.813	153.9494
42.500000	105.761	153.5842
43.099998	105.722	153.2415
43.700001	105.674	152.8383
44.400002	105.598	152.3671
45.000000	105.531	152.0100
45.500000	105.482	151.7255
46.200001	105.424	151.3163
46.799999	105.376	150.9754
47.500000	105.317	150.6163
48.200001	105.252	150.2973
48.700001	105.203	150.0952
49.400002	105.138	149.8267
50.000000	105.090	149.5587
50.799999	105.030	149.1190
51.500000	104.972	148.7313
52.200001	104.912	148.3918
53.000000	104.844	148.0370
53.799999	104.775	147.7083
54.500000	104.716	147.4461
55.200001	104.659	147.1897
56.000000	104.595	146.8916
57.000000	104.515	146.5117
58.000000	104.435	146.1240
59.000000	104.354	145.7520
60.000000	104.270	145.4044
60.799999	104.204	145.1426
61.500000	104.148	144.9255
62.200001	104.093	144.7126
63.000000	104.031	144.4671
64.000000	103.950	144.1663
65.000000	103.870	143.8819
66.000000	103.790	143.6112
67.000000	103.711	143.3604
68.000000	103.634	143.1140
69.000000	103.557	142.8569
70.000000	103.481	142.5979
71.000000	103.405	142.3546
72.000000	103.331	142.1365
73.000000	103.256	141.9379
74.000000	103.181	141.7437
75.000000	103.106	141.5526
76.199997	103.017	141.3409
77.500000	102.921	141.1112
78.800003	102.828	140.8733
80.000000	102.744	140.6391
81.199997	102.661	140.4183
82.500000	102.572	140.2481
83.800003	102.481	140.0896
85.000000	102.407	139.8966
86.199997	102.350	139.6919
87.500000	102.264	139.4951
88.500000	102.178	139.4116
90.000000	102.060	139.2541
91.199997	101.979	139.1482
92.500000	101.896	139.0516
93.800003	101.812	138.9356
95.000000	101.735	138.8412
96.199997	101.657	138.7542
97.500000	101.572	138.6815
98.800003	101.483	138.6436
100.000000	101.403	138.5949
101.500000	101.313	138.4664
103.000000	101.227	138.3682
104.400002	101.150	138.3259
106.000000	101.075	138.2743
107.500000	101.021	138.4344
109.000000	100.940	138.5667
110.599998	100.809	138.3911
112.000000	100.714	138.2042
113.800003	100.617	138.1470
115.000000	100.556	138.2149
117.199997	100.455	138.3591
118.000000	100.424	138.3545
120.599998	100.324	138.2832
122.000000	100.257	138.2495
124.099998	100.154	138.1308
125.000000	100.113	138.0856
126.500000	100.046	138.0429
128.000000	99.995	138.1555
131.500000	99.832	138.6147
132.000000	99.792	138.5226
134.000000	99.662	138.1898
136.000000	99.576	138.1873
138.000000	99.498	138.3315
140.000000	99.424	138.5343
143.000000	99.315	138.7175
145.000000	99.238	138.7399
147.500000	99.153	138.7185
150.000000	99.068	138.8101
152.500000	98.971	138.9199
155.000000	98.883	138.8840
157.500000	98.791	138.9005
160.000000	98.693	138.8729
162.500000	98.598	138.9048
165.000000	98.497	139.0289
167.500000	98.397	139.1890
170.000000	98.297	139.3116
172.500000	98.199	139.4255
175.000000	98.102	139.5762
177.500000	98.013	139.7247
180.000000	97.924	139.8422
182.500000	97.833	139.9757
185.000000	97.746	140.1229
187.500000	97.658	140.2681
190.000000	97.568	140.4369
192.500000	97.477	140.6283
195.000000	97.386	140.8239
197.500000	97.309	140.9912
200.000000	97.237	141.1211
203.000000	97.147	141.3974
206.000000	97.060	141.7209
209.000000	96.983	141.9755
212.000000	96.911	142.2025
214.000000	96.861	142.3448
218.000000	96.757	142.6064
220.000000	96.702	142.7522
224.000000	96.603	143.1030
227.000000	96.535	143.3098
230.000000	96.458	143.5251
233.000000	96.380	143.8118
236.000000	96.309	144.1025
240.000000	96.219	144.3598
243.000000	96.150	144.5359
247.000000	96.056	144.9186
250.000000	95.984	145.2075
254.000000	95.898	145.4956
258.000000	95.811	145.7991
262.000000	95.724	146.1434
265.000000	95.659	146.4044
269.000000	95.570	146.7644
272.000000	95.509	147.0191
276.000000	95.431	147.3522
280.000000	95.353	147.6996
285.000000	95.255	148.1443
290.000000	95.159	148.5940
295.000000	95.066	149.0381
300.000000	94.975	149.4807
304.000000	94.905	149.8475
307.000000	94.852	150.1271
311.000000	94.783	150.5034
315.000000	94.717	150.8750
320.000000	94.637	151.3379
325.000000	94.558	151.8076
330.000000	94.481	152.2728
335.000000	94.405	152.7427
340.000000	94.330	153.2119
345.000000	94.256	153.6900
350.000000	94.186	154.1685
355.000000	94.116	154.6608
360.000000	94.049	155.1489
365.000000	93.983	155.6243
370.000000	93.916	156.1041
375.000000	93.853	156.5964
382.000000	93.768	157.3204
387.000000	93.707	157.8427
395.000000	93.619	158.6558
400.000000	93.567	159.1583
406.000000	93.506	159.8011
412.000000	93.449	160.4778
418.000000	93.396	161.1028
425.000000	93.339	161.8213
431.000000	93.294	162.4508
437.000000	93.252	163.0762
444.000000	93.205	163.7853
450.000000	93.169	164.3752
455.000000	93.141	164.8475
462.000000	93.103	165.5084
468.000000	93.072	166.0530
475.000000	93.038	166.6703
482.000000	93.006	167.2715
487.000000	92.982	167.6905
494.000000	92.949	168.2745
500.000000	92.920	168.7723
508.000000	92.882	169.4145
515.000000	92.849	169.9734
522.000000	92.816	170.5320
530.000000	92.778	171.1601
538.000000	92.739	171.7693
545.000000	92.708	172.3185
552.000000	92.676	172.9197
560.000000	92.641	173.5995
570.000000	92.600	174.4322
580.000000	92.560	175.2609
590.000000	92.521	176.0878
600.000000	92.483	176.9122
608.000000	92.457	177.5805
615.000000	92.435	178.1687
622.000000	92.414	178.7556
630.000000	92.390	179.4271
640.000000	92.362	-179.7310
650.000000	92.338	-178.8726
660.000000	92.319	-178.0262
670.000000	92.300	-177.1809
680.000000	92.282	-176.3326
690.000000	92.268	-175.4756
700.000000	92.256	-174.6111
710.000000	92.245	-173.7506
720.000000	92.237	-172.8881
730.000000	92.233	-172.0137
740.000000	92.233	-171.1403
750.000000	92.235	-170.2684
762.000000	92.239	-169.2206
775.000000	92.248	-168.0848
788.000000	92.262	-166.9486
800.000000	92.276	-165.8944
812.000000	92.292	-164.8330
825.000000	92.314	-163.7003
838.000000	92.342	-162.5687
850.000000	92.373	-161.5205
862.000000	92.407	-160.4781
875.000000	92.449	-159.3695
885.000000	92.486	-158.5233
900.000000	92.549	-157.2599
912.000000	92.605	-156.2612
925.000000	92.673	-155.1948
938.000000	92.745	-154.1522
950.000000	92.817	-153.2087
962.000000	92.893	-152.2794
975.000000	92.981	-151.2999
988.000000	93.074	-150.3506
1000.000000	93.164	-149.4932
1015.000000	93.282	-148.4526
1030.000000	93.406	-147.4751
1044.000000	93.526	-146.6085
1060.000000	93.671	-145.6725
1075.000000	93.819	-144.8651
1090.000000	93.968	-144.0900
1106.000000	94.124	-143.3049
1120.000000	94.265	-142.6894
1138.000000	94.451	-142.0011
1150.000000	94.577	-141.6029
1172.000000	94.807	-140.9992
1180.000000	94.890	-140.8211
1206.000000	95.155	-140.3970
1220.000000	95.290	-140.2393
1241.000000	95.483	-140.0578
1250.000000	95.564	-140.0093
1265.000000	95.695	-139.9694
1280.000000	95.821	-139.9640
1315.000000	96.097	-140.0104
1320.000000	96.134	-140.0193
1340.000000	96.271	-140.0594
1360.000000	96.399	-140.1043
1380.000000	96.520	-140.1409
1400.000000	96.634	-140.1626
1430.000000	96.794	-140.1767
1450.000000	96.897	-140.1646
1475.000000	97.022	-140.1290
1500.000000	97.144	-140.0811
1525.000000	97.264	-140.0144
1550.000000	97.383	-139.9403
1575.000000	97.501	-139.8591
1600.000000	97.617	-139.7779
1625.000000	97.730	-139.7009
1650.000000	97.841	-139.6284
1675.000000	97.953	-139.5634
1700.000000	98.066	-139.5117
1725.000000	98.179	-139.4758
1750.000000	98.293	-139.4573
1775.000000	98.408	-139.4525
1800.000000	98.523	-139.4688
1825.000000	98.638	-139.5083
1850.000000	98.752	-139.5699
1875.000000	98.867	-139.6571
1900.000000	98.982	-139.7711
1925.000000	99.096	-139.9112
1950.000000	99.209	-140.0785
1975.000000	99.321	-140.2772
2000.000000	99.432	-140.5035
2030.000000	99.566	-140.8101
2060.000000	99.697	-141.1577
2090.000000	99.825	-141.5483
2120.000000	99.949	-141.9796
2140.000000	100.029	-142.2890
2180.000000	100.183	-142.9557
2200.000000	100.256	-143.3131
2240.000000	100.395	-144.0741
2270.000000	100.492	-144.6809
2300.000000	100.582	-145.3169
2330.000000	100.665	-145.9790
2360.000000	100.741	-146.6630
2400.000000	100.831	-147.6016
2430.000000	100.889	-148.3217
2470.000000	100.954	-149.2944
2500.000000	100.995	-150.0283
2540.000000	101.039	-151.0067
2580.000000	101.069	-151.9765
2620.000000	101.087	-152.9290
2650.000000	101.093	-153.6279
2690.000000	101.089	-154.5317
2720.000000	101.080	-155.1860
2760.000000	101.058	-156.0234
2800.000000	101.026	-156.8152
2850.000000	100.975	-157.7360
2900.000000	100.913	-158.5743
2950.000000	100.841	-159.3271
3000.000000	100.763	-159.9937
3040.000000	100.696	-160.4645
3070.000000	100.644	-160.7817
3110.000000	100.573	-161.1569
3150.000000	100.501	-161.4803
3200.000000	100.410	-161.8146
3250.000000	100.320	-162.0705
3300.000000	100.231	-162.2486
3350.000000	100.145	-162.3486
3400.000000	100.063	-162.3701
3450.000000	99.989	-162.3181
3500.000000	99.926	-162.2087
3550.000000	99.876	-162.0717
3600.000000	99.839	-161.9421
3650.000000	99.811	-161.8494
3700.000000	99.788	-161.8040
3750.000000	99.766	-161.7993
3820.000000	99.733	-161.8372
3870.000000	99.705	-161.8764
3950.000000	99.650	-161.8682
4000.000000	99.621	-161.7185
4060.000000	99.623	-161.4997
4120.000000	99.651	-161.5820
4180.000000	99.663	-161.9027
4250.000000	99.655	-162.3535
4310.000000	99.638	-162.7780
4370.000000	99.615	-163.2531
4440.000000	99.577	-163.8812
4500.000000	99.531	-164.4783
4550.000000	99.481	-165.0031
4620.000000	99.392	-165.7425
4680.000000	99.300	-166.3461
4750.000000	99.178	-166.9887
4820.000000	99.048	-167.5708
4870.000000	98.952	-167.9648
4940.000000	98.811	-168.5046
5000.000000	98.684	-168.9633
5080.000000	98.502	-169.5567
5150.000000	98.327	-170.0403
5220.000000	98.139	-170.4664
5300.000000	97.908	-170.8552
5380.000000	97.662	-171.1167
5450.000000	97.438	-171.2292
5520.000000	97.208	-171.2244
5600.000000	96.942	-171.0707
5700.000000	96.611	-170.6549
5800.000000	96.286	-170.0000
5900.000000	95.973	-169.1229
6000.000000	95.678	-168.0426
6080.000000	95.457	-167.0436
6150.000000	95.277	-166.0807
6220.000000	95.113	-165.0444
6300.000000	94.954	-163.7790
6400.000000	94.805	-162.0958
6500.000000	94.703	-160.3261
6600.000000	94.637	-158.4865
6700.000000	94.608	-156.5975
6800.000000	94.616	-154.6772
6900.000000	94.664	-152.7416
7000.000000	94.757	-150.8097
7100.000000	94.900	-148.9177
7200.000000	95.097	-147.1237
7300.000000	95.347	-145.4763
7400.000000	95.651	-144.0038
7500.000000	96.016	-142.7460
7620.000000	96.542	-141.6232
7750.000000	97.231	-141.0859
7880.000000	98.042	-141.5756
8000.000000	98.870	-143.3423
8120.000000	99.720	-146.8581
8250.000000	100.593	-153.1924
8380.000000	101.246	-162.3929
8500.000000	101.456	-172.9092
8620.000000	101.160	175.9099
8750.000000	100.283	164.8132
8850.000000	99.317	157.8636
9000.000000	97.640	150.5123
9120.000000	96.261	147.0233
9250.000000	94.837	145.0853
9380.000000	93.527	144.5389
9500.000000	92.426	144.9155
9620.000000	91.429	145.9074
9750.000000	90.459	147.4843
9880.000000	89.595	149.4444
10000.000000	88.888	151.5127
10150.000000	88.121	154.3475
10300.000000	87.474	157.3840
10440.000000	86.975	160.3589
10600.000000	86.531	163.9063
10750.000000	86.259	167.3406
10900.000000	86.158	170.6127
11060.000000	86.220	173.4004
11200.000000	86.367	175.1063
11380.000000	86.641	176.3917
11500.000000	86.865	176.7206
11720.000000	87.351	176.3310
11800.000000	87.552	175.8886
12060.000000	88.323	173.2556
12200.000000	88.829	170.9174
12410.000000	89.717	165.7235
12500.000000	90.141	162.6960
12650.000000	90.868	156.3291
12800.000000	91.550	148.1205
13150.000000	92.333	122.4381
13200.000000	92.301	118.3273
13400.000000	91.772	102.0064
13600.000000	90.717	87.2695
13800.000000	89.385	74.9862
14000.000000	88.008	64.9999
14300.000000	86.156	52.8942
14500.000000	85.144	45.7233
14750.000000	84.141	36.8411
15000.000000	83.413	27.3806
15250.000000	82.942	16.7530
15500.000000	82.705	4.3857
15750.000000	82.672	-10.2973
16000.000000	82.815	-27.8579
16250.000000	83.050	-48.6539
16500.000000	83.135	-72.5904
16750.000000	82.861	-99.0120
17000.000000	82.152	-126.8749
17250.000000	81.055	-155.2587
17500.000000	79.702	176.1822
17750.000000	78.219	147.2020
18000.000000	76.688	117.1913
18250.000000	75.126	85.4231
18500.000000	73.533	51.0300
18750.000000	71.901	13.0980
19000.000000	70.201	-29.3713
19250.000000	68.390	-77.7468
19500.000000	66.403	-133.5092
19750.000000	64.227	160.2612
20000.000000	62.523	91.1555
