* Measurement data measured by REW V5.31.3
* Source: USB-C to 3.5mm Headphone Jack Adapter, USB-C to 3.5mm Headphone Jack Adapter, 0, volume: 0.295
* Format: 256k Log Swept Sine, 4 sweeps at -12.0 dBFS with no timing reference
* Dated: May 4, 2025 11:28:06 PM
* REW Settings:
*  C-weighting compensation: Off
*  Target level: 75.0 dB
* Note: ; 
* Measurement: Nightjar Singularity FusionG L
* Smoothing: 1/24 octave
* Frequency Step: 1/48 octave
* Start Frequency: 20.300 Hz
*
* Freq(Hz)	SPL(dB)	Phase(degrees)
20.299999	107.541	168.5783
20.600000	107.521	168.1749
20.900000	107.495	167.7399
21.200001	107.469	167.3004
21.400000	107.452	167.0042
21.799999	107.420	166.4048
22.000000	107.405	166.1043
22.400000	107.375	165.5128
22.700001	107.352	165.0854
23.000000	107.330	164.6758
23.299999	107.306	164.2831
23.600000	107.282	163.9031
24.000000	107.250	163.4070
24.299999	107.225	163.0375
24.700001	107.191	162.5450
25.000000	107.164	162.1769
25.400000	107.126	161.6914
25.799999	107.089	161.2160
26.200001	107.051	160.7524
26.500000	107.023	160.4123
26.900000	106.986	159.9678
27.200001	106.957	159.6404
27.600000	106.918	159.2107
28.000000	106.880	158.7880
28.500000	106.832	158.2679
29.000000	106.784	157.7570
29.500000	106.737	157.2574
30.000000	106.689	156.7720
30.400000	106.650	156.3949
30.700001	106.621	156.1183
31.100000	106.581	155.7573
31.500000	106.541	155.4035
32.000000	106.490	154.9693
32.500000	106.441	154.5413
33.000000	106.392	154.1174
33.500000	106.342	153.6989
34.000000	106.293	153.2892
34.500000	106.243	152.8915
35.000000	106.193	152.5055
35.500000	106.143	152.1282
36.000000	106.094	151.7582
36.500000	106.044	151.3972
37.000000	105.993	151.0472
37.500000	105.942	150.7064
38.200001	105.873	150.2355
38.700001	105.823	149.9001
39.500000	105.744	149.3728
40.000000	105.694	149.0535
40.599998	105.635	148.6791
41.200001	105.575	148.3120
41.799999	105.514	147.9551
42.500000	105.444	147.5562
43.099998	105.384	147.2279
43.700001	105.326	146.9092
44.400002	105.257	146.5443
45.000000	105.199	146.2299
45.500000	105.150	145.9662
46.200001	105.080	145.6085
46.799999	105.021	145.3226
47.500000	104.955	144.9967
48.200001	104.888	144.6599
48.700001	104.837	144.4248
49.400002	104.765	144.1278
50.000000	104.707	143.8947
50.799999	104.636	143.5742
51.500000	104.572	143.2880
52.200001	104.507	143.0185
53.000000	104.434	142.7195
53.799999	104.361	142.4158
54.500000	104.296	142.1591
55.200001	104.232	141.9171
56.000000	104.160	141.6511
57.000000	104.070	141.3257
58.000000	103.979	141.0075
59.000000	103.890	140.6983
60.000000	103.802	140.4042
60.799999	103.732	140.1867
61.500000	103.672	140.0022
62.200001	103.612	139.8147
63.000000	103.542	139.6010
64.000000	103.456	139.3459
65.000000	103.372	139.1006
66.000000	103.287	138.8698
67.000000	103.202	138.6501
68.000000	103.119	138.4303
69.000000	103.036	138.2189
70.000000	102.955	138.0214
71.000000	102.873	137.8340
72.000000	102.792	137.6545
73.000000	102.712	137.4817
74.000000	102.634	137.3163
75.000000	102.556	137.1543
76.199997	102.463	136.9648
77.500000	102.363	136.7743
78.800003	102.265	136.5944
80.000000	102.176	136.4326
81.199997	102.087	136.2801
82.500000	101.991	136.1279
83.800003	101.897	135.9828
85.000000	101.811	135.8541
86.199997	101.726	135.7332
87.500000	101.635	135.6095
88.500000	101.566	135.5208
90.000000	101.464	135.3969
91.199997	101.382	135.3000
92.500000	101.294	135.2023
93.800003	101.207	135.1131
95.000000	101.128	135.0320
96.199997	101.049	134.9588
97.500000	100.967	134.8919
98.800003	100.884	134.8256
100.000000	100.808	134.7653
101.500000	100.716	134.7022
103.000000	100.625	134.6510
104.400002	100.541	134.6057
106.000000	100.445	134.5596
107.500000	100.356	134.5192
109.000000	100.271	134.4895
110.599998	100.180	134.4650
112.000000	100.100	134.4477
113.800003	99.999	134.4328
115.000000	99.932	134.4304
117.199997	99.811	134.4358
118.000000	99.767	134.4377
120.599998	99.628	134.4407
122.000000	99.556	134.4565
124.099998	99.448	134.5132
125.000000	99.402	134.5355
126.500000	99.328	134.5549
128.000000	99.258	134.5716
131.500000	99.097	134.6572
132.000000	99.073	134.6652
134.000000	98.984	134.7697
136.000000	98.894	134.7970
138.000000	98.812	134.8995
140.000000	98.736	134.9882
143.000000	98.593	135.0866
145.000000	98.506	135.0290
147.500000	98.397	135.0699
150.000000	98.282	135.3167
152.500000	98.186	135.3524
155.000000	98.100	135.4408
157.500000	98.007	135.5919
160.000000	97.909	135.7677
162.500000	97.805	135.9223
165.000000	97.701	136.0539
167.500000	97.599	136.1930
170.000000	97.501	136.3353
172.500000	97.404	136.4877
175.000000	97.311	136.6817
177.500000	97.221	136.8449
180.000000	97.127	137.0130
182.500000	97.033	137.2114
185.000000	96.946	137.3927
187.500000	96.863	137.5704
190.000000	96.778	137.7399
192.500000	96.693	137.8968
195.000000	96.607	138.0936
197.500000	96.520	138.2857
200.000000	96.437	138.4643
203.000000	96.337	138.7478
206.000000	96.236	138.9606
209.000000	96.147	139.1596
212.000000	96.064	139.3839
214.000000	96.019	139.4828
218.000000	95.937	139.9399
220.000000	95.875	140.1895
224.000000	95.760	140.4605
227.000000	95.686	140.7143
230.000000	95.611	140.9536
233.000000	95.536	141.2018
236.000000	95.461	141.4790
240.000000	95.364	141.7995
243.000000	95.281	142.1116
247.000000	95.188	142.5855
250.000000	95.131	142.7650
254.000000	95.050	143.0684
258.000000	94.956	143.4563
262.000000	94.864	143.8342
265.000000	94.797	144.1229
269.000000	94.706	144.4873
272.000000	94.639	144.7408
276.000000	94.554	145.0912
280.000000	94.475	145.4685
285.000000	94.377	145.9421
290.000000	94.280	146.4142
295.000000	94.186	146.8940
300.000000	94.094	147.3797
304.000000	94.019	147.7778
307.000000	93.963	148.0836
311.000000	93.894	148.4940
315.000000	93.828	148.8778
320.000000	93.742	149.3373
325.000000	93.654	149.8234
330.000000	93.569	150.3374
335.000000	93.488	150.8330
340.000000	93.421	151.2921
345.000000	93.364	151.8481
350.000000	93.300	152.5307
355.000000	93.220	153.0563
360.000000	93.149	153.5210
365.000000	93.077	154.0774
370.000000	93.016	154.6420
375.000000	92.965	155.1903
382.000000	92.895	155.9412
387.000000	92.847	156.4945
395.000000	92.774	157.3734
400.000000	92.733	157.8951
406.000000	92.688	158.5426
412.000000	92.645	159.1455
418.000000	92.606	159.7145
425.000000	92.562	160.3582
431.000000	92.525	160.9038
437.000000	92.487	161.4749
444.000000	92.446	162.0872
450.000000	92.415	162.5753
455.000000	92.387	162.9857
462.000000	92.342	163.5401
468.000000	92.298	164.0223
475.000000	92.248	164.5417
482.000000	92.209	165.0721
487.000000	92.182	165.5124
494.000000	92.142	166.0966
500.000000	92.112	166.5813
508.000000	92.074	167.2157
515.000000	92.040	167.7468
522.000000	92.002	168.2538
530.000000	91.957	168.8743
538.000000	91.914	169.5353
545.000000	91.877	170.1252
552.000000	91.841	170.7053
560.000000	91.802	171.3337
570.000000	91.756	172.1293
580.000000	91.713	172.9450
590.000000	91.673	173.7667
600.000000	91.635	174.5987
608.000000	91.607	175.2455
615.000000	91.583	175.8146
622.000000	91.560	176.3901
630.000000	91.536	177.0535
640.000000	91.509	177.8873
650.000000	91.485	178.7241
660.000000	91.461	179.5443
670.000000	91.441	-179.6278
680.000000	91.422	-178.7993
690.000000	91.405	-177.9569
700.000000	91.392	-177.1144
710.000000	91.381	-176.2823
720.000000	91.372	-175.4472
730.000000	91.366	-174.6053
740.000000	91.363	-173.7650
750.000000	91.363	-172.9272
762.000000	91.366	-171.9133
775.000000	91.373	-170.8171
788.000000	91.385	-169.7222
800.000000	91.401	-168.7048
812.000000	91.417	-167.6976
825.000000	91.436	-166.6204
838.000000	91.461	-165.5452
850.000000	91.489	-164.5538
862.000000	91.521	-163.5712
875.000000	91.562	-162.5248
885.000000	91.598	-161.7214
900.000000	91.657	-160.5256
912.000000	91.709	-159.5950
925.000000	91.771	-158.6190
938.000000	91.842	-157.6694
950.000000	91.912	-156.8116
962.000000	91.982	-155.9712
975.000000	92.062	-155.0873
988.000000	92.146	-154.2341
1000.000000	92.228	-153.4782
1015.000000	92.334	-152.5741
1030.000000	92.444	-151.7153
1044.000000	92.549	-150.9627
1060.000000	92.672	-150.1688
1075.000000	92.790	-149.4709
1090.000000	92.908	-148.8112
1106.000000	93.036	-148.1658
1120.000000	93.149	-147.6485
1138.000000	93.293	-147.0404
1150.000000	93.389	-146.6703
1172.000000	93.563	-146.0573
1180.000000	93.625	-145.8568
1206.000000	93.824	-145.2926
1220.000000	93.928	-145.0302
1241.000000	94.081	-144.6846
1250.000000	94.147	-144.5557
1265.000000	94.257	-144.3612
1280.000000	94.366	-144.1908
1315.000000	94.611	-143.8795
1320.000000	94.644	-143.8427
1340.000000	94.774	-143.7122
1360.000000	94.897	-143.6002
1380.000000	95.012	-143.5020
1400.000000	95.123	-143.4104
1430.000000	95.280	-143.2853
1450.000000	95.379	-143.2060
1475.000000	95.499	-143.0934
1500.000000	95.614	-142.9728
1525.000000	95.725	-142.8508
1550.000000	95.833	-142.7206
1575.000000	95.939	-142.5873
1600.000000	96.042	-142.4493
1625.000000	96.140	-142.3103
1650.000000	96.236	-142.1698
1675.000000	96.332	-142.0285
1700.000000	96.427	-141.8897
1725.000000	96.523	-141.7563
1750.000000	96.619	-141.6318
1775.000000	96.716	-141.5187
1800.000000	96.813	-141.4146
1825.000000	96.911	-141.3220
1850.000000	97.009	-141.2415
1875.000000	97.107	-141.1774
1900.000000	97.206	-141.1300
1925.000000	97.305	-141.0988
1950.000000	97.404	-141.0855
1975.000000	97.504	-141.0923
2000.000000	97.604	-141.1188
2030.000000	97.725	-141.1769
2060.000000	97.847	-141.2628
2090.000000	97.968	-141.3780
2120.000000	98.087	-141.5249
2140.000000	98.166	-141.6405
2180.000000	98.321	-141.9124
2200.000000	98.397	-142.0685
2240.000000	98.546	-142.4220
2270.000000	98.655	-142.7234
2300.000000	98.760	-143.0533
2330.000000	98.862	-143.4103
2360.000000	98.961	-143.7964
2400.000000	99.086	-144.3514
2430.000000	99.175	-144.7953
2470.000000	99.287	-145.4221
2500.000000	99.366	-145.9161
2540.000000	99.466	-146.6038
2580.000000	99.558	-147.3210
2620.000000	99.641	-148.0612
2650.000000	99.697	-148.6282
2690.000000	99.763	-149.3969
2720.000000	99.806	-149.9805
2760.000000	99.856	-150.7628
2800.000000	99.896	-151.5459
2850.000000	99.935	-152.5186
2900.000000	99.959	-153.4776
2950.000000	99.970	-154.4171
3000.000000	99.971	-155.3286
3040.000000	99.963	-156.0330
3070.000000	99.953	-156.5448
3110.000000	99.934	-157.2043
3150.000000	99.910	-157.8368
3200.000000	99.875	-158.5893
3250.000000	99.833	-159.2980
3300.000000	99.785	-159.9616
3350.000000	99.733	-160.5826
3400.000000	99.677	-161.1597
3450.000000	99.617	-161.6951
3500.000000	99.555	-162.1927
3550.000000	99.491	-162.6544
3600.000000	99.425	-163.0817
3650.000000	99.359	-163.4784
3700.000000	99.291	-163.8470
3750.000000	99.223	-164.1915
3820.000000	99.128	-164.6401
3870.000000	99.059	-164.9397
3950.000000	98.947	-165.3925
4000.000000	98.874	-165.6658
4060.000000	98.778	-165.9867
4120.000000	98.674	-166.2786
4180.000000	98.566	-166.4922
4250.000000	98.453	-166.6739
4310.000000	98.365	-166.8840
4370.000000	98.271	-167.1408
4440.000000	98.152	-167.4393
4500.000000	98.045	-167.6770
4550.000000	97.953	-167.8591
4620.000000	97.819	-168.0887
4680.000000	97.700	-168.2611
4750.000000	97.557	-168.4278
4820.000000	97.410	-168.5522
4870.000000	97.302	-168.6121
4940.000000	97.149	-168.6518
5000.000000	97.016	-168.6418
5080.000000	96.839	-168.5617
5150.000000	96.684	-168.4249
5220.000000	96.530	-168.2245
5300.000000	96.356	-167.9156
5380.000000	96.187	-167.5237
5450.000000	96.044	-167.1115
5520.000000	95.908	-166.6367
5600.000000	95.762	-166.0222
5700.000000	95.596	-165.1564
5800.000000	95.452	-164.1967
5900.000000	95.334	-163.1633
6000.000000	95.244	-162.0748
6080.000000	95.195	-161.1789
6150.000000	95.171	-160.3899
6220.000000	95.167	-159.6063
6300.000000	95.197	-158.7318
6400.000000	95.293	-157.6928
6500.000000	95.446	-156.7507
6600.000000	95.646	-155.9577
6700.000000	95.894	-155.3719
6800.000000	96.193	-155.0625
6900.000000	96.544	-155.1131
7000.000000	96.945	-155.6254
7100.000000	97.395	-156.7355
7200.000000	97.884	-158.6258
7300.000000	98.388	-161.4997
7400.000000	98.864	-165.5170
7500.000000	99.255	-170.7438
7620.000000	99.517	-178.4578
7750.000000	99.430	172.0746
7880.000000	98.904	162.6092
8000.000000	98.054	154.8930
8120.000000	96.934	148.7492
8250.000000	95.564	144.0268
8380.000000	94.159	141.1255
8500.000000	92.898	139.7589
8620.000000	91.700	139.3625
8750.000000	90.484	139.7621
8850.000000	89.609	140.5181
9000.000000	88.391	142.1941
9120.000000	87.493	143.8897
9250.000000	86.592	145.9942
9380.000000	85.761	148.3064
9500.000000	85.049	150.5791
9620.000000	84.386	152.9547
9750.000000	83.719	155.6250
9880.000000	83.103	158.3781
10000.000000	82.575	160.9962
10150.000000	81.966	164.4140
10300.000000	81.417	168.1466
10440.000000	80.995	171.9746
10600.000000	80.652	176.4534
10750.000000	80.457	-179.4475
10900.000000	80.389	-175.4851
11060.000000	80.477	-171.5859
11200.000000	80.685	-168.7321
11380.000000	81.086	-166.2644
11500.000000	81.399	-165.4615
11720.000000	81.988	-165.5621
11800.000000	82.193	-166.0014
12060.000000	82.821	-168.4798
12200.000000	83.147	-170.3517
12410.000000	83.653	-173.8112
12500.000000	83.887	-175.5515
12650.000000	84.303	-178.8440
12800.000000	84.746	177.3080
13150.000000	85.825	165.8106
13200.000000	85.978	163.8547
13400.000000	86.573	155.2146
13600.000000	87.114	145.2637
13800.000000	87.573	134.0540
14000.000000	87.926	121.7043
14300.000000	88.262	101.3300
14500.000000	88.371	86.5183
14750.000000	88.372	66.3909
15000.000000	88.138	44.2605
15250.000000	87.537	20.4569
15500.000000	86.479	-4.1583
15750.000000	84.976	-28.5078
16000.000000	83.167	-51.7834
16250.000000	81.271	-73.7316
16500.000000	79.396	-94.6020
16750.000000	77.577	-114.8877
17000.000000	75.837	-135.1689
17250.000000	74.186	-155.9502
17500.000000	72.613	-177.7136
17750.000000	71.100	158.7988
18000.000000	69.628	133.1774
18250.000000	68.177	104.8685
18500.000000	66.702	73.2245
18750.000000	65.150	37.4368
19000.000000	63.467	-3.3513
19250.000000	61.579	-49.9413
19500.000000	59.407	-103.6735
19750.000000	56.992	-167.2770
20000.000000	55.100	127.1144
