* Measurement data measured by REW V5.31.3
* Source: USB-C to 3.5mm Headphone Jack Adapter, USB-C to 3.5mm Headphone Jack Adapter, 0, volume: 0.295
* Format: 256k Log Swept Sine, 4 sweeps at -12.0 dBFS with no timing reference
* Dated: May 4, 2025 11:11:55 PM
* REW Settings:
*  C-weighting compensation: Off
*  Target level: 75.0 dB
* Note: ; 
* Measurement: Nightjar Singularity R
* Smoothing: 1/24 octave
* Frequency Step: 1/48 octave
* Start Frequency: 20.300 Hz
*
* Freq(Hz)	SPL(dB)	Phase(degrees)
20.299999	107.500	176.3366
20.600000	107.487	175.8965
20.900000	107.469	175.4238
21.200001	107.451	174.9471
21.400000	107.439	174.6256
21.799999	107.416	173.9746
22.000000	107.405	173.6483
22.400000	107.384	173.0049
22.700001	107.369	172.5377
23.000000	107.353	172.0863
23.299999	107.338	171.6496
23.600000	107.322	171.2257
24.000000	107.298	170.6780
24.299999	107.279	170.2793
24.700001	107.253	169.7594
25.000000	107.233	169.3709
25.400000	107.206	168.8416
25.799999	107.178	168.2935
26.200001	107.146	167.7413
26.500000	107.121	167.3438
26.900000	107.090	166.8584
27.200001	107.072	166.5286
27.600000	107.057	166.1091
28.000000	107.051	165.6695
28.500000	107.038	165.0533
29.000000	107.003	164.4067
29.500000	106.943	163.8305
30.000000	106.875	163.3674
30.400000	106.826	163.0383
30.700001	106.796	162.7809
31.100000	106.762	162.3987
31.500000	106.730	161.9770
32.000000	106.688	161.4432
32.500000	106.645	160.9508
33.000000	106.605	160.5050
33.500000	106.566	160.0824
34.000000	106.525	159.6687
34.500000	106.484	159.2596
35.000000	106.443	158.8451
35.500000	106.402	158.4156
36.000000	106.359	157.9802
36.500000	106.312	157.5617
37.000000	106.265	157.1684
37.500000	106.223	156.7855
38.200001	106.165	156.2463
38.700001	106.122	155.8803
39.500000	106.054	155.3703
40.000000	106.015	155.0698
40.599998	105.968	154.6768
41.200001	105.915	154.2472
41.799999	105.857	153.8208
42.500000	105.790	153.3594
43.099998	105.737	152.9839
43.700001	105.685	152.6142
44.400002	105.624	152.1931
45.000000	105.573	151.8445
45.500000	105.532	151.5607
46.200001	105.472	151.1732
46.799999	105.418	150.8551
47.500000	105.354	150.4966
48.200001	105.293	150.1312
48.700001	105.251	149.8614
49.400002	105.192	149.4932
50.000000	105.142	149.2091
50.799999	105.077	148.8691
51.500000	105.020	148.5724
52.200001	104.961	148.2650
53.000000	104.892	147.9224
53.799999	104.824	147.5982
54.500000	104.764	147.3149
55.200001	104.705	147.0254
56.000000	104.639	146.7062
57.000000	104.563	146.3434
58.000000	104.484	145.9914
59.000000	104.397	145.6498
60.000000	104.313	145.3167
60.799999	104.249	145.0471
61.500000	104.193	144.8186
62.200001	104.137	144.6005
63.000000	104.073	144.3573
64.000000	103.994	144.0568
65.000000	103.917	143.7628
66.000000	103.838	143.4837
67.000000	103.759	143.2392
68.000000	103.679	143.0160
69.000000	103.592	142.8165
70.000000	103.510	142.6244
71.000000	103.443	142.3484
72.000000	103.374	142.0579
73.000000	103.303	141.8461
74.000000	103.229	141.6540
75.000000	103.154	141.4491
76.199997	103.065	141.2154
77.500000	102.971	140.9900
78.800003	102.881	140.7506
80.000000	102.806	140.5173
81.199997	102.728	140.3137
82.500000	102.634	140.1802
83.800003	102.539	140.0166
85.000000	102.451	139.8239
86.199997	102.366	139.6268
87.500000	102.277	139.4718
88.500000	102.212	139.3882
90.000000	102.113	139.2486
91.199997	102.033	139.1208
92.500000	101.950	138.9841
93.800003	101.869	138.8540
95.000000	101.794	138.7543
96.199997	101.718	138.6660
97.500000	101.640	138.5670
98.800003	101.565	138.4952
100.000000	101.494	138.4747
101.500000	101.397	138.3793
103.000000	101.305	138.2523
104.400002	101.225	138.1592
106.000000	101.127	138.0753
107.500000	101.049	138.0024
109.000000	100.974	137.9785
110.599998	100.881	137.9425
112.000000	100.808	137.9174
113.800003	100.712	137.8762
115.000000	100.643	137.8481
117.199997	100.528	137.9366
118.000000	100.486	137.9753
120.599998	100.351	137.8271
122.000000	100.288	137.7369
124.099998	100.197	137.7565
125.000000	100.156	137.7721
126.500000	100.088	137.7636
128.000000	100.020	137.7183
131.500000	99.857	137.6861
132.000000	99.834	137.6773
134.000000	99.742	137.7112
136.000000	99.646	137.7410
138.000000	99.547	137.6276
140.000000	99.441	137.6051
143.000000	99.319	137.8429
145.000000	99.242	137.9032
147.500000	99.148	137.9394
150.000000	99.052	138.0053
152.500000	98.948	138.1692
155.000000	98.846	138.2988
157.500000	98.748	138.4000
160.000000	98.656	138.5149
162.500000	98.569	138.6520
165.000000	98.472	138.7522
167.500000	98.361	138.9155
170.000000	98.254	139.0858
172.500000	98.171	139.3866
175.000000	98.087	139.6698
177.500000	97.996	139.8772
180.000000	97.908	140.0465
182.500000	97.828	140.1689
185.000000	97.751	140.2784
187.500000	97.668	140.4167
190.000000	97.580	140.5784
192.500000	97.498	140.6776
195.000000	97.422	140.7782
197.500000	97.351	140.9068
200.000000	97.285	141.0951
203.000000	97.205	141.3592
206.000000	97.113	141.6127
209.000000	97.018	141.8395
212.000000	96.926	142.0447
214.000000	96.873	142.1616
218.000000	96.773	142.4053
220.000000	96.728	142.5602
224.000000	96.629	142.8608
227.000000	96.549	143.0899
230.000000	96.472	143.3163
233.000000	96.400	143.5660
236.000000	96.329	143.8124
240.000000	96.245	144.0822
243.000000	96.191	144.2404
247.000000	96.097	144.6610
250.000000	96.021	145.0326
254.000000	95.911	145.4210
258.000000	95.809	145.6557
262.000000	95.725	145.9716
265.000000	95.663	146.2718
269.000000	95.578	146.6014
272.000000	95.518	146.8483
276.000000	95.436	147.1945
280.000000	95.356	147.5486
285.000000	95.257	148.0045
290.000000	95.162	148.4715
295.000000	95.070	148.9361
300.000000	94.979	149.3998
304.000000	94.908	149.7557
307.000000	94.856	150.0187
311.000000	94.788	150.3764
315.000000	94.721	150.7448
320.000000	94.637	151.2058
325.000000	94.556	151.6623
330.000000	94.479	152.1203
335.000000	94.406	152.5960
340.000000	94.335	153.1117
345.000000	94.257	153.6222
350.000000	94.179	154.0801
355.000000	94.113	154.5326
360.000000	94.049	155.0420
365.000000	93.980	155.5542
370.000000	93.905	156.0451
375.000000	93.837	156.5769
382.000000	93.765	157.3838
387.000000	93.718	157.8706
395.000000	93.635	158.6020
400.000000	93.576	159.1169
406.000000	93.512	159.7888
412.000000	93.451	160.4579
418.000000	93.397	161.1013
425.000000	93.344	161.8490
431.000000	93.303	162.4786
437.000000	93.262	163.0683
444.000000	93.219	163.7553
450.000000	93.184	164.3355
455.000000	93.155	164.8232
462.000000	93.116	165.4712
468.000000	93.085	166.0030
475.000000	93.050	166.6129
482.000000	93.017	167.2106
487.000000	92.993	167.6361
494.000000	92.957	168.2353
500.000000	92.924	168.7301
508.000000	92.882	169.3665
515.000000	92.852	169.9118
522.000000	92.821	170.4723
530.000000	92.783	171.1214
538.000000	92.743	171.7647
545.000000	92.709	172.3439
552.000000	92.678	172.9402
560.000000	92.643	173.6094
570.000000	92.602	174.4308
580.000000	92.563	175.2525
590.000000	92.527	176.0792
600.000000	92.491	176.9360
608.000000	92.463	177.6318
615.000000	92.439	178.2202
622.000000	92.416	178.7893
630.000000	92.394	179.4414
640.000000	92.369	-179.7176
650.000000	92.346	-178.8584
660.000000	92.324	-178.0047
670.000000	92.304	-177.1528
680.000000	92.288	-176.2941
690.000000	92.274	-175.4343
700.000000	92.262	-174.5681
710.000000	92.252	-173.7033
720.000000	92.245	-172.8415
730.000000	92.240	-171.9722
740.000000	92.239	-171.0960
750.000000	92.240	-170.2172
762.000000	92.244	-169.1743
775.000000	92.255	-168.0402
788.000000	92.271	-166.9066
800.000000	92.287	-165.8619
812.000000	92.302	-164.8069
825.000000	92.323	-163.6682
838.000000	92.350	-162.5251
850.000000	92.379	-161.4765
862.000000	92.415	-160.4443
875.000000	92.457	-159.3425
885.000000	92.495	-158.4850
900.000000	92.558	-157.2075
912.000000	92.614	-156.2135
925.000000	92.680	-155.1558
938.000000	92.752	-154.1004
950.000000	92.823	-153.1409
962.000000	92.899	-152.2239
975.000000	92.986	-151.2561
988.000000	93.080	-150.2905
1000.000000	93.172	-149.4190
1015.000000	93.290	-148.3743
1030.000000	93.414	-147.3796
1044.000000	93.535	-146.5085
1060.000000	93.680	-145.5762
1075.000000	93.822	-144.7349
1090.000000	93.970	-143.9581
1106.000000	94.131	-143.1938
1120.000000	94.274	-142.5891
1138.000000	94.463	-141.9104
1150.000000	94.589	-141.5197
1172.000000	94.821	-140.9230
1180.000000	94.904	-140.7444
1206.000000	95.165	-140.2889
1220.000000	95.300	-140.1254
1241.000000	95.496	-139.9838
1250.000000	95.578	-139.9466
1265.000000	95.711	-139.9100
1280.000000	95.838	-139.9050
1315.000000	96.108	-139.9443
1320.000000	96.144	-139.9548
1340.000000	96.282	-140.0063
1360.000000	96.410	-140.0504
1380.000000	96.530	-140.0780
1400.000000	96.644	-140.0957
1430.000000	96.805	-140.0966
1450.000000	96.907	-140.0789
1475.000000	97.033	-140.0414
1500.000000	97.155	-139.9860
1525.000000	97.276	-139.9178
1550.000000	97.395	-139.8406
1575.000000	97.514	-139.7562
1600.000000	97.631	-139.6719
1625.000000	97.744	-139.5916
1650.000000	97.856	-139.5154
1675.000000	97.968	-139.4509
1700.000000	98.082	-139.4000
1725.000000	98.195	-139.3637
1750.000000	98.310	-139.3429
1775.000000	98.425	-139.3445
1800.000000	98.540	-139.3665
1825.000000	98.656	-139.4108
1850.000000	98.771	-139.4788
1875.000000	98.886	-139.5704
1900.000000	99.000	-139.6886
1925.000000	99.114	-139.8363
1950.000000	99.226	-140.0111
1975.000000	99.338	-140.2118
2000.000000	99.449	-140.4427
2030.000000	99.582	-140.7599
2060.000000	99.712	-141.1147
2090.000000	99.838	-141.5081
2120.000000	99.960	-141.9437
2140.000000	100.039	-142.2551
2180.000000	100.190	-142.9297
2200.000000	100.262	-143.2909
2240.000000	100.397	-144.0548
2270.000000	100.492	-144.6628
2300.000000	100.579	-145.2968
2330.000000	100.658	-145.9538
2360.000000	100.731	-146.6310
2400.000000	100.815	-147.5571
2430.000000	100.869	-148.2635
2470.000000	100.929	-149.2141
2500.000000	100.965	-149.9282
2540.000000	101.003	-150.8743
2580.000000	101.029	-151.8021
2620.000000	101.042	-152.7002
2650.000000	101.044	-153.3495
2690.000000	101.039	-154.1790
2720.000000	101.029	-154.7717
2760.000000	101.010	-155.5255
2800.000000	100.985	-156.2449
2850.000000	100.944	-157.1008
2900.000000	100.891	-157.8986
2950.000000	100.827	-158.6219
3000.000000	100.755	-159.2600
3040.000000	100.693	-159.7063
3070.000000	100.645	-160.0044
3110.000000	100.580	-160.3542
3150.000000	100.514	-160.6529
3200.000000	100.433	-160.9594
3250.000000	100.354	-161.1961
3300.000000	100.277	-161.3690
3350.000000	100.204	-161.4854
3400.000000	100.135	-161.5524
3450.000000	100.071	-161.5766
3500.000000	100.012	-161.5667
3550.000000	99.959	-161.5309
3600.000000	99.912	-161.4782
3650.000000	99.871	-161.4184
3700.000000	99.834	-161.3601
3750.000000	99.802	-161.3074
3820.000000	99.761	-161.2500
3870.000000	99.731	-161.2195
3950.000000	99.678	-161.1168
4000.000000	99.649	-160.9194
4060.000000	99.652	-160.6288
4120.000000	99.684	-160.6257
4180.000000	99.701	-160.8746
4250.000000	99.699	-161.2448
4310.000000	99.687	-161.5873
4370.000000	99.670	-161.9622
4440.000000	99.644	-162.4451
4500.000000	99.616	-162.9017
4550.000000	99.587	-163.3134
4620.000000	99.540	-163.9402
4680.000000	99.489	-164.5254
4750.000000	99.417	-165.2579
4820.000000	99.327	-166.0303
4870.000000	99.252	-166.5934
4940.000000	99.128	-167.3791
5000.000000	99.007	-168.0342
5080.000000	98.824	-168.8534
5150.000000	98.645	-169.4987
5220.000000	98.449	-170.0579
5300.000000	98.207	-170.5697
5380.000000	97.949	-170.9215
5450.000000	97.714	-171.0820
5520.000000	97.474	-171.1037
5600.000000	97.197	-170.9502
5700.000000	96.857	-170.4988
5800.000000	96.530	-169.7990
5900.000000	96.217	-168.8746
6000.000000	95.924	-167.7235
6080.000000	95.709	-166.6487
6150.000000	95.539	-165.6100
6220.000000	95.390	-164.4966
6300.000000	95.253	-163.1590
6400.000000	95.139	-161.4235
6500.000000	95.077	-159.6435
6600.000000	95.055	-157.8404
6700.000000	95.073	-156.0441
6800.000000	95.130	-154.2740
6900.000000	95.227	-152.5418
7000.000000	95.369	-150.8606
7100.000000	95.560	-149.2615
7200.000000	95.804	-147.7944
7300.000000	96.105	-146.5080
7400.000000	96.467	-145.4517
7500.000000	96.900	-144.7061
7620.000000	97.521	-144.4100
7750.000000	98.320	-145.1745
7880.000000	99.221	-147.5911
8000.000000	100.058	-151.8212
8120.000000	100.770	-158.3424
8250.000000	101.235	-167.9238
8380.000000	101.206	-179.1985
8500.000000	100.677	170.3939
8620.000000	99.733	161.3795
8750.000000	98.404	153.9455
8850.000000	97.284	149.9685
9000.000000	95.606	146.4415
9120.000000	94.336	145.2637
9250.000000	93.066	145.1789
9380.000000	91.915	146.0038
9500.000000	90.956	147.3360
9620.000000	90.091	149.0676
9750.000000	89.254	151.2806
9880.000000	88.513	153.7460
10000.000000	87.910	156.1859
10150.000000	87.263	159.4082
10300.000000	86.730	162.7721
10440.000000	86.331	166.0140
10600.000000	86.002	169.8391
10750.000000	85.848	173.4797
10900.000000	85.871	176.8123
11060.000000	86.051	179.5257
11200.000000	86.289	-178.8581
11380.000000	86.679	-177.7135
11500.000000	86.982	-177.5059
11720.000000	87.618	-178.2139
11800.000000	87.878	-178.8133
12060.000000	88.854	177.7892
12200.000000	89.476	174.7859
12410.000000	90.525	168.0894
12500.000000	90.997	164.2000
12650.000000	91.749	156.1311
12800.000000	92.351	146.0529
13150.000000	92.500	117.5132
13200.000000	92.350	113.3579
13400.000000	91.387	97.8495
13600.000000	90.055	84.9671
13800.000000	88.633	74.7335
14000.000000	87.300	66.4724
14300.000000	85.642	56.1127
14500.000000	84.795	49.6320
14750.000000	84.014	41.1901
15000.000000	83.523	31.7596
15250.000000	83.302	20.7080
15500.000000	83.317	7.3882
15750.000000	83.506	-8.8768
16000.000000	83.778	-28.6291
16250.000000	83.963	-51.8970
16500.000000	83.786	-77.8989
16750.000000	83.106	-105.2550
17000.000000	81.986	-132.6849
17250.000000	80.601	-159.6536
17500.000000	79.120	173.5439
17750.000000	77.647	146.1909
18000.000000	76.222	117.4640
18250.000000	74.828	86.5881
18500.000000	73.438	52.5912
18750.000000	72.040	14.5673
19000.000000	70.586	-28.6447
19250.000000	68.993	-78.2234
19500.000000	67.108	-135.4213
19750.000000	64.845	156.8347
20000.000000	62.930	86.2012
