* Measurement data measured by REW V5.31.3
* Source: USB-C to 3.5mm Headphone Jack Adapter, USB-C to 3.5mm Headphone Jack Adapter, 0, volume: 0.295
* Format: 256k Log Swept Sine, 4 sweeps at -12.0 dBFS with no timing reference
* Dated: May 4, 2025 11:14:37 PM
* REW Settings:
*  C-weighting compensation: Off
*  Target level: 75.0 dB
* Note: ; 
* Measurement: Nightjar Singularity Velvet L
* Smoothing: 1/24 octave
* Frequency Step: 1/48 octave
* Start Frequency: 20.300 Hz
*
* Freq(Hz)	SPL(dB)	Phase(degrees)
20.299999	107.732	169.7639
20.600000	107.712	169.3780
20.900000	107.687	168.9613
21.200001	107.661	168.5358
21.400000	107.645	168.2450
21.799999	107.615	167.6475
22.000000	107.600	167.3458
22.400000	107.573	166.7541
22.700001	107.553	166.3325
23.000000	107.535	165.9334
23.299999	107.519	165.5514
23.600000	107.505	165.1762
24.000000	107.486	164.6707
24.299999	107.469	164.2841
24.700001	107.441	163.7682
25.000000	107.415	163.3925
25.400000	107.375	162.9194
25.799999	107.335	162.4776
26.200001	107.296	162.0534
26.500000	107.268	161.7367
26.900000	107.230	161.3091
27.200001	107.202	160.9851
27.600000	107.164	160.5532
28.000000	107.126	160.1251
28.500000	107.080	159.5970
29.000000	107.035	159.0794
29.500000	106.989	158.5836
30.000000	106.943	158.1182
30.400000	106.906	157.7625
30.700001	106.880	157.4982
31.100000	106.845	157.1419
31.500000	106.809	156.7800
32.000000	106.761	156.3316
32.500000	106.713	155.9023
33.000000	106.666	155.4908
33.500000	106.621	155.0811
34.000000	106.573	154.6690
34.500000	106.521	154.2720
35.000000	106.470	153.9065
35.500000	106.422	153.5609
36.000000	106.380	153.2076
36.500000	106.336	152.8427
37.000000	106.288	152.4969
37.500000	106.239	152.1925
38.200001	106.182	151.7760
38.700001	106.145	151.4149
39.500000	106.071	150.7600
40.000000	106.016	150.3999
40.599998	105.953	150.0532
41.200001	105.899	149.7249
41.799999	105.845	149.3502
42.500000	105.770	148.8928
43.099998	105.704	148.5562
43.700001	105.646	148.2767
44.400002	105.590	147.9494
45.000000	105.539	147.6324
45.500000	105.490	147.3613
46.200001	105.422	146.9879
46.799999	105.371	146.6472
47.500000	105.312	146.2814
48.200001	105.253	146.1266
48.700001	105.222	146.1265
49.400002	105.192	146.0118
50.000000	105.148	145.6567
50.799999	105.038	145.0434
51.500000	104.938	144.6342
52.200001	104.868	144.3124
53.000000	104.802	143.9713
53.799999	104.731	143.7023
54.500000	104.666	143.4789
55.200001	104.599	143.2248
56.000000	104.526	142.9477
57.000000	104.446	142.6260
58.000000	104.362	142.2861
59.000000	104.273	141.9728
60.000000	104.188	141.6673
60.799999	104.120	141.4025
61.500000	104.059	141.1723
62.200001	103.997	140.9720
63.000000	103.928	140.7796
64.000000	103.844	140.5438
65.000000	103.761	140.3047
66.000000	103.682	140.0760
67.000000	103.598	139.8719
68.000000	103.514	139.6742
69.000000	103.436	139.4417
70.000000	103.356	139.2371
71.000000	103.269	139.0180
72.000000	103.194	138.7451
73.000000	103.167	138.4052
74.000000	103.140	138.0589
75.000000	103.050	138.0251
76.199997	102.913	138.1892
77.500000	102.792	138.0685
78.800003	102.698	137.8717
80.000000	102.609	137.6837
81.199997	102.522	137.4791
82.500000	102.432	137.3120
83.800003	102.341	137.1802
85.000000	102.259	137.0326
86.199997	102.179	136.8918
87.500000	102.086	136.7399
88.500000	102.012	136.6350
90.000000	101.911	136.4928
91.199997	101.833	136.3798
92.500000	101.744	136.2807
93.800003	101.654	136.1823
95.000000	101.574	136.0635
96.199997	101.494	135.9890
97.500000	101.397	135.9718
98.800003	101.301	135.9490
100.000000	101.236	135.8726
101.500000	101.159	135.7852
103.000000	101.068	135.7104
104.400002	100.983	135.6321
106.000000	100.898	135.5921
107.500000	100.817	135.5490
109.000000	100.727	135.4726
110.599998	100.637	135.4124
112.000000	100.563	135.4134
113.800003	100.462	135.4301
115.000000	100.392	135.4260
117.199997	100.261	135.3508
118.000000	100.216	135.3268
120.599998	100.092	135.3760
122.000000	100.049	135.2908
124.099998	99.969	134.9086
125.000000	99.906	135.0135
126.500000	99.809	135.4321
128.000000	99.731	135.7392
131.500000	99.575	136.1045
132.000000	99.550	136.1396
134.000000	99.456	136.0344
136.000000	99.407	135.7398
138.000000	99.327	135.7397
140.000000	99.231	135.5472
143.000000	99.127	135.8531
145.000000	99.053	136.1279
147.500000	98.959	136.1308
150.000000	98.840	136.0565
152.500000	98.703	136.1734
155.000000	98.603	136.3443
157.500000	98.516	136.5656
160.000000	98.413	136.6718
162.500000	98.304	136.7278
165.000000	98.198	136.8043
167.500000	98.097	136.9227
170.000000	98.003	137.1297
172.500000	97.910	137.3899
175.000000	97.812	137.5758
177.500000	97.720	137.7842
180.000000	97.633	138.0051
182.500000	97.552	138.1657
185.000000	97.473	138.3235
187.500000	97.391	138.4619
190.000000	97.307	138.6041
192.500000	97.224	138.7522
195.000000	97.143	138.9544
197.500000	97.062	139.1899
200.000000	96.992	139.2932
203.000000	96.911	139.4584
206.000000	96.816	139.6565
209.000000	96.724	139.8329
212.000000	96.639	140.0589
214.000000	96.579	140.2176
218.000000	96.460	140.5175
220.000000	96.405	140.6498
224.000000	96.302	140.9955
227.000000	96.215	141.3309
230.000000	96.136	141.6276
233.000000	96.068	141.8458
236.000000	96.009	142.0799
240.000000	95.938	142.5470
243.000000	95.876	142.8734
247.000000	95.764	143.0536
250.000000	95.673	143.2049
254.000000	95.574	143.7403
258.000000	95.495	144.1528
262.000000	95.410	144.4302
265.000000	95.348	144.6497
269.000000	95.269	144.9014
272.000000	95.202	145.0795
276.000000	95.106	145.4771
280.000000	95.027	145.9835
285.000000	94.938	146.4464
290.000000	94.830	146.8691
295.000000	94.725	147.4192
300.000000	94.635	147.9375
304.000000	94.567	148.2768
307.000000	94.515	148.5621
311.000000	94.446	148.9793
315.000000	94.378	149.3755
320.000000	94.291	149.8006
325.000000	94.207	150.2757
330.000000	94.122	150.8348
335.000000	94.037	151.3742
340.000000	93.958	151.8493
345.000000	93.886	152.3589
350.000000	93.817	152.9193
355.000000	93.751	153.4680
360.000000	93.690	154.0218
365.000000	93.630	154.5859
370.000000	93.571	155.1445
375.000000	93.516	155.6991
382.000000	93.446	156.4719
387.000000	93.400	157.0278
395.000000	93.335	157.8710
400.000000	93.298	158.3826
406.000000	93.254	158.9613
412.000000	93.210	159.5211
418.000000	93.170	160.0872
425.000000	93.126	160.7237
431.000000	93.090	161.2331
437.000000	93.054	161.7434
444.000000	93.012	162.3235
450.000000	92.973	162.8062
455.000000	92.943	163.2106
462.000000	92.900	163.7682
468.000000	92.863	164.2341
475.000000	92.819	164.7740
482.000000	92.776	165.3180
487.000000	92.745	165.7092
494.000000	92.701	166.2628
500.000000	92.664	166.7408
508.000000	92.618	167.3710
515.000000	92.577	167.9237
522.000000	92.538	168.4784
530.000000	92.497	169.1197
538.000000	92.455	169.7601
545.000000	92.418	170.3156
552.000000	92.382	170.8939
560.000000	92.343	171.5424
570.000000	92.298	172.3450
580.000000	92.254	173.1655
590.000000	92.215	173.9884
600.000000	92.177	174.8116
608.000000	92.147	175.4727
615.000000	92.123	176.0442
622.000000	92.099	176.6255
630.000000	92.072	177.2940
640.000000	92.045	178.1141
650.000000	92.021	178.9425
660.000000	91.998	179.7819
670.000000	91.977	-179.3769
680.000000	91.959	-178.5388
690.000000	91.943	-177.6977
700.000000	91.930	-176.8505
710.000000	91.918	-176.0098
720.000000	91.910	-175.1663
730.000000	91.904	-174.3234
740.000000	91.901	-173.4850
750.000000	91.901	-172.6429
762.000000	91.904	-171.6118
775.000000	91.912	-170.5019
788.000000	91.925	-169.3936
800.000000	91.940	-168.3675
812.000000	91.956	-167.3485
825.000000	91.976	-166.2506
838.000000	92.002	-165.1641
850.000000	92.031	-164.1672
862.000000	92.065	-163.1688
875.000000	92.108	-162.0918
885.000000	92.146	-161.2789
900.000000	92.207	-160.0846
912.000000	92.264	-159.1488
925.000000	92.330	-158.1504
938.000000	92.400	-157.1730
950.000000	92.469	-156.2955
962.000000	92.542	-155.4284
975.000000	92.627	-154.5212
988.000000	92.715	-153.6587
1000.000000	92.798	-152.9005
1015.000000	92.905	-152.0003
1030.000000	93.017	-151.1430
1044.000000	93.127	-150.4037
1060.000000	93.256	-149.5966
1075.000000	93.380	-148.8820
1090.000000	93.506	-148.2204
1106.000000	93.640	-147.5691
1120.000000	93.757	-147.0498
1138.000000	93.908	-146.4449
1150.000000	94.008	-146.0796
1172.000000	94.189	-145.4893
1180.000000	94.254	-145.2994
1206.000000	94.462	-144.7515
1220.000000	94.571	-144.4960
1241.000000	94.731	-144.1702
1250.000000	94.800	-144.0517
1265.000000	94.915	-143.8826
1280.000000	95.029	-143.7388
1315.000000	95.282	-143.4769
1320.000000	95.317	-143.4462
1340.000000	95.451	-143.3441
1360.000000	95.579	-143.2682
1380.000000	95.700	-143.2065
1400.000000	95.815	-143.1520
1430.000000	95.978	-143.0764
1450.000000	96.081	-143.0274
1475.000000	96.204	-142.9618
1500.000000	96.323	-142.8947
1525.000000	96.438	-142.8214
1550.000000	96.549	-142.7379
1575.000000	96.659	-142.6484
1600.000000	96.765	-142.5572
1625.000000	96.865	-142.4662
1650.000000	96.964	-142.3750
1675.000000	97.061	-142.2837
1700.000000	97.158	-142.1954
1725.000000	97.255	-142.1126
1750.000000	97.353	-142.0392
1775.000000	97.451	-141.9737
1800.000000	97.550	-141.9196
1825.000000	97.648	-141.8785
1850.000000	97.746	-141.8494
1875.000000	97.845	-141.8340
1900.000000	97.943	-141.8353
1925.000000	98.041	-141.8565
1950.000000	98.140	-141.8951
1975.000000	98.239	-141.9507
2000.000000	98.338	-142.0266
2030.000000	98.458	-142.1415
2060.000000	98.577	-142.2858
2090.000000	98.696	-142.4607
2120.000000	98.812	-142.6663
2140.000000	98.889	-142.8204
2180.000000	99.039	-143.1650
2200.000000	99.113	-143.3571
2240.000000	99.256	-143.7798
2270.000000	99.359	-144.1295
2300.000000	99.460	-144.5061
2330.000000	99.556	-144.9097
2360.000000	99.649	-145.3379
2400.000000	99.766	-145.9434
2430.000000	99.849	-146.4217
2470.000000	99.952	-147.0922
2500.000000	100.025	-147.6158
2540.000000	100.116	-148.3354
2580.000000	100.198	-149.0757
2620.000000	100.272	-149.8351
2650.000000	100.322	-150.4136
2690.000000	100.379	-151.1902
2720.000000	100.417	-151.7762
2760.000000	100.459	-152.5584
2800.000000	100.493	-153.3373
2850.000000	100.524	-154.3005
2900.000000	100.543	-155.2467
2950.000000	100.550	-156.1688
3000.000000	100.547	-157.0608
3040.000000	100.537	-157.7524
3070.000000	100.526	-158.2576
3110.000000	100.506	-158.9104
3150.000000	100.482	-159.5362
3200.000000	100.447	-160.2825
3250.000000	100.406	-160.9882
3300.000000	100.359	-161.6499
3350.000000	100.307	-162.2691
3400.000000	100.251	-162.8394
3450.000000	100.192	-163.3596
3500.000000	100.132	-163.8273
3550.000000	100.073	-164.2390
3600.000000	100.018	-164.6034
3650.000000	99.970	-164.9437
3700.000000	99.929	-165.2917
3750.000000	99.892	-165.6757
3820.000000	99.841	-166.2951
3870.000000	99.800	-166.7847
3950.000000	99.721	-167.6168
4000.000000	99.661	-168.1564
4060.000000	99.575	-168.8139
4120.000000	99.474	-169.4568
4180.000000	99.365	-170.0360
4250.000000	99.242	-170.6659
4310.000000	99.137	-171.2783
4370.000000	99.019	-171.9501
4440.000000	98.859	-172.7367
4500.000000	98.703	-173.3754
4550.000000	98.561	-173.8629
4620.000000	98.349	-174.4399
4680.000000	98.159	-174.8181
4750.000000	97.933	-175.1375
4820.000000	97.709	-175.3591
4870.000000	97.549	-175.4723
4940.000000	97.325	-175.5785
5000.000000	97.131	-175.6229
5080.000000	96.869	-175.6055
5150.000000	96.637	-175.5050
5220.000000	96.404	-175.3177
5300.000000	96.136	-174.9904
5380.000000	95.871	-174.5361
5450.000000	95.641	-174.0385
5520.000000	95.417	-173.4507
5600.000000	95.168	-172.6715
5700.000000	94.870	-171.5427
5800.000000	94.590	-170.2515
5900.000000	94.333	-168.8133
6000.000000	94.101	-167.2468
6080.000000	93.934	-165.9170
6150.000000	93.804	-164.7093
6220.000000	93.691	-163.4655
6300.000000	93.592	-162.0036
6400.000000	93.519	-160.1303
6500.000000	93.493	-158.2304
6600.000000	93.504	-156.3168
6700.000000	93.552	-154.4104
6800.000000	93.639	-152.5314
6900.000000	93.766	-150.6968
7000.000000	93.939	-148.9298
7100.000000	94.162	-147.2693
7200.000000	94.439	-145.7783
7300.000000	94.770	-144.5217
7400.000000	95.156	-143.5529
7500.000000	95.601	-142.9410
7620.000000	96.216	-142.8318
7750.000000	96.975	-143.7542
7880.000000	97.804	-146.1564
8000.000000	98.556	-150.0791
8120.000000	99.188	-155.9215
8250.000000	99.620	-164.3748
8380.000000	99.653	-174.3593
8500.000000	99.256	176.1755
8620.000000	98.478	167.5975
8750.000000	97.329	160.1655
8850.000000	96.328	155.9565
9000.000000	94.783	151.9017
9120.000000	93.587	150.2453
9250.000000	92.374	149.6325
9380.000000	91.260	149.9186
9500.000000	90.320	150.7500
9620.000000	89.459	151.9765
9750.000000	88.608	153.6393
9880.000000	87.835	155.5746
10000.000000	87.185	157.5599
10150.000000	86.446	160.3335
10300.000000	85.795	163.5574
10440.000000	85.304	166.9824
10600.000000	84.910	171.0341
10750.000000	84.692	174.7670
10900.000000	84.627	178.3712
11060.000000	84.743	-178.1924
11200.000000	84.999	-175.8483
11380.000000	85.488	-174.1569
11500.000000	85.871	-173.9707
11720.000000	86.610	-175.4377
11800.000000	86.878	-176.4693
12060.000000	87.740	178.5990
12200.000000	88.204	174.9472
12410.000000	88.898	167.9901
12500.000000	89.188	164.4001
12650.000000	89.637	157.5455
12800.000000	89.997	149.6238
13150.000000	90.220	128.1405
13200.000000	90.168	124.9159
13400.000000	89.757	112.1740
13600.000000	89.091	100.1998
13800.000000	88.285	89.2921
14000.000000	87.439	79.3673
14300.000000	86.242	65.7491
14500.000000	85.545	57.0772
14750.000000	84.838	46.1462
15000.000000	84.319	34.4095
15250.000000	83.945	21.3377
15500.000000	83.677	6.5740
15750.000000	83.474	-10.2054
16000.000000	83.305	-29.2509
16250.000000	83.125	-50.5723
16500.000000	82.777	-73.8717
16750.000000	82.159	-98.6509
17000.000000	81.265	-124.3538
17250.000000	80.147	-150.6534
17500.000000	78.886	-177.6134
17750.000000	77.554	154.3667
18000.000000	76.199	124.7334
18250.000000	74.840	92.7052
18500.000000	73.464	57.3708
18750.000000	72.028	17.8099
19000.000000	70.475	-26.9702
19250.000000	68.718	-78.0044
19500.000000	66.638	-136.4916
19750.000000	64.204	154.6984
20000.000000	62.193	82.6755
