* Measurement data measured by REW V5.31.3
* Source: USB-C to 3.5mm Headphone Jack Adapter, USB-C to 3.5mm Headphone Jack Adapter, 0, volume: 0.295
* Format: 256k Log Swept Sine, 4 sweeps at -12.0 dBFS with no timing reference
* Dated: May 4, 2025 11:24:02 PM
* REW Settings:
*  C-weighting compensation: Off
*  Target level: 75.0 dB
* Note: ; 
* Measurement: Nightjar Singularity VelvetW L
* Smoothing: 1/24 octave
* Frequency Step: 1/48 octave
* Start Frequency: 20.300 Hz
*
* Freq(Hz)	SPL(dB)	Phase(degrees)
20.299999	107.611	168.6818
20.600000	107.591	168.2838
20.900000	107.566	167.8556
21.200001	107.541	167.4229
21.400000	107.523	167.1314
21.799999	107.490	166.5439
22.000000	107.473	166.2507
22.400000	107.442	165.6720
22.700001	107.420	165.2461
23.000000	107.399	164.8255
23.299999	107.378	164.4097
23.600000	107.355	164.0021
24.000000	107.323	163.4839
24.299999	107.298	163.1219
24.700001	107.264	162.6708
25.000000	107.239	162.3398
25.400000	107.205	161.8779
25.799999	107.165	161.3778
26.200001	107.118	160.8609
26.500000	107.081	160.4879
26.900000	107.038	160.0277
27.200001	107.019	159.6962
27.600000	107.011	159.2202
28.000000	107.016	158.6575
28.500000	107.007	157.8640
29.000000	106.955	157.1549
29.500000	106.869	156.7222
30.000000	106.782	156.5434
30.400000	106.729	156.4318
30.700001	106.697	156.2851
31.100000	106.658	155.9701
31.500000	106.616	155.5536
32.000000	106.557	155.0093
32.500000	106.503	154.5321
33.000000	106.460	154.1203
33.500000	106.420	153.7288
34.000000	106.374	153.3405
34.500000	106.321	152.9602
35.000000	106.265	152.5819
35.500000	106.212	152.1926
36.000000	106.162	151.7955
36.500000	106.113	151.4094
37.000000	106.066	151.0456
37.500000	106.019	150.6988
38.200001	105.950	150.2240
38.700001	105.899	149.8889
39.500000	105.818	149.3598
40.000000	105.767	149.0358
40.599998	105.707	148.6629
41.200001	105.646	148.3121
41.799999	105.585	147.9724
42.500000	105.516	147.5713
43.099998	105.456	147.2244
43.700001	105.396	146.8898
44.400002	105.329	146.5262
45.000000	105.272	146.2277
45.500000	105.225	145.9785
46.200001	105.155	145.6294
46.799999	105.094	145.3361
47.500000	105.026	144.9942
48.200001	104.962	144.6509
48.700001	104.916	144.4212
49.400002	104.852	144.1380
50.000000	104.797	143.9128
50.799999	104.719	143.5885
51.500000	104.646	143.2800
52.200001	104.575	142.9753
53.000000	104.500	142.6540
53.799999	104.429	142.3634
54.500000	104.364	142.1208
55.200001	104.296	141.8725
56.000000	104.222	141.5544
57.000000	104.137	141.0911
58.000000	104.046	140.7151
59.000000	103.956	140.5341
60.000000	103.870	140.3488
60.799999	103.798	140.1358
61.500000	103.734	139.9350
62.200001	103.673	139.7379
63.000000	103.605	139.5234
64.000000	103.519	139.2677
65.000000	103.432	139.0220
66.000000	103.346	138.7927
67.000000	103.261	138.5654
68.000000	103.176	138.3375
69.000000	103.092	138.1266
70.000000	103.008	137.9319
71.000000	102.924	137.7397
72.000000	102.841	137.5576
73.000000	102.760	137.3927
74.000000	102.679	137.2351
75.000000	102.599	137.0824
76.199997	102.509	136.9026
77.500000	102.415	136.7137
78.800003	102.314	136.5522
80.000000	102.222	136.4522
81.199997	102.134	136.3472
82.500000	102.037	136.1685
83.800003	101.942	135.9925
85.000000	101.850	135.8817
86.199997	101.752	135.8251
87.500000	101.665	135.7300
88.500000	101.607	135.5792
90.000000	101.512	135.4195
91.199997	101.430	135.3336
92.500000	101.340	135.2361
93.800003	101.255	135.1428
95.000000	101.179	135.0583
96.199997	101.103	134.9866
97.500000	101.017	134.9329
98.800003	100.933	134.8749
100.000000	100.859	134.7951
101.500000	100.764	134.6964
103.000000	100.670	134.6028
104.400002	100.585	134.5151
106.000000	100.484	134.4851
107.500000	100.389	134.4871
109.000000	100.297	134.4650
110.599998	100.200	134.4447
112.000000	100.115	134.4432
113.800003	100.001	134.4540
115.000000	99.922	134.4619
117.199997	99.796	134.5926
118.000000	99.755	134.6625
120.599998	99.628	134.9000
122.000000	99.566	135.0395
124.099998	99.488	135.1960
125.000000	99.458	135.2238
126.500000	99.404	135.2159
128.000000	99.346	135.1783
131.500000	99.205	135.1160
132.000000	99.181	135.1150
134.000000	99.084	135.0835
136.000000	98.994	135.0430
138.000000	98.915	135.0154
140.000000	98.829	135.0235
143.000000	98.673	135.0505
145.000000	98.590	135.0726
147.500000	98.498	135.1507
150.000000	98.396	135.2415
152.500000	98.291	135.3779
155.000000	98.189	135.4995
157.500000	98.089	135.6185
160.000000	97.990	135.7316
162.500000	97.888	135.8637
165.000000	97.780	136.0199
167.500000	97.679	136.1607
170.000000	97.579	136.2804
172.500000	97.479	136.3842
175.000000	97.385	136.5795
177.500000	97.291	136.8222
180.000000	97.196	137.0220
182.500000	97.104	137.1837
185.000000	97.015	137.3579
187.500000	96.925	137.5930
190.000000	96.838	137.8394
192.500000	96.757	138.0540
195.000000	96.682	138.2386
197.500000	96.608	138.3992
200.000000	96.534	138.5573
203.000000	96.439	138.8183
206.000000	96.351	139.0724
209.000000	96.261	139.2838
212.000000	96.163	139.5492
214.000000	96.107	139.6629
218.000000	96.010	139.9657
220.000000	95.951	140.1565
224.000000	95.822	140.4422
227.000000	95.741	140.7177
230.000000	95.668	141.0215
233.000000	95.593	141.2896
236.000000	95.519	141.5904
240.000000	95.432	141.9790
243.000000	95.368	142.1888
247.000000	95.275	142.4921
250.000000	95.206	142.7438
254.000000	95.115	143.1190
258.000000	95.026	143.4813
262.000000	94.937	143.8239
265.000000	94.870	144.0782
269.000000	94.780	144.4519
272.000000	94.715	144.7451
276.000000	94.632	145.1192
280.000000	94.551	145.4722
285.000000	94.450	145.9257
290.000000	94.353	146.3966
295.000000	94.256	146.8633
300.000000	94.160	147.3423
304.000000	94.087	147.7488
307.000000	94.035	148.0517
311.000000	93.966	148.4486
315.000000	93.896	148.8398
320.000000	93.813	149.3221
325.000000	93.730	149.7891
330.000000	93.647	150.2629
335.000000	93.565	150.7809
340.000000	93.489	151.3780
345.000000	93.418	151.8520
350.000000	93.333	152.3131
355.000000	93.251	152.8900
360.000000	93.188	153.4801
365.000000	93.130	154.0744
370.000000	93.074	154.6815
375.000000	93.019	155.2802
382.000000	92.948	156.0680
387.000000	92.902	156.6248
395.000000	92.834	157.4904
400.000000	92.794	158.0137
406.000000	92.749	158.6346
412.000000	92.706	159.2223
418.000000	92.664	159.8178
425.000000	92.621	160.4798
431.000000	92.582	161.0036
437.000000	92.541	161.5654
444.000000	92.502	162.2344
450.000000	92.474	162.7396
455.000000	92.447	163.0887
462.000000	92.398	163.6570
468.000000	92.364	164.1912
475.000000	92.331	164.7537
482.000000	92.294	165.2708
487.000000	92.265	165.6399
494.000000	92.225	166.1756
500.000000	92.189	166.6445
508.000000	92.141	167.2731
515.000000	92.103	167.8181
522.000000	92.066	168.3702
530.000000	92.024	168.9996
538.000000	91.979	169.6277
545.000000	91.938	170.2027
552.000000	91.901	170.7981
560.000000	91.866	171.4111
570.000000	91.822	172.1978
580.000000	91.784	173.0386
590.000000	91.744	173.8534
600.000000	91.705	174.6852
608.000000	91.674	175.3411
615.000000	91.650	175.9049
622.000000	91.628	176.4751
630.000000	91.604	177.1399
640.000000	91.573	177.9676
650.000000	91.545	178.8063
660.000000	91.525	179.6460
670.000000	91.504	-179.5054
680.000000	91.484	-178.6726
690.000000	91.469	-177.8259
700.000000	91.458	-176.9693
710.000000	91.446	-176.1346
720.000000	91.436	-175.3072
730.000000	91.431	-174.4774
740.000000	91.430	-173.6299
750.000000	91.429	-172.7824
762.000000	91.432	-171.7725
775.000000	91.440	-170.6737
788.000000	91.453	-169.5748
800.000000	91.468	-168.5582
812.000000	91.483	-167.5417
825.000000	91.503	-166.4532
838.000000	91.528	-165.3736
850.000000	91.557	-164.3807
862.000000	91.590	-163.3971
875.000000	91.630	-162.3418
885.000000	91.665	-161.5396
900.000000	91.724	-160.3557
912.000000	91.777	-159.4265
925.000000	91.841	-158.4406
938.000000	91.910	-157.4762
950.000000	91.979	-156.6081
962.000000	92.049	-155.7642
975.000000	92.130	-154.8797
988.000000	92.215	-154.0289
1000.000000	92.297	-153.2725
1015.000000	92.404	-152.3723
1030.000000	92.515	-151.5115
1044.000000	92.622	-150.7625
1060.000000	92.744	-149.9838
1075.000000	92.861	-149.2878
1090.000000	92.983	-148.6165
1106.000000	93.110	-147.9533
1120.000000	93.220	-147.4353
1138.000000	93.365	-146.8247
1150.000000	93.461	-146.4492
1172.000000	93.640	-145.8286
1180.000000	93.702	-145.6154
1206.000000	93.897	-145.0353
1220.000000	94.002	-144.7844
1241.000000	94.158	-144.4442
1250.000000	94.224	-144.3166
1265.000000	94.333	-144.1233
1280.000000	94.443	-143.9518
1315.000000	94.689	-143.6217
1320.000000	94.723	-143.5816
1340.000000	94.853	-143.4479
1360.000000	94.975	-143.3404
1380.000000	95.091	-143.2458
1400.000000	95.202	-143.1534
1430.000000	95.361	-143.0255
1450.000000	95.461	-142.9421
1475.000000	95.581	-142.8294
1500.000000	95.696	-142.7124
1525.000000	95.808	-142.5897
1550.000000	95.916	-142.4601
1575.000000	96.023	-142.3260
1600.000000	96.127	-142.1879
1625.000000	96.225	-142.0448
1650.000000	96.322	-141.9016
1675.000000	96.418	-141.7664
1700.000000	96.514	-141.6361
1725.000000	96.611	-141.5112
1750.000000	96.707	-141.3923
1775.000000	96.804	-141.2795
1800.000000	96.902	-141.1799
1825.000000	97.000	-141.0941
1850.000000	97.098	-141.0201
1875.000000	97.196	-140.9606
1900.000000	97.295	-140.9197
1925.000000	97.394	-140.8970
1950.000000	97.492	-140.8919
1975.000000	97.590	-140.9029
2000.000000	97.690	-140.9323
2030.000000	97.810	-140.9965
2060.000000	97.930	-141.0912
2090.000000	98.049	-141.2147
2120.000000	98.167	-141.3673
2140.000000	98.245	-141.4866
2180.000000	98.397	-141.7662
2200.000000	98.471	-141.9236
2240.000000	98.616	-142.2766
2270.000000	98.722	-142.5758
2300.000000	98.824	-142.9030
2330.000000	98.923	-143.2558
2360.000000	99.018	-143.6332
2400.000000	99.139	-144.1753
2430.000000	99.225	-144.6091
2470.000000	99.333	-145.2167
2500.000000	99.408	-145.6923
2540.000000	99.503	-146.3541
2580.000000	99.591	-147.0397
2620.000000	99.669	-147.7437
2650.000000	99.722	-148.2807
2690.000000	99.785	-149.0041
2720.000000	99.827	-149.5510
2760.000000	99.874	-150.2823
2800.000000	99.913	-151.0101
2850.000000	99.949	-151.9119
2900.000000	99.974	-152.7968
2950.000000	99.987	-153.6567
3000.000000	99.990	-154.4862
3040.000000	99.985	-155.1280
3070.000000	99.978	-155.5946
3110.000000	99.964	-156.1942
3150.000000	99.946	-156.7668
3200.000000	99.918	-157.4463
3250.000000	99.885	-158.0870
3300.000000	99.848	-158.6869
3350.000000	99.807	-159.2487
3400.000000	99.763	-159.7755
3450.000000	99.717	-160.2677
3500.000000	99.668	-160.7267
3550.000000	99.618	-161.1549
3600.000000	99.567	-161.5583
3650.000000	99.516	-161.9396
3700.000000	99.463	-162.3000
3750.000000	99.411	-162.6443
3820.000000	99.337	-163.1038
3870.000000	99.284	-163.4198
3950.000000	99.196	-163.9151
4000.000000	99.138	-164.2239
4060.000000	99.061	-164.5963
4120.000000	98.976	-164.9574
4180.000000	98.885	-165.2673
4250.000000	98.787	-165.5675
4310.000000	98.709	-165.8623
4370.000000	98.628	-166.2101
4440.000000	98.523	-166.6307
4500.000000	98.425	-166.9825
4550.000000	98.340	-167.2643
4620.000000	98.215	-167.6392
4680.000000	98.102	-167.9408
4750.000000	97.963	-168.2618
4820.000000	97.819	-168.5468
4870.000000	97.712	-168.7236
4940.000000	97.558	-168.9302
5000.000000	97.422	-169.0664
5080.000000	97.239	-169.1849
5150.000000	97.075	-169.2286
5220.000000	96.908	-169.2132
5300.000000	96.715	-169.1160
5380.000000	96.518	-168.9273
5450.000000	96.345	-168.6744
5520.000000	96.172	-168.3244
5600.000000	95.977	-167.7899
5700.000000	95.746	-166.9009
5800.000000	95.542	-165.7762
5900.000000	95.377	-164.4659
6000.000000	95.259	-163.0429
6080.000000	95.200	-161.8768
6150.000000	95.174	-160.8630
6220.000000	95.174	-159.8678
6300.000000	95.214	-158.7711
6400.000000	95.331	-157.4973
6500.000000	95.511	-156.3735
6600.000000	95.743	-155.4418
6700.000000	96.027	-154.7662
6800.000000	96.366	-154.4232
6900.000000	96.757	-154.5078
7000.000000	97.200	-155.1361
7100.000000	97.690	-156.4500
7200.000000	98.212	-158.6411
7300.000000	98.737	-161.9180
7400.000000	99.214	-166.4354
7500.000000	99.575	-172.2121
7620.000000	99.753	179.4908
7750.000000	99.528	169.7022
7880.000000	98.847	160.3858
8000.000000	97.878	153.1796
8120.000000	96.681	147.7441
8250.000000	95.273	143.8358
8380.000000	93.866	141.6794
8500.000000	92.624	140.9067
8620.000000	91.456	141.0182
8750.000000	90.279	141.8809
8850.000000	89.436	142.9429
9000.000000	88.269	145.0260
9120.000000	87.412	147.0064
9250.000000	86.556	149.3845
9380.000000	85.768	151.9509
9500.000000	85.097	154.4452
9620.000000	84.477	157.0352
9750.000000	83.856	159.9336
9880.000000	83.286	162.9160
10000.000000	82.803	165.7463
10150.000000	82.252	169.4551
10300.000000	81.774	173.5279
10440.000000	81.434	177.6432
10600.000000	81.194	-177.6407
10750.000000	81.103	-173.3405
10900.000000	81.152	-169.2297
11060.000000	81.375	-165.3290
11200.000000	81.706	-162.6516
11380.000000	82.258	-160.5604
11500.000000	82.662	-160.0486
11720.000000	83.400	-160.7309
11800.000000	83.656	-161.3875
12060.000000	84.458	-164.6212
12200.000000	84.888	-166.9781
12410.000000	85.559	-171.3578
12500.000000	85.864	-173.5919
12650.000000	86.394	-177.8653
12800.000000	86.937	177.1024
13150.000000	88.126	162.1135
13200.000000	88.274	159.5984
13400.000000	88.783	148.6978
13600.000000	89.130	136.6894
13800.000000	89.307	123.8963
14000.000000	89.329	110.5928
14300.000000	89.162	89.9621
14500.000000	88.964	75.6024
14750.000000	88.636	56.6623
15000.000000	88.178	36.1652
15250.000000	87.453	14.1044
15500.000000	86.352	-8.8038
15750.000000	84.869	-31.5861
16000.000000	83.131	-53.5026
16250.000000	81.339	-74.3170
16500.000000	79.590	-94.2558
16750.000000	77.907	-113.7865
17000.000000	76.303	-133.4810
17250.000000	74.789	-153.8378
17500.000000	73.353	-175.2806
17750.000000	71.970	161.6517
18000.000000	70.639	136.4297
18250.000000	69.355	108.3987
18500.000000	68.079	76.8054
18750.000000	66.747	40.7262
19000.000000	65.291	-0.5695
19250.000000	63.634	-47.9811
19500.000000	61.698	-102.7733
19750.000000	59.503	-167.3834
20000.000000	57.768	125.5134
