* Measurement data measured by REW V5.31.3
* Source: USB-C to 3.5mm Headphone Jack Adapter, no input selected, 0, volume: 0.295
* Format: 256k Log Swept Sine, 4 sweeps at -12.0 dBFS with no timing reference
* Dated: Mar 18, 2026 11:42:09 PM
* REW Settings:
*  C-weighting compensation: Off
*  Target level: 75.0 dB
* Note: ; 
* Measurement: Sony XBA-N3 Foamax L
* Smoothing: 1/24 octave
* Frequency Step: 1/48 octave
* Start Frequency: 20.300 Hz
*
* Freq(Hz)	SPL(dB)	Phase(degrees)
20.299999	102.744	-141.9110
20.600000	102.781	-142.5705
20.900000	102.820	-143.2754
21.200001	102.856	-143.9719
21.400000	102.879	-144.4299
21.799999	102.925	-145.3323
22.000000	102.948	-145.7773
22.400000	102.993	-146.6560
22.700001	103.025	-147.3054
23.000000	103.056	-147.9462
23.299999	103.085	-148.5781
23.600000	103.112	-149.2009
24.000000	103.146	-150.0176
24.299999	103.171	-150.6212
24.700001	103.203	-151.4161
25.000000	103.226	-152.0058
25.400000	103.256	-152.7830
25.799999	103.284	-153.5479
26.200001	103.311	-154.2981
26.500000	103.329	-154.8508
26.900000	103.352	-155.5753
27.200001	103.368	-156.1106
27.600000	103.388	-156.8145
28.000000	103.406	-157.5071
28.500000	103.428	-158.3530
29.000000	103.447	-159.1715
29.500000	103.464	-159.9601
30.000000	103.479	-160.7240
30.400000	103.489	-161.3247
30.700001	103.496	-161.7726
31.100000	103.503	-162.3682
31.500000	103.509	-162.9610
32.000000	103.515	-163.6929
32.500000	103.520	-164.4098
33.000000	103.526	-165.1116
33.500000	103.532	-165.8013
34.000000	103.536	-166.4806
34.500000	103.538	-167.1486
35.000000	103.538	-167.8025
35.500000	103.536	-168.4385
36.000000	103.533	-169.0539
36.500000	103.530	-169.6510
37.000000	103.527	-170.2392
37.500000	103.523	-170.8291
38.200001	103.513	-171.6571
38.700001	103.503	-172.2336
39.500000	103.490	-173.1094
40.000000	103.484	-173.6366
40.599998	103.476	-174.2617
41.200001	103.465	-174.8756
41.799999	103.450	-175.4737
42.500000	103.431	-176.1646
43.099998	103.413	-176.7626
43.700001	103.396	-177.3566
44.400002	103.376	-178.0213
45.000000	103.360	-178.5638
45.500000	103.347	-179.0047
46.200001	103.324	-179.6135
46.799999	103.301	179.8703
47.500000	103.274	179.2682
48.200001	103.249	178.6584
48.700001	103.233	178.2235
49.400002	103.210	177.6368
50.000000	103.189	177.1693
50.799999	103.157	176.5916
51.500000	103.126	176.1065
52.200001	103.095	175.6205
53.000000	103.059	175.0542
53.799999	103.025	174.4854
54.500000	102.995	173.9989
55.200001	102.966	173.5219
56.000000	102.931	172.9830
57.000000	102.886	172.3391
58.000000	102.842	171.7289
59.000000	102.796	171.1216
60.000000	102.746	170.5420
60.799999	102.707	170.1049
61.500000	102.675	169.7289
62.200001	102.641	169.3514
63.000000	102.602	168.9158
64.000000	102.550	168.3753
65.000000	102.500	167.8557
66.000000	102.453	167.3490
67.000000	102.403	166.8538
68.000000	102.350	166.3913
69.000000	102.300	165.9503
70.000000	102.250	165.5071
71.000000	102.200	165.0697
72.000000	102.149	164.6598
73.000000	102.098	164.2783
74.000000	102.048	163.9015
75.000000	101.997	163.5226
76.199997	101.935	163.0657
77.500000	101.870	162.5704
78.800003	101.804	162.1137
80.000000	101.743	161.7294
81.199997	101.681	161.3512
82.500000	101.615	160.9339
83.800003	101.552	160.5218
85.000000	101.493	160.1631
86.199997	101.433	159.8185
87.500000	101.367	159.4637
88.500000	101.317	159.1920
90.000000	101.240	158.7862
91.199997	101.181	158.4802
92.500000	101.118	158.1653
93.800003	101.055	157.8649
95.000000	100.995	157.5907
96.199997	100.935	157.3250
97.500000	100.871	157.0480
98.800003	100.803	156.7809
100.000000	100.742	156.5455
101.500000	100.672	156.2579
103.000000	100.603	155.9827
104.400002	100.537	155.7366
106.000000	100.461	155.4644
107.500000	100.390	155.2273
109.000000	100.318	155.0047
110.599998	100.243	154.7758
112.000000	100.178	154.5793
113.800003	100.094	154.3347
115.000000	100.039	154.1840
117.199997	99.938	153.9325
118.000000	99.902	153.8468
120.599998	99.785	153.5796
122.000000	99.722	153.4381
124.099998	99.630	153.2452
125.000000	99.592	153.1660
126.500000	99.528	153.0416
128.000000	99.463	152.9319
131.500000	99.313	152.7220
132.000000	99.293	152.6949
134.000000	99.212	152.5914
136.000000	99.135	152.5048
138.000000	99.062	152.4127
140.000000	98.989	152.3012
143.000000	98.880	152.1735
145.000000	98.808	152.0833
147.500000	98.713	151.9472
150.000000	98.620	151.8489
152.500000	98.527	151.7879
155.000000	98.434	151.7336
157.500000	98.343	151.6589
160.000000	98.255	151.6131
162.500000	98.169	151.6263
165.000000	98.077	151.5886
167.500000	97.991	151.5900
170.000000	97.907	151.5629
172.500000	97.826	151.5962
175.000000	97.738	151.5900
177.500000	97.657	151.6734
180.000000	97.579	151.7029
182.500000	97.497	151.7361
185.000000	97.419	151.8196
187.500000	97.347	151.8794
190.000000	97.271	151.9418
192.500000	97.194	152.0458
195.000000	97.123	152.1443
197.500000	97.056	152.2314
200.000000	96.986	152.2933
203.000000	96.898	152.4180
206.000000	96.815	152.5577
209.000000	96.733	152.7120
212.000000	96.654	152.8649
214.000000	96.602	152.9637
218.000000	96.499	153.1849
220.000000	96.449	153.2990
224.000000	96.352	153.5356
227.000000	96.281	153.7274
230.000000	96.212	153.9059
233.000000	96.142	154.0913
236.000000	96.075	154.2841
240.000000	95.989	154.5214
243.000000	95.926	154.7047
247.000000	95.843	154.9790
250.000000	95.781	155.2043
254.000000	95.696	155.4843
258.000000	95.611	155.7659
262.000000	95.530	156.0513
265.000000	95.472	156.2727
269.000000	95.397	156.5787
272.000000	95.343	156.8015
276.000000	95.271	157.0942
280.000000	95.199	157.4298
285.000000	95.116	157.8607
290.000000	95.037	158.2890
295.000000	94.959	158.7074
300.000000	94.880	159.1591
304.000000	94.815	159.4617
307.000000	94.769	159.6785
311.000000	94.716	159.9920
315.000000	94.663	160.3130
320.000000	94.595	160.7746
325.000000	94.530	161.1810
330.000000	94.467	161.6212
335.000000	94.403	162.0558
340.000000	94.343	162.4742
345.000000	94.287	162.8990
350.000000	94.232	163.3293
355.000000	94.176	163.7902
360.000000	94.122	164.2492
365.000000	94.073	164.6928
370.000000	94.026	165.1274
375.000000	93.979	165.5631
382.000000	93.914	166.1848
387.000000	93.871	166.6312
395.000000	93.806	167.3511
400.000000	93.768	167.7936
406.000000	93.727	168.3010
412.000000	93.687	168.8104
418.000000	93.648	169.3166
425.000000	93.604	169.8898
431.000000	93.567	170.3860
437.000000	93.531	170.8827
444.000000	93.490	171.4629
450.000000	93.456	171.9667
455.000000	93.429	172.3767
462.000000	93.392	172.9500
468.000000	93.362	173.4427
475.000000	93.329	174.0205
482.000000	93.297	174.5941
487.000000	93.276	175.0031
494.000000	93.247	175.5729
500.000000	93.224	176.0585
508.000000	93.197	176.7117
515.000000	93.175	177.2843
522.000000	93.154	177.8522
530.000000	93.133	178.4946
538.000000	93.113	179.1328
545.000000	93.097	179.6965
552.000000	93.083	-179.7447
560.000000	93.067	-179.1221
570.000000	93.049	-178.3424
580.000000	93.036	-177.5710
590.000000	93.025	-176.7973
600.000000	93.015	-176.0208
608.000000	93.010	-175.4062
615.000000	93.009	-174.8766
622.000000	93.008	-174.3539
630.000000	93.008	-173.7628
640.000000	93.009	-173.0261
650.000000	93.010	-172.2897
660.000000	93.016	-171.5565
670.000000	93.023	-170.8245
680.000000	93.033	-170.0960
690.000000	93.044	-169.3758
700.000000	93.059	-168.6576
710.000000	93.074	-167.9388
720.000000	93.091	-167.2262
730.000000	93.112	-166.5183
740.000000	93.134	-165.8140
750.000000	93.158	-165.1140
762.000000	93.191	-164.2854
775.000000	93.231	-163.3937
788.000000	93.275	-162.5065
800.000000	93.320	-161.6979
812.000000	93.367	-160.8959
825.000000	93.422	-160.0390
838.000000	93.482	-159.1939
850.000000	93.543	-158.4239
862.000000	93.605	-157.6782
875.000000	93.677	-156.8880
885.000000	93.736	-156.2925
900.000000	93.829	-155.4223
912.000000	93.907	-154.7489
925.000000	93.995	-154.0453
938.000000	94.087	-153.3708
950.000000	94.174	-152.7742
962.000000	94.264	-152.1975
975.000000	94.364	-151.5949
988.000000	94.469	-151.0137
1000.000000	94.569	-150.5028
1015.000000	94.701	-149.9178
1030.000000	94.839	-149.4030
1044.000000	94.971	-149.0012
1060.000000	95.120	-148.6346
1075.000000	95.256	-148.3654
1090.000000	95.388	-148.1558
1106.000000	95.525	-147.9845
1120.000000	95.641	-147.8736
1138.000000	95.786	-147.7873
1150.000000	95.879	-147.7606
1172.000000	96.042	-147.7750
1180.000000	96.099	-147.8004
1206.000000	96.275	-147.9449
1220.000000	96.364	-148.0571
1241.000000	96.489	-148.2744
1250.000000	96.540	-148.3843
1265.000000	96.619	-148.5860
1280.000000	96.692	-148.8114
1315.000000	96.838	-149.4196
1320.000000	96.856	-149.5141
1340.000000	96.917	-149.9049
1360.000000	96.964	-150.3095
1380.000000	96.995	-150.7180
1400.000000	97.007	-151.1129
1430.000000	96.987	-151.6101
1450.000000	96.947	-151.8212
1475.000000	96.874	-151.8591
1500.000000	96.789	-151.5470
1525.000000	96.718	-150.8472
1550.000000	96.687	-149.8313
1575.000000	96.713	-148.6579
1600.000000	96.797	-147.5132
1625.000000	96.928	-146.5368
1650.000000	97.087	-145.7986
1675.000000	97.257	-145.3029
1700.000000	97.429	-145.0188
1725.000000	97.594	-144.9069
1750.000000	97.750	-144.9249
1775.000000	97.895	-145.0405
1800.000000	98.029	-145.2313
1825.000000	98.152	-145.4823
1850.000000	98.267	-145.7761
1875.000000	98.372	-146.1038
1900.000000	98.469	-146.4595
1925.000000	98.558	-146.8350
1950.000000	98.641	-147.2271
1975.000000	98.715	-147.6363
2000.000000	98.784	-148.0578
2030.000000	98.858	-148.5748
2060.000000	98.923	-149.1048
2090.000000	98.980	-149.6446
2120.000000	99.028	-150.1891
2140.000000	99.056	-150.5540
2180.000000	99.101	-151.2852
2200.000000	99.119	-151.6499
2240.000000	99.143	-152.3736
2270.000000	99.154	-152.9112
2300.000000	99.157	-153.4406
2330.000000	99.153	-153.9593
2360.000000	99.142	-154.4652
2400.000000	99.117	-155.1148
2430.000000	99.090	-155.5817
2470.000000	99.044	-156.1740
2500.000000	99.001	-156.5924
2540.000000	98.934	-157.1117
2580.000000	98.855	-157.5752
2620.000000	98.764	-157.9735
2650.000000	98.687	-158.2217
2690.000000	98.575	-158.4749
2720.000000	98.483	-158.5966
2760.000000	98.352	-158.6494
2800.000000	98.213	-158.5575
2850.000000	98.034	-158.2082
2900.000000	97.858	-157.5666
2950.000000	97.698	-156.6241
3000.000000	97.566	-155.3976
3040.000000	97.490	-154.2450
3070.000000	97.454	-153.3057
3110.000000	97.437	-151.9916
3150.000000	97.457	-150.6581
3200.000000	97.533	-149.0430
3250.000000	97.661	-147.5657
3300.000000	97.833	-146.2959
3350.000000	98.042	-145.2793
3400.000000	98.279	-144.5476
3450.000000	98.538	-144.1280
3500.000000	98.812	-144.0463
3550.000000	99.093	-144.3340
3600.000000	99.372	-145.0257
3650.000000	99.636	-146.1510
3700.000000	99.870	-147.7267
3750.000000	100.054	-149.7386
3820.000000	100.185	-153.1660
3870.000000	100.162	-155.8717
3950.000000	99.889	-160.0813
4000.000000	99.577	-162.2516
4060.000000	99.097	-163.9939
4120.000000	98.564	-164.5614
4180.000000	98.056	-163.9416
4250.000000	97.580	-162.0260
4310.000000	97.314	-159.7867
4370.000000	97.186	-157.4103
4440.000000	97.189	-154.8921
4500.000000	97.288	-153.1899
4550.000000	97.413	-152.1689
4620.000000	97.616	-151.3700
4680.000000	97.789	-151.2308
4750.000000	97.961	-151.6014
4820.000000	98.083	-152.4056
4870.000000	98.131	-153.1567
4940.000000	98.143	-154.3329
5000.000000	98.101	-155.3563
5080.000000	97.981	-156.6083
5150.000000	97.826	-157.5068
5220.000000	97.639	-158.1637
5300.000000	97.401	-158.5887
5380.000000	97.153	-158.6641
5450.000000	96.938	-158.4568
5520.000000	96.734	-158.0162
5600.000000	96.521	-157.2633
5700.000000	96.297	-156.0229
5800.000000	96.128	-154.5412
5900.000000	96.019	-152.8992
6000.000000	95.974	-151.1801
6080.000000	95.987	-149.8022
6150.000000	96.034	-148.6313
6220.000000	96.116	-147.5246
6300.000000	96.251	-146.3800
6400.000000	96.481	-145.2018
6500.000000	96.776	-144.4010
6600.000000	97.130	-144.0916
6700.000000	97.529	-144.3958
6800.000000	97.954	-145.4266
6900.000000	98.379	-147.2660
7000.000000	98.769	-149.9390
7100.000000	99.088	-153.3947
7200.000000	99.302	-157.4993
7300.000000	99.382	-162.0171
7400.000000	99.314	-166.6180
7500.000000	99.112	-170.9729
7620.000000	98.738	-175.5435
7750.000000	98.248	-179.5087
7880.000000	97.746	177.4836
8000.000000	97.325	175.3344
8120.000000	96.968	173.5106
8250.000000	96.659	171.5791
8380.000000	96.415	169.3855
8500.000000	96.219	166.9260
8620.000000	96.012	163.9599
8750.000000	95.727	160.2210
8850.000000	95.437	157.1009
9000.000000	94.860	152.4020
9120.000000	94.279	148.9681
9250.000000	93.558	145.8882
9380.000000	92.787	143.6452
9500.000000	92.075	142.3450
9620.000000	91.397	141.7155
9750.000000	90.732	141.6600
9880.000000	90.163	142.0833
10000.000000	89.735	142.7374
10150.000000	89.345	143.6964
10300.000000	89.125	144.5735
10440.000000	89.076	145.0852
10600.000000	89.207	145.0129
10750.000000	89.508	143.9905
10900.000000	89.968	141.6602
11060.000000	90.593	137.2458
11200.000000	91.182	131.3755
11380.000000	91.832	120.8135
11500.000000	92.081	112.0863
11720.000000	91.932	94.1772
11800.000000	91.672	87.6376
12060.000000	90.261	68.5974
12200.000000	89.327	60.2497
12410.000000	87.957	50.0010
12500.000000	87.422	46.2348
12650.000000	86.630	40.4982
12800.000000	85.967	35.1675
13150.000000	84.904	22.9714
13200.000000	84.801	21.1631
13400.000000	84.493	13.5814
13600.000000	84.326	5.2678
13800.000000	84.267	-3.9618
14000.000000	84.284	-14.2202
14300.000000	84.417	-31.6989
14500.000000	84.556	-44.9427
14750.000000	84.749	-63.5005
15000.000000	84.934	-84.3596
15250.000000	85.089	-107.5151
15500.000000	85.209	-132.9503
15750.000000	85.287	-160.6345
16000.000000	85.296	169.5321
16250.000000	85.181	137.7564
16500.000000	84.862	104.4135
16750.000000	84.274	70.0529
17000.000000	83.385	35.2249
17250.000000	82.220	0.2274
17500.000000	80.827	-35.0300
17750.000000	79.231	-71.0537
18000.000000	77.398	-108.4212
18250.000000	75.236	-147.6204
18500.000000	72.630	171.2113
18750.000000	69.477	128.1826
19000.000000	65.741	83.4624
19250.000000	61.440	36.9573
19500.000000	56.640	-12.0081
19750.000000	51.560	-65.9132
20000.000000	47.389	-122.2026
