* Measurement data measured by REW V5.31.3
* Source: USB-C to 3.5mm Headphone Jack Adapter, USB-C to 3.5mm Headphone Jack Adapter, 0, volume: 0.295
* Format: 256k Log Swept Sine, 4 sweeps at -12.0 dBFS with no timing reference
* Dated: Jan 31, 2026 2:03:26 PM
* REW Settings:
*  C-weighting compensation: Off
*  Target level: 75.0 dB
* Note: ; 
* Measurement: Sony XBA-N3 CP100 L
* Smoothing: 1/24 octave
* Frequency Step: 1/48 octave
* Start Frequency: 20.300 Hz
*
* Freq(Hz)	SPL(dB)	Phase(degrees)
20.299999	102.549	-143.8638
20.600000	102.585	-144.4418
20.900000	102.625	-145.0738
21.200001	102.664	-145.7295
21.400000	102.691	-146.1822
21.799999	102.745	-147.1208
22.000000	102.774	-147.6011
22.400000	102.835	-148.5666
22.700001	102.882	-149.2830
23.000000	102.930	-149.9836
23.299999	102.974	-150.6604
23.600000	103.014	-151.3061
24.000000	103.058	-152.1110
24.299999	103.084	-152.6759
24.700001	103.113	-153.3997
25.000000	103.132	-153.9422
25.400000	103.155	-154.6920
25.799999	103.177	-155.4789
26.200001	103.201	-156.2826
26.500000	103.220	-156.8755
26.900000	103.249	-157.6297
27.200001	103.273	-158.1600
27.600000	103.302	-158.8185
28.000000	103.326	-159.4266
28.500000	103.345	-160.1341
29.000000	103.355	-160.8274
29.500000	103.365	-161.5743
30.000000	103.380	-162.4179
30.400000	103.394	-163.1464
30.700001	103.406	-163.6972
31.100000	103.422	-164.4006
31.500000	103.437	-165.0410
32.000000	103.454	-165.7478
32.500000	103.464	-166.3839
33.000000	103.467	-166.9969
33.500000	103.465	-167.6232
34.000000	103.463	-168.2786
34.500000	103.465	-168.9551
35.000000	103.469	-169.6255
35.500000	103.474	-170.2640
36.000000	103.477	-170.8665
36.500000	103.477	-171.4500
37.000000	103.473	-172.0328
37.500000	103.465	-172.6211
38.200001	103.454	-173.4463
38.700001	103.449	-174.0286
39.500000	103.439	-174.9271
40.000000	103.429	-175.4574
40.599998	103.413	-176.0691
41.200001	103.399	-176.6776
41.799999	103.388	-177.2942
42.500000	103.379	-178.0011
43.099998	103.371	-178.5742
43.700001	103.360	-179.1237
44.400002	103.339	-179.7635
45.000000	103.313	179.6838
45.500000	103.292	179.2308
46.200001	103.271	178.6193
46.799999	103.261	178.1129
47.500000	103.247	177.5550
48.200001	103.221	177.0685
48.700001	103.199	176.7578
49.400002	103.172	176.2980
50.000000	103.152	175.8182
50.799999	103.122	175.0890
51.500000	103.091	174.4812
52.200001	103.065	173.9530
53.000000	103.040	173.4089
53.799999	103.014	172.8893
54.500000	102.985	172.4454
55.200001	102.950	172.0019
56.000000	102.909	171.4698
57.000000	102.864	170.7510
58.000000	102.820	170.1135
59.000000	102.782	169.6176
60.000000	102.743	169.0762
60.799999	102.703	168.6059
61.500000	102.668	168.1856
62.200001	102.628	167.7368
63.000000	102.575	167.2411
64.000000	102.520	166.7700
65.000000	102.498	166.3337
66.000000	102.460	165.8527
67.000000	102.400	165.4069
68.000000	102.346	164.9305
69.000000	102.292	164.4672
70.000000	102.228	164.0820
71.000000	102.163	163.7061
72.000000	102.117	163.2901
73.000000	102.088	162.8310
74.000000	102.050	162.3949
75.000000	102.001	162.0348
76.199997	101.943	161.5838
77.500000	101.867	161.0717
78.800003	101.803	160.6123
80.000000	101.740	160.1890
81.199997	101.668	159.9062
82.500000	101.605	159.5258
83.800003	101.536	159.0703
85.000000	101.472	158.7676
86.199997	101.417	158.4596
87.500000	101.353	158.0335
88.500000	101.287	157.7414
90.000000	101.200	157.4744
91.199997	101.141	157.0634
92.500000	101.033	156.5575
93.800003	100.924	156.4555
95.000000	100.871	156.4549
96.199997	100.828	156.3376
97.500000	100.777	156.3614
98.800003	100.787	156.7055
100.000000	100.841	156.6000
101.500000	100.819	155.8400
103.000000	100.711	155.2729
104.400002	100.618	155.0745
106.000000	100.545	154.7989
107.500000	100.473	154.4193
109.000000	100.397	154.0795
110.599998	100.317	153.7916
112.000000	100.246	153.5996
113.800003	100.161	153.4072
115.000000	100.107	153.2988
117.199997	100.013	153.0659
118.000000	99.982	152.9694
120.599998	99.888	152.7294
122.000000	99.833	152.5435
124.099998	99.740	152.2339
125.000000	99.700	152.1510
126.500000	99.634	152.0445
128.000000	99.570	151.9235
131.500000	99.426	151.5999
132.000000	99.405	151.5525
134.000000	99.327	151.4000
136.000000	99.255	151.3329
138.000000	99.182	151.2918
140.000000	99.101	151.1515
143.000000	98.990	150.8681
145.000000	98.912	150.7893
147.500000	98.816	150.7165
150.000000	98.731	150.6959
152.500000	98.644	150.6933
155.000000	98.557	150.6059
157.500000	98.473	150.5895
160.000000	98.381	150.5941
162.500000	98.284	150.5842
165.000000	98.197	150.5480
167.500000	98.112	150.5757
170.000000	98.028	150.5756
172.500000	97.953	150.7039
175.000000	97.874	150.7863
177.500000	97.781	150.8299
180.000000	97.691	150.8741
182.500000	97.619	150.8475
185.000000	97.548	150.9273
187.500000	97.472	151.1083
190.000000	97.394	151.1790
192.500000	97.316	151.1851
195.000000	97.248	151.2707
197.500000	97.174	151.4436
200.000000	97.096	151.5715
203.000000	97.018	151.6300
206.000000	96.938	151.6910
209.000000	96.858	151.7746
212.000000	96.782	151.8981
214.000000	96.733	152.0049
218.000000	96.633	152.2327
220.000000	96.582	152.3472
224.000000	96.479	152.6039
227.000000	96.410	152.8032
230.000000	96.350	152.9978
233.000000	96.290	153.1938
236.000000	96.224	153.3772
240.000000	96.137	153.6190
243.000000	96.075	153.7955
247.000000	95.997	154.0305
250.000000	95.937	154.2334
254.000000	95.856	154.5123
258.000000	95.774	154.7896
262.000000	95.694	155.0808
265.000000	95.637	155.3049
269.000000	95.562	155.5979
272.000000	95.507	155.8168
276.000000	95.435	156.1209
280.000000	95.365	156.4421
285.000000	95.279	156.8461
290.000000	95.196	157.2493
295.000000	95.116	157.6562
300.000000	95.040	158.0657
304.000000	94.981	158.3998
307.000000	94.937	158.6496
311.000000	94.881	158.9801
315.000000	94.826	159.3127
320.000000	94.757	159.7362
325.000000	94.690	160.1668
330.000000	94.627	160.5966
335.000000	94.566	161.0303
340.000000	94.507	161.4733
345.000000	94.451	161.8979
350.000000	94.398	162.3184
355.000000	94.345	162.7404
360.000000	94.294	163.1606
365.000000	94.244	163.5958
370.000000	94.194	164.0309
375.000000	94.146	164.4689
382.000000	94.084	165.0657
387.000000	94.040	165.4910
395.000000	93.974	166.1828
400.000000	93.934	166.6173
406.000000	93.887	167.1346
412.000000	93.843	167.6429
418.000000	93.801	168.1542
425.000000	93.754	168.7560
431.000000	93.716	169.2730
437.000000	93.680	169.7855
444.000000	93.638	170.3753
450.000000	93.604	170.8826
455.000000	93.577	171.3045
462.000000	93.543	171.8900
468.000000	93.515	172.3904
475.000000	93.483	172.9759
482.000000	93.453	173.5552
487.000000	93.433	173.9683
494.000000	93.405	174.5461
500.000000	93.383	175.0370
508.000000	93.356	175.6873
515.000000	93.335	176.2582
522.000000	93.316	176.8257
530.000000	93.295	177.4712
538.000000	93.277	178.1126
545.000000	93.262	178.6702
552.000000	93.247	179.2229
560.000000	93.234	179.8547
570.000000	93.219	-179.3636
580.000000	93.206	-178.5920
590.000000	93.195	-177.8177
600.000000	93.188	-177.0525
608.000000	93.184	-176.4456
615.000000	93.181	-175.9138
622.000000	93.180	-175.3825
630.000000	93.180	-174.7757
640.000000	93.181	-174.0254
650.000000	93.185	-173.2800
660.000000	93.192	-172.5400
670.000000	93.200	-171.8032
680.000000	93.211	-171.0698
690.000000	93.223	-170.3394
700.000000	93.238	-169.6145
710.000000	93.255	-168.8943
720.000000	93.275	-168.1732
730.000000	93.296	-167.4559
740.000000	93.320	-166.7432
750.000000	93.347	-166.0314
762.000000	93.382	-165.1842
775.000000	93.424	-164.2757
788.000000	93.469	-163.3745
800.000000	93.514	-162.5454
812.000000	93.559	-161.7294
825.000000	93.610	-160.8608
838.000000	93.665	-160.0027
850.000000	93.720	-159.2250
862.000000	93.779	-158.4637
875.000000	93.848	-157.6563
885.000000	93.904	-157.0480
900.000000	93.992	-156.1615
912.000000	94.068	-155.4791
925.000000	94.154	-154.7685
938.000000	94.243	-154.0883
950.000000	94.329	-153.4882
962.000000	94.417	-152.9142
975.000000	94.514	-152.3217
988.000000	94.615	-151.7605
1000.000000	94.709	-151.2692
1015.000000	94.830	-150.6857
1030.000000	94.956	-150.1429
1044.000000	95.079	-149.6867
1060.000000	95.225	-149.2477
1075.000000	95.362	-148.9291
1090.000000	95.496	-148.6908
1106.000000	95.635	-148.5120
1120.000000	95.752	-148.4051
1138.000000	95.897	-148.3258
1150.000000	95.990	-148.3065
1172.000000	96.153	-148.3384
1180.000000	96.209	-148.3688
1206.000000	96.385	-148.5336
1220.000000	96.473	-148.6616
1241.000000	96.599	-148.8999
1250.000000	96.652	-149.0179
1265.000000	96.739	-149.2334
1280.000000	96.822	-149.4725
1315.000000	96.995	-150.1171
1320.000000	97.017	-150.2183
1340.000000	97.097	-150.6438
1360.000000	97.163	-151.0974
1380.000000	97.213	-151.5676
1400.000000	97.246	-152.0448
1430.000000	97.260	-152.7270
1450.000000	97.243	-153.1146
1475.000000	97.194	-153.4478
1500.000000	97.121	-153.5408
1525.000000	97.038	-153.3431
1550.000000	96.957	-152.8189
1575.000000	96.900	-151.9611
1600.000000	96.886	-150.8471
1625.000000	96.928	-149.6440
1650.000000	97.022	-148.5294
1675.000000	97.155	-147.6176
1700.000000	97.309	-146.9487
1725.000000	97.471	-146.5125
1750.000000	97.629	-146.2747
1775.000000	97.779	-146.1882
1800.000000	97.917	-146.2111
1825.000000	98.042	-146.3075
1850.000000	98.156	-146.4435
1875.000000	98.260	-146.5889
1900.000000	98.360	-146.7212
1925.000000	98.461	-146.8435
1950.000000	98.569	-146.9977
1975.000000	98.682	-147.2428
2000.000000	98.793	-147.6154
2030.000000	98.910	-148.2060
2060.000000	99.003	-148.8749
2090.000000	99.072	-149.5485
2120.000000	99.121	-150.1867
2140.000000	99.146	-150.5826
2180.000000	99.182	-151.2881
2200.000000	99.197	-151.5955
2240.000000	99.227	-152.1416
2270.000000	99.255	-152.5501
2300.000000	99.283	-153.0170
2330.000000	99.300	-153.5427
2360.000000	99.301	-154.0780
2400.000000	99.282	-154.7106
2430.000000	99.261	-155.0920
2470.000000	99.238	-155.5196
2500.000000	99.227	-155.8486
2540.000000	99.212	-156.3713
2580.000000	99.178	-156.9675
2620.000000	99.118	-157.5502
2650.000000	99.059	-157.9327
2690.000000	98.965	-158.3494
2720.000000	98.885	-158.5946
2760.000000	98.766	-158.8275
2800.000000	98.633	-158.9242
2850.000000	98.451	-158.7944
2900.000000	98.265	-158.3416
2950.000000	98.088	-157.5580
3000.000000	97.930	-156.4562
3040.000000	97.826	-155.3548
3070.000000	97.765	-154.4079
3110.000000	97.713	-153.0020
3150.000000	97.702	-151.4645
3200.000000	97.759	-149.4539
3250.000000	97.902	-147.5311
3300.000000	98.119	-145.9246
3350.000000	98.383	-144.7636
3400.000000	98.665	-144.0315
3450.000000	98.954	-143.6619
3500.000000	99.246	-143.6144
3550.000000	99.539	-143.8890
3600.000000	99.829	-144.5168
3650.000000	100.107	-145.5288
3700.000000	100.361	-146.9411
3750.000000	100.577	-148.7509
3820.000000	100.782	-151.9066
3870.000000	100.833	-154.5152
3950.000000	100.698	-158.9056
4000.000000	100.465	-161.4351
4060.000000	100.050	-163.8215
4120.000000	99.539	-165.1622
4180.000000	99.010	-165.3048
4250.000000	98.466	-164.1194
4310.000000	98.119	-162.3072
4370.000000	97.905	-160.1729
4440.000000	97.812	-157.7436
4500.000000	97.836	-155.9922
4550.000000	97.906	-154.8663
4620.000000	98.044	-153.8447
4680.000000	98.174	-153.4666
4750.000000	98.313	-153.5480
4820.000000	98.415	-154.0908
4870.000000	98.454	-154.6792
4940.000000	98.458	-155.6640
5000.000000	98.413	-156.5595
5080.000000	98.291	-157.6932
5150.000000	98.135	-158.5409
5220.000000	97.940	-159.1846
5300.000000	97.686	-159.6171
5380.000000	97.411	-159.7008
5450.000000	97.167	-159.4846
5520.000000	96.927	-159.0122
5600.000000	96.666	-158.1869
5700.000000	96.374	-156.7800
5800.000000	96.130	-155.0316
5900.000000	95.941	-153.0139
6000.000000	95.818	-150.7984
6080.000000	95.770	-148.9401
6150.000000	95.767	-147.2921
6220.000000	95.803	-145.6576
6300.000000	95.900	-143.8446
6400.000000	96.110	-141.7146
6500.000000	96.404	-139.8059
6600.000000	96.771	-138.2005
6700.000000	97.207	-136.9900
6800.000000	97.708	-136.2829
6900.000000	98.268	-136.2214
7000.000000	98.870	-136.9755
7100.000000	99.485	-138.7123
7200.000000	100.064	-141.5382
7300.000000	100.550	-145.4169
7400.000000	100.884	-150.1178
7500.000000	101.029	-155.2412
7620.000000	100.947	-161.2556
7750.000000	100.601	-166.8045
7880.000000	100.101	-170.8344
8000.000000	99.592	-173.1513
8120.000000	99.096	-174.3292
8250.000000	98.655	-174.6871
8380.000000	98.373	-174.5143
8500.000000	98.277	-174.2705
8620.000000	98.342	-174.3189
8750.000000	98.580	-175.1447
8850.000000	98.859	-176.6386
9000.000000	99.349	179.2102
9120.000000	99.693	174.0165
9250.000000	99.874	166.6978
9380.000000	99.735	158.3714
9500.000000	99.291	150.7658
9620.000000	98.590	144.0842
9750.000000	97.656	138.4351
9880.000000	96.674	134.5326
10000.000000	95.819	132.2567
10150.000000	94.906	130.6886
10300.000000	94.208	129.9496
10440.000000	93.764	129.5276
10600.000000	93.505	128.8533
10750.000000	93.499	127.5573
10900.000000	93.706	125.1196
11060.000000	94.117	120.6571
11200.000000	94.561	114.6808
11380.000000	95.053	103.7737
11500.000000	95.192	94.6771
11720.000000	94.795	76.0167
11800.000000	94.426	69.2669
12060.000000	92.633	50.0112
12200.000000	91.503	41.8151
12410.000000	89.882	31.9644
12500.000000	89.262	28.3822
12650.000000	88.358	22.9193
12800.000000	87.613	17.7960
13150.000000	86.403	5.7609
13200.000000	86.280	3.9384
13400.000000	85.891	-3.7771
13600.000000	85.630	-12.3008
13800.000000	85.456	-21.7341
14000.000000	85.334	-32.0927
14300.000000	85.208	-49.3283
14500.000000	85.151	-61.9612
14750.000000	85.100	-79.0710
15000.000000	85.082	-97.6371
15250.000000	85.131	-117.7058
15500.000000	85.287	-139.5189
15750.000000	85.617	-163.3109
16000.000000	86.207	170.4661
16250.000000	87.078	141.2193
16500.000000	88.034	108.3929
16750.000000	88.795	71.8127
17000.000000	89.107	32.0435
17250.000000	88.845	-9.8885
17500.000000	88.037	-53.3276
17750.000000	86.690	-98.3058
18000.000000	84.637	-144.6984
18250.000000	81.651	168.7017
18500.000000	77.682	123.6587
18750.000000	72.902	81.1750
19000.000000	67.553	41.2939
19250.000000	61.885	3.1447
19500.000000	56.300	-36.1443
19750.000000	51.529	-82.6387
20000.000000	48.598	-134.2743
