* Measurement data measured by REW V5.31.3
* Source: USB-C to 3.5mm Headphone Jack Adapter, USB-C to 3.5mm Headphone Jack Adapter, 0, volume: 0.295
* Format: 256k Log Swept Sine, 4 sweeps at -12.0 dBFS with no timing reference
* Dated: Sep 2, 2025 10:31:28 PM
* REW Settings:
*  C-weighting compensation: Off
*  Target level: 75.0 dB
* Note: ; 
* Measurement: Sony XBA-N3 Foam L
* Smoothing: 1/24 octave
* Frequency Step: 1/48 octave
* Start Frequency: 20.300 Hz
*
* Freq(Hz)	SPL(dB)	Phase(degrees)
20.299999	102.767	-144.0675
20.600000	102.806	-144.7328
20.900000	102.848	-145.4336
21.200001	102.891	-146.1100
21.400000	102.921	-146.5460
21.799999	102.984	-147.3953
22.000000	103.015	-147.8173
22.400000	103.072	-148.6756
22.700001	103.104	-149.3347
23.000000	103.121	-149.9937
23.299999	103.124	-150.6278
23.600000	103.118	-151.2119
24.000000	103.111	-151.8958
24.299999	103.119	-152.3588
24.700001	103.159	-152.9875
25.000000	103.209	-153.5247
25.400000	103.289	-154.3693
25.799999	103.363	-155.3235
26.200001	103.415	-156.2812
26.500000	103.438	-156.9351
26.900000	103.455	-157.6768
27.200001	103.464	-158.1466
27.600000	103.480	-158.7209
28.000000	103.502	-159.3180
28.500000	103.533	-160.1691
29.000000	103.555	-161.0982
29.500000	103.567	-161.9824
30.000000	103.578	-162.7343
30.400000	103.592	-163.2533
30.700001	103.607	-163.6280
31.100000	103.627	-164.1512
31.500000	103.642	-164.7251
32.000000	103.647	-165.4923
32.500000	103.642	-166.2491
33.000000	103.639	-166.9504
33.500000	103.646	-167.6054
34.000000	103.658	-168.2413
34.500000	103.666	-168.8659
35.000000	103.665	-169.4710
35.500000	103.658	-170.0572
36.000000	103.655	-170.6404
36.500000	103.662	-171.2415
37.000000	103.680	-171.8669
37.500000	103.696	-172.4867
38.200001	103.691	-173.2305
38.700001	103.664	-173.6398
39.500000	103.608	-174.2757
40.000000	103.581	-174.7879
40.599998	103.572	-175.5092
41.200001	103.597	-176.2722
41.799999	103.625	-177.0202
42.500000	103.596	-177.6963
43.099998	103.535	-178.0488
43.700001	103.508	-178.6038
44.400002	103.517	179.8706
45.000000	103.485	178.2313
45.500000	103.427	177.3691
46.200001	103.393	177.3985
46.799999	103.438	177.8629
47.500000	103.465	177.8981
48.200001	103.401	177.4077
48.700001	103.348	176.9370
49.400002	103.323	176.1779
50.000000	103.330	175.5371
50.799999	103.327	175.0080
51.500000	103.312	174.7714
52.200001	103.285	174.4228
53.000000	103.246	173.8212
53.799999	103.218	173.1955
54.500000	103.197	172.7183
55.200001	103.166	172.3140
56.000000	103.124	171.8698
57.000000	103.080	171.2029
58.000000	103.043	170.4982
59.000000	103.008	169.8920
60.000000	102.965	169.3099
60.799999	102.921	168.8443
61.500000	102.882	168.4693
62.200001	102.847	168.1337
63.000000	102.812	167.7725
64.000000	102.767	167.2977
65.000000	102.719	166.7706
66.000000	102.674	166.1881
67.000000	102.627	165.6613
68.000000	102.579	165.2786
69.000000	102.528	164.9512
70.000000	102.475	164.5918
71.000000	102.425	164.1132
72.000000	102.375	163.5721
73.000000	102.334	163.0819
74.000000	102.292	162.6417
75.000000	102.235	162.2941
76.199997	102.168	161.9391
77.500000	102.110	161.5014
78.800003	102.052	161.1086
80.000000	101.987	160.8223
81.199997	101.927	160.4979
82.500000	101.866	160.0197
83.800003	101.794	159.5418
85.000000	101.728	159.2086
86.199997	101.676	158.9123
87.500000	101.620	158.5536
88.500000	101.573	158.2714
90.000000	101.505	157.8253
91.199997	101.437	157.4772
92.500000	101.358	157.2314
93.800003	101.293	156.9904
95.000000	101.235	156.7372
96.199997	101.174	156.4762
97.500000	101.115	156.2112
98.800003	101.073	155.9913
100.000000	101.030	155.7871
101.500000	100.940	155.4881
103.000000	100.854	155.1917
104.400002	100.784	154.9570
106.000000	100.705	154.6996
107.500000	100.637	154.4057
109.000000	100.566	154.1725
110.599998	100.484	153.9901
112.000000	100.415	153.8517
113.800003	100.330	153.6830
115.000000	100.276	153.5002
117.199997	100.174	153.2640
118.000000	100.134	153.2487
120.599998	100.015	153.3333
122.000000	99.957	153.4397
124.099998	99.889	153.3493
125.000000	99.872	153.2576
126.500000	99.845	153.0735
128.000000	99.802	152.8261
131.500000	99.659	152.3249
132.000000	99.641	152.2899
134.000000	99.580	152.0636
136.000000	99.557	151.1341
138.000000	99.445	150.7381
140.000000	99.301	151.2936
143.000000	99.155	151.5800
145.000000	99.076	151.4283
147.500000	98.987	151.5496
150.000000	98.906	152.1960
152.500000	98.871	152.2961
155.000000	98.840	152.2313
157.500000	98.792	152.0270
160.000000	98.725	151.9108
162.500000	98.643	151.8352
165.000000	98.561	151.6242
167.500000	98.480	151.5381
170.000000	98.399	151.5460
172.500000	98.316	151.6804
175.000000	98.218	151.6304
177.500000	98.117	151.3441
180.000000	98.025	151.2818
182.500000	97.945	151.4149
185.000000	97.866	151.4918
187.500000	97.789	151.5151
190.000000	97.714	151.6002
192.500000	97.638	151.7235
195.000000	97.566	151.8359
197.500000	97.503	151.9081
200.000000	97.444	151.9609
203.000000	97.363	152.0807
206.000000	97.278	152.2053
209.000000	97.197	152.2584
212.000000	97.121	152.3488
214.000000	97.072	152.4338
218.000000	96.979	152.6045
220.000000	96.931	152.6721
224.000000	96.837	152.7648
227.000000	96.761	152.9908
230.000000	96.681	153.2314
233.000000	96.610	153.4443
236.000000	96.542	153.6362
240.000000	96.452	153.9061
243.000000	96.386	154.0908
247.000000	96.306	154.3785
250.000000	96.245	154.6561
254.000000	96.164	154.9486
258.000000	96.100	155.1375
262.000000	96.014	155.3809
265.000000	95.934	155.6213
269.000000	95.839	155.9344
272.000000	95.785	156.1906
276.000000	95.718	156.5612
280.000000	95.654	156.8701
285.000000	95.574	157.2333
290.000000	95.499	157.6351
295.000000	95.402	158.2092
300.000000	95.330	158.9179
304.000000	95.246	159.2892
307.000000	95.189	159.5962
311.000000	95.140	159.9661
315.000000	95.105	160.3232
320.000000	95.068	160.7794
325.000000	95.036	161.2150
330.000000	95.008	161.5811
335.000000	94.970	161.8978
340.000000	94.919	162.2566
345.000000	94.868	162.5986
350.000000	94.823	162.9243
355.000000	94.771	163.2762
360.000000	94.715	163.6605
365.000000	94.665	164.0536
370.000000	94.617	164.4189
375.000000	94.570	164.7828
382.000000	94.504	165.2990
387.000000	94.460	165.7060
395.000000	94.391	166.3521
400.000000	94.348	166.7645
406.000000	94.302	167.2431
412.000000	94.258	167.7242
418.000000	94.216	168.2104
425.000000	94.168	168.7742
431.000000	94.126	169.2674
437.000000	94.088	169.7632
444.000000	94.048	170.3661
450.000000	94.015	170.8939
455.000000	93.986	171.2841
462.000000	93.947	171.8148
468.000000	93.916	172.2844
475.000000	93.881	172.8409
482.000000	93.853	173.3989
487.000000	93.834	173.7964
494.000000	93.806	174.3639
500.000000	93.784	174.8545
508.000000	93.758	175.4854
515.000000	93.735	176.0242
522.000000	93.714	176.5677
530.000000	93.691	177.1909
538.000000	93.672	177.8132
545.000000	93.656	178.3520
552.000000	93.639	178.8733
560.000000	93.621	179.4918
570.000000	93.603	-179.7206
580.000000	93.589	-178.9617
590.000000	93.578	-178.2155
600.000000	93.569	-177.4833
608.000000	93.563	-176.8885
615.000000	93.558	-176.3718
622.000000	93.554	-175.8520
630.000000	93.553	-175.2568
640.000000	93.555	-174.5234
650.000000	93.560	-173.7753
660.000000	93.563	-173.0491
670.000000	93.569	-172.3331
680.000000	93.578	-171.6167
690.000000	93.589	-170.9041
700.000000	93.603	-170.1917
710.000000	93.619	-169.4855
720.000000	93.636	-168.7786
730.000000	93.656	-168.0691
740.000000	93.680	-167.3479
750.000000	93.707	-166.6378
762.000000	93.738	-165.8402
775.000000	93.774	-164.9684
788.000000	93.815	-164.0837
800.000000	93.856	-163.2701
812.000000	93.898	-162.4692
825.000000	93.945	-161.6123
838.000000	93.996	-160.7654
850.000000	94.047	-159.9825
862.000000	94.101	-159.2436
875.000000	94.163	-158.4633
885.000000	94.215	-157.8665
900.000000	94.297	-156.9895
912.000000	94.366	-156.3058
925.000000	94.443	-155.5852
938.000000	94.525	-154.8804
950.000000	94.604	-154.2469
962.000000	94.687	-153.6219
975.000000	94.783	-152.9627
988.000000	94.887	-152.3327
1000.000000	94.989	-151.7876
1015.000000	95.121	-151.1823
1030.000000	95.257	-150.6806
1044.000000	95.383	-150.2953
1060.000000	95.525	-149.9377
1075.000000	95.654	-149.6632
1090.000000	95.778	-149.4322
1106.000000	95.908	-149.2395
1120.000000	96.019	-149.1136
1138.000000	96.158	-149.0022
1150.000000	96.249	-148.9606
1172.000000	96.411	-148.9581
1180.000000	96.467	-148.9790
1206.000000	96.643	-149.1248
1220.000000	96.731	-149.2537
1241.000000	96.857	-149.5057
1250.000000	96.909	-149.6327
1265.000000	96.993	-149.8674
1280.000000	97.073	-150.1292
1315.000000	97.230	-150.8378
1320.000000	97.249	-150.9489
1340.000000	97.313	-151.4109
1360.000000	97.357	-151.8849
1380.000000	97.377	-152.3447
1400.000000	97.373	-152.7548
1430.000000	97.321	-153.1594
1450.000000	97.261	-153.1863
1475.000000	97.176	-152.8428
1500.000000	97.112	-152.0541
1525.000000	97.099	-150.9301
1550.000000	97.155	-149.6877
1575.000000	97.273	-148.5531
1600.000000	97.432	-147.6610
1625.000000	97.608	-147.0489
1650.000000	97.787	-146.6937
1675.000000	97.961	-146.5349
1700.000000	98.125	-146.5311
1725.000000	98.276	-146.6419
1750.000000	98.416	-146.8306
1775.000000	98.545	-147.0841
1800.000000	98.665	-147.3817
1825.000000	98.775	-147.7161
1850.000000	98.876	-148.0774
1875.000000	98.970	-148.4606
1900.000000	99.057	-148.8654
1925.000000	99.136	-149.2842
1950.000000	99.210	-149.7150
1975.000000	99.277	-150.1571
2000.000000	99.340	-150.6076
2030.000000	99.410	-151.1646
2060.000000	99.473	-151.7361
2090.000000	99.529	-152.3132
2120.000000	99.576	-152.8995
2140.000000	99.603	-153.2948
2180.000000	99.646	-154.0876
2200.000000	99.663	-154.4852
2240.000000	99.686	-155.2775
2270.000000	99.695	-155.8655
2300.000000	99.695	-156.4488
2330.000000	99.689	-157.0208
2360.000000	99.675	-157.5796
2400.000000	99.645	-158.3031
2430.000000	99.614	-158.8248
2470.000000	99.561	-159.4907
2500.000000	99.515	-159.9602
2540.000000	99.443	-160.5445
2580.000000	99.359	-161.0747
2620.000000	99.261	-161.5315
2650.000000	99.180	-161.8214
2690.000000	99.060	-162.1230
2720.000000	98.963	-162.2754
2760.000000	98.824	-162.3641
2800.000000	98.677	-162.2964
2850.000000	98.489	-161.9674
2900.000000	98.306	-161.3416
2950.000000	98.140	-160.4121
3000.000000	98.004	-159.2024
3040.000000	97.926	-158.0706
3070.000000	97.888	-157.1564
3110.000000	97.868	-155.8882
3150.000000	97.883	-154.6097
3200.000000	97.951	-153.0703
3250.000000	98.066	-151.6637
3300.000000	98.222	-150.4464
3350.000000	98.411	-149.4571
3400.000000	98.627	-148.7204
3450.000000	98.864	-148.2597
3500.000000	99.117	-148.1024
3550.000000	99.380	-148.2814
3600.000000	99.644	-148.8337
3650.000000	99.900	-149.7944
3700.000000	100.131	-151.1916
3750.000000	100.320	-153.0262
3820.000000	100.471	-156.2411
3870.000000	100.468	-158.8419
3950.000000	100.233	-162.9949
4000.000000	99.943	-165.2046
4060.000000	99.479	-167.0656
4120.000000	98.952	-167.8196
4180.000000	98.437	-167.4295
4250.000000	97.934	-165.7970
4310.000000	97.630	-163.7730
4370.000000	97.452	-161.5520
4440.000000	97.386	-159.1062
4500.000000	97.423	-157.3552
4550.000000	97.498	-156.2236
4620.000000	97.641	-155.1819
4680.000000	97.773	-154.7734
4750.000000	97.912	-154.7952
4820.000000	98.016	-155.2538
4870.000000	98.061	-155.7795
4940.000000	98.076	-156.6936
5000.000000	98.044	-157.5566
5080.000000	97.940	-158.6944
5150.000000	97.796	-159.5811
5220.000000	97.613	-160.2922
5300.000000	97.367	-160.8341
5380.000000	97.097	-161.0548
5450.000000	96.851	-160.9741
5520.000000	96.605	-160.6467
5600.000000	96.332	-159.9915
5700.000000	96.015	-158.8017
5800.000000	95.736	-157.2570
5900.000000	95.503	-155.4262
6000.000000	95.324	-153.3734
6080.000000	95.223	-151.6102
6150.000000	95.168	-150.0114
6220.000000	95.148	-148.3820
6300.000000	95.175	-146.5091
6400.000000	95.295	-144.2074
6500.000000	95.498	-142.0202
6600.000000	95.774	-140.0238
6700.000000	96.120	-138.2995
6800.000000	96.535	-136.9401
6900.000000	97.013	-136.0555
7000.000000	97.548	-135.7619
7100.000000	98.127	-136.1938
7200.000000	98.725	-137.4954
7300.000000	99.306	-139.7748
7400.000000	99.822	-143.0372
7500.000000	100.222	-147.1431
7620.000000	100.496	-152.7695
7750.000000	100.514	-158.9784
7880.000000	100.276	-164.4812
8000.000000	99.895	-168.4574
8120.000000	99.427	-171.2466
8250.000000	98.930	-173.0836
8380.000000	98.534	-174.0184
8500.000000	98.299	-174.4317
8620.000000	98.205	-174.7616
8750.000000	98.265	-175.4241
8850.000000	98.416	-176.4249
9000.000000	98.773	-179.2259
9120.000000	99.106	177.0641
9250.000000	99.406	171.3966
9380.000000	99.523	164.2500
9500.000000	99.382	156.9323
9620.000000	98.981	149.6905
9750.000000	98.302	142.7231
9880.000000	97.470	137.1714
10000.000000	96.672	133.3857
10150.000000	95.753	130.1742
10300.000000	95.005	128.1089
10440.000000	94.504	126.6818
10600.000000	94.181	125.0313
10750.000000	94.122	122.8923
10900.000000	94.284	119.5977
11060.000000	94.648	114.1100
11200.000000	95.038	107.0914
11380.000000	95.412	94.6776
11500.000000	95.426	84.5850
11720.000000	94.700	64.5341
11800.000000	94.192	57.4986
12060.000000	91.964	38.0826
12200.000000	90.631	30.1085
12410.000000	88.749	20.7374
12500.000000	88.027	17.3870
12650.000000	86.963	12.3485
12800.000000	86.066	7.7135
13150.000000	84.533	-2.7821
13200.000000	84.369	-4.3309
13400.000000	83.830	-10.8035
13600.000000	83.454	-17.8574
13800.000000	83.210	-25.6359
14000.000000	83.071	-34.2465
14300.000000	83.007	-48.8739
14500.000000	83.038	-59.8610
14750.000000	83.136	-75.1303
15000.000000	83.275	-92.1707
15250.000000	83.458	-111.0222
15500.000000	83.704	-131.7893
15750.000000	84.050	-154.6326
16000.000000	84.582	-179.7866
16250.000000	85.371	152.3884
16500.000000	86.326	121.3590
16750.000000	87.273	86.5858
17000.000000	87.946	47.9294
17250.000000	88.054	6.1371
17500.000000	87.454	-37.2813
17750.000000	86.245	-81.1909
18000.000000	84.625	-125.6184
18250.000000	82.675	-171.4436
18500.000000	80.262	140.6155
18750.000000	77.147	90.8029
19000.000000	73.181	40.1492
19250.000000	68.393	-10.6729
19500.000000	62.933	-61.3176
19750.000000	57.097	-114.3521
20000.000000	52.186	-169.6823
