* Measurement data measured by REW V5.31.3
* Source: USB-C to 3.5mm Headphone Jack Adapter, USB-C to 3.5mm Headphone Jack Adapter, 0, volume: 0.295
* Format: 256k Log Swept Sine, 4 sweeps at -12.0 dBFS with no timing reference
* Dated: Jan 31, 2026 2:08:23 PM
* REW Settings:
*  C-weighting compensation: Off
*  Target level: 75.0 dB
* Note: ; 
* Measurement: Sony XBA-N3 Symp L
* Smoothing: 1/24 octave
* Frequency Step: 1/48 octave
* Start Frequency: 20.300 Hz
*
* Freq(Hz)	SPL(dB)	Phase(degrees)
20.299999	102.669	-143.6721
20.600000	102.706	-144.2904
20.900000	102.746	-144.9599
21.200001	102.787	-145.6415
21.400000	102.814	-146.1044
21.799999	102.869	-147.0479
22.000000	102.896	-147.5216
22.400000	102.947	-148.4467
22.700001	102.982	-149.1009
23.000000	103.016	-149.7137
23.299999	103.049	-150.2942
23.600000	103.083	-150.8634
24.000000	103.126	-151.6465
24.299999	103.155	-152.2679
24.700001	103.185	-153.1277
25.000000	103.203	-153.7661
25.400000	103.229	-154.5665
25.799999	103.267	-155.3010
26.200001	103.317	-156.0054
26.500000	103.355	-156.5355
26.900000	103.390	-157.2291
27.200001	103.396	-157.6953
27.600000	103.379	-158.1693
28.000000	103.352	-158.4568
28.500000	103.348	-158.7367
29.000000	103.393	-159.3093
29.500000	103.453	-160.3955
30.000000	103.484	-161.7896
30.400000	103.483	-162.8398
30.700001	103.478	-163.4794
31.100000	103.481	-164.1209
31.500000	103.502	-164.6112
32.000000	103.542	-165.2063
32.500000	103.569	-165.8851
33.000000	103.572	-166.6032
33.500000	103.564	-167.2945
34.000000	103.562	-167.9663
34.500000	103.569	-168.6526
35.000000	103.577	-169.3427
35.500000	103.581	-169.9942
36.000000	103.580	-170.5908
36.500000	103.577	-171.1555
37.000000	103.572	-171.7133
37.500000	103.566	-172.2666
38.200001	103.560	-173.0281
38.700001	103.560	-173.5800
39.500000	103.557	-174.5012
40.000000	103.548	-175.0723
40.599998	103.529	-175.7055
41.200001	103.513	-176.2730
41.799999	103.503	-176.8099
42.500000	103.500	-177.4581
43.099998	103.495	-178.0466
43.700001	103.484	-178.6392
44.400002	103.463	-179.3002
45.000000	103.445	-179.8451
45.500000	103.431	179.7022
46.200001	103.412	179.0751
46.799999	103.395	178.5658
47.500000	103.373	178.0091
48.200001	103.339	177.4802
48.700001	103.306	177.1232
49.400002	103.262	176.6399
50.000000	103.239	176.1865
50.799999	103.226	175.4681
51.500000	103.215	174.8228
52.200001	103.196	174.2798
53.000000	103.170	173.7621
53.799999	103.138	173.2472
54.500000	103.110	172.7823
55.200001	103.083	172.3263
56.000000	103.050	171.8399
57.000000	102.999	171.3250
58.000000	102.955	170.8035
59.000000	102.918	170.1201
60.000000	102.874	169.4476
60.799999	102.841	168.9965
61.500000	102.813	168.6086
62.200001	102.780	168.2054
63.000000	102.738	167.7554
64.000000	102.689	167.2384
65.000000	102.644	166.7517
66.000000	102.594	166.2825
67.000000	102.545	165.8024
68.000000	102.499	165.3372
69.000000	102.458	164.9350
70.000000	102.413	164.5455
71.000000	102.357	164.1172
72.000000	102.297	163.6578
73.000000	102.247	163.2026
74.000000	102.203	162.8096
75.000000	102.155	162.4890
76.199997	102.090	162.0643
77.500000	102.014	161.5281
78.800003	101.952	161.0332
80.000000	101.897	160.6406
81.199997	101.841	160.2668
82.500000	101.779	159.8575
83.800003	101.708	159.4808
85.000000	101.645	159.0535
86.199997	101.591	158.4995
87.500000	101.516	158.1812
88.500000	101.459	158.1160
90.000000	101.385	157.8206
91.199997	101.337	157.5471
92.500000	101.273	157.3674
93.800003	101.210	157.2120
95.000000	101.169	156.9857
96.199997	101.122	156.7496
97.500000	101.050	156.4555
98.800003	100.973	156.1414
100.000000	100.916	155.8823
101.500000	100.846	155.5705
103.000000	100.764	155.3068
104.400002	100.691	155.0717
106.000000	100.598	154.7626
107.500000	100.515	154.4860
109.000000	100.455	154.2996
110.599998	100.410	154.1400
112.000000	100.366	153.9643
113.800003	100.306	154.0840
115.000000	100.275	154.1921
117.199997	100.215	153.6686
118.000000	100.179	153.4170
120.599998	100.055	152.9500
122.000000	100.001	152.7581
124.099998	99.910	152.5549
125.000000	99.870	152.4614
126.500000	99.806	152.2963
128.000000	99.743	152.1534
131.500000	99.600	151.8765
132.000000	99.580	151.8408
134.000000	99.503	151.6867
136.000000	99.429	151.5448
138.000000	99.359	151.4276
140.000000	99.288	151.3415
143.000000	99.168	151.3166
145.000000	99.090	151.2802
147.500000	99.005	151.0888
150.000000	98.922	150.9755
152.500000	98.829	150.9068
155.000000	98.743	150.8475
157.500000	98.656	150.8077
160.000000	98.566	150.7887
162.500000	98.472	150.7821
165.000000	98.381	150.7674
167.500000	98.294	150.7556
170.000000	98.208	150.7812
172.500000	98.123	150.8398
175.000000	98.041	150.9106
177.500000	97.958	150.9708
180.000000	97.875	151.0204
182.500000	97.793	151.0345
185.000000	97.712	151.0832
187.500000	97.639	151.2133
190.000000	97.569	151.3253
192.500000	97.498	151.3938
195.000000	97.426	151.4471
197.500000	97.356	151.4859
200.000000	97.288	151.5310
203.000000	97.205	151.6680
206.000000	97.125	151.7850
209.000000	97.045	151.9133
212.000000	96.965	152.0546
214.000000	96.913	152.1473
218.000000	96.810	152.3541
220.000000	96.760	152.4656
224.000000	96.664	152.6867
227.000000	96.591	152.8681
230.000000	96.514	153.0480
233.000000	96.438	153.2336
236.000000	96.363	153.4526
240.000000	96.275	153.8218
243.000000	96.217	154.0939
247.000000	96.146	154.4967
250.000000	96.104	154.7754
254.000000	96.046	154.9858
258.000000	95.966	155.2104
262.000000	95.886	155.4100
265.000000	95.830	155.5638
269.000000	95.756	155.8041
272.000000	95.702	156.0097
276.000000	95.629	156.3179
280.000000	95.559	156.6186
285.000000	95.475	156.9787
290.000000	95.391	157.3842
295.000000	95.312	157.7739
300.000000	95.235	158.1545
304.000000	95.174	158.4847
307.000000	95.130	158.7415
311.000000	95.074	159.0803
315.000000	95.018	159.4121
320.000000	94.949	159.8237
325.000000	94.885	160.2386
330.000000	94.822	160.6543
335.000000	94.759	161.0737
340.000000	94.699	161.4941
345.000000	94.642	161.9182
350.000000	94.586	162.3439
355.000000	94.532	162.7740
360.000000	94.478	163.2103
365.000000	94.426	163.6536
370.000000	94.378	164.0842
375.000000	94.331	164.5131
382.000000	94.269	165.1217
387.000000	94.227	165.5536
395.000000	94.163	166.2326
400.000000	94.124	166.6569
406.000000	94.080	167.1646
412.000000	94.036	167.6728
418.000000	93.994	168.1788
425.000000	93.947	168.7616
431.000000	93.908	169.2572
437.000000	93.871	169.7573
444.000000	93.830	170.3465
450.000000	93.796	170.8525
455.000000	93.770	171.2722
462.000000	93.734	171.8538
468.000000	93.704	172.3514
475.000000	93.672	172.9293
482.000000	93.642	173.5034
487.000000	93.622	173.9122
494.000000	93.594	174.4851
500.000000	93.572	174.9750
508.000000	93.545	175.6264
515.000000	93.524	176.1897
522.000000	93.504	176.7512
530.000000	93.483	177.3915
538.000000	93.463	178.0277
545.000000	93.448	178.5831
552.000000	93.433	179.1338
560.000000	93.418	179.7551
570.000000	93.402	-179.4644
580.000000	93.390	-178.6884
590.000000	93.379	-177.9210
600.000000	93.371	-177.1582
608.000000	93.366	-176.5527
615.000000	93.363	-176.0235
622.000000	93.361	-175.4960
630.000000	93.360	-174.8954
640.000000	93.361	-174.1485
650.000000	93.365	-173.4080
660.000000	93.371	-172.6685
670.000000	93.379	-171.9315
680.000000	93.389	-171.1980
690.000000	93.400	-170.4663
700.000000	93.415	-169.7383
710.000000	93.432	-169.0162
720.000000	93.451	-168.2986
730.000000	93.472	-167.5815
740.000000	93.496	-166.8697
750.000000	93.522	-166.1606
762.000000	93.556	-165.3107
775.000000	93.598	-164.3970
788.000000	93.642	-163.4955
800.000000	93.686	-162.6699
812.000000	93.730	-161.8531
825.000000	93.780	-160.9810
838.000000	93.835	-160.1200
850.000000	93.889	-159.3425
862.000000	93.949	-158.5794
875.000000	94.017	-157.7681
885.000000	94.072	-157.1586
900.000000	94.160	-156.2687
912.000000	94.235	-155.5817
925.000000	94.320	-154.8658
938.000000	94.408	-154.1775
950.000000	94.492	-153.5663
962.000000	94.580	-152.9780
975.000000	94.677	-152.3709
988.000000	94.777	-151.7934
1000.000000	94.871	-151.2833
1015.000000	94.994	-150.6760
1030.000000	95.122	-150.1116
1044.000000	95.249	-149.6415
1060.000000	95.398	-149.1925
1075.000000	95.539	-148.8663
1090.000000	95.676	-148.6261
1106.000000	95.818	-148.4454
1120.000000	95.938	-148.3381
1138.000000	96.086	-148.2603
1150.000000	96.181	-148.2421
1172.000000	96.348	-148.2739
1180.000000	96.406	-148.3060
1206.000000	96.586	-148.4782
1220.000000	96.676	-148.6100
1241.000000	96.806	-148.8572
1250.000000	96.860	-148.9801
1265.000000	96.949	-149.2041
1280.000000	97.035	-149.4515
1315.000000	97.213	-150.1142
1320.000000	97.236	-150.2185
1340.000000	97.319	-150.6569
1360.000000	97.388	-151.1230
1380.000000	97.441	-151.6120
1400.000000	97.478	-152.1140
1430.000000	97.495	-152.8414
1450.000000	97.478	-153.2629
1475.000000	97.425	-153.6486
1500.000000	97.343	-153.7702
1525.000000	97.247	-153.5288
1550.000000	97.161	-152.8799
1575.000000	97.114	-151.8759
1600.000000	97.123	-150.6680
1625.000000	97.191	-149.4525
1650.000000	97.309	-148.3928
1675.000000	97.460	-147.5739
1700.000000	97.628	-147.0107
1725.000000	97.798	-146.6767
1750.000000	97.963	-146.5284
1775.000000	98.119	-146.5249
1800.000000	98.265	-146.6317
1825.000000	98.399	-146.8209
1850.000000	98.522	-147.0734
1875.000000	98.634	-147.3719
1900.000000	98.737	-147.7038
1925.000000	98.830	-148.0618
1950.000000	98.915	-148.4375
1975.000000	98.993	-148.8213
2000.000000	99.065	-149.2084
2030.000000	99.146	-149.6770
2060.000000	99.221	-150.1511
2090.000000	99.292	-150.6345
2120.000000	99.359	-151.1358
2140.000000	99.400	-151.4852
2180.000000	99.474	-152.2308
2200.000000	99.505	-152.6257
2240.000000	99.553	-153.4399
2270.000000	99.576	-154.0547
2300.000000	99.589	-154.6622
2330.000000	99.593	-155.2566
2360.000000	99.589	-155.8347
2400.000000	99.571	-156.5759
2430.000000	99.549	-157.1092
2470.000000	99.509	-157.7879
2500.000000	99.471	-158.2676
2540.000000	99.411	-158.8621
2580.000000	99.339	-159.4007
2620.000000	99.255	-159.8752
2650.000000	99.184	-160.1811
2690.000000	99.079	-160.5108
2720.000000	98.994	-160.6941
2760.000000	98.872	-160.8424
2800.000000	98.741	-160.8644
2850.000000	98.569	-160.6816
2900.000000	98.395	-160.2314
2950.000000	98.230	-159.4922
3000.000000	98.086	-158.4687
3040.000000	97.995	-157.4699
3070.000000	97.945	-156.6362
3110.000000	97.904	-155.4474
3150.000000	97.897	-154.2151
3200.000000	97.935	-152.6808
3250.000000	98.021	-151.2256
3300.000000	98.149	-149.9097
3350.000000	98.313	-148.7747
3400.000000	98.508	-147.8503
3450.000000	98.730	-147.1612
3500.000000	98.974	-146.7392
3550.000000	99.235	-146.6300
3600.000000	99.507	-146.8823
3650.000000	99.776	-147.5319
3700.000000	100.030	-148.5959
3750.000000	100.255	-150.0774
3820.000000	100.488	-152.8280
3870.000000	100.568	-155.2065
3950.000000	100.491	-159.3653
4000.000000	100.294	-161.8488
4060.000000	99.917	-164.2771
4120.000000	99.431	-165.7325
4180.000000	98.912	-166.0060
4250.000000	98.365	-164.9224
4310.000000	98.011	-163.1208
4370.000000	97.792	-160.9253
4440.000000	97.702	-158.3652
4500.000000	97.741	-156.4949
4550.000000	97.831	-155.2997
4620.000000	98.004	-154.2656
4680.000000	98.164	-153.9598
4750.000000	98.332	-154.1907
4820.000000	98.454	-154.9205
4870.000000	98.504	-155.6597
4940.000000	98.518	-156.8761
5000.000000	98.475	-157.9835
5080.000000	98.347	-159.4027
5150.000000	98.177	-160.4828
5220.000000	97.965	-161.3397
5300.000000	97.684	-161.9965
5380.000000	97.380	-162.2831
5450.000000	97.104	-162.2291
5520.000000	96.829	-161.9016
5600.000000	96.523	-161.2061
5700.000000	96.169	-159.8824
5800.000000	95.864	-158.1320
5900.000000	95.620	-156.0660
6000.000000	95.444	-153.7922
6080.000000	95.353	-151.8876
6150.000000	95.311	-150.1939
6220.000000	95.306	-148.5013
6300.000000	95.352	-146.5975
6400.000000	95.495	-144.3122
6500.000000	95.717	-142.1928
6600.000000	96.008	-140.3012
6700.000000	96.363	-138.7001
6800.000000	96.784	-137.4715
6900.000000	97.270	-136.7261
7000.000000	97.814	-136.6118
7100.000000	98.400	-137.3092
7200.000000	98.995	-138.9914
7300.000000	99.551	-141.7456
7400.000000	100.010	-145.5096
7500.000000	100.322	-150.0576
7620.000000	100.449	-156.0041
7750.000000	100.279	-162.1680
7880.000000	99.859	-167.1880
8000.000000	99.333	-170.4157
8120.000000	98.751	-172.2839
8250.000000	98.159	-173.0184
8380.000000	97.691	-172.7763
8500.000000	97.403	-172.0237
8620.000000	97.269	-171.0713
8750.000000	97.305	-170.1618
8850.000000	97.460	-169.7893
9000.000000	97.879	-170.2284
9120.000000	98.340	-171.8263
9250.000000	98.899	-175.1758
9380.000000	99.422	179.5994
9500.000000	99.765	173.1981
9620.000000	99.882	165.7146
9750.000000	99.696	157.2092
9880.000000	99.201	149.2723
10000.000000	98.554	143.1028
10150.000000	97.651	137.2680
10300.000000	96.802	133.2799
10440.000000	96.157	130.7009
10600.000000	95.656	128.3838
10750.000000	95.437	126.1588
10900.000000	95.456	123.2534
11060.000000	95.709	118.6913
11200.000000	96.068	112.8720
11380.000000	96.544	102.2395
11500.000000	96.728	93.1595
11720.000000	96.454	73.7836
11800.000000	96.116	66.5298
12060.000000	94.295	45.2750
12200.000000	93.070	36.1068
12410.000000	91.250	25.1967
12500.000000	90.537	21.3070
12650.000000	89.480	15.4979
12800.000000	88.591	10.1987
13150.000000	87.097	-1.7637
13200.000000	86.942	-3.5319
13400.000000	86.439	-10.9421
13600.000000	86.098	-19.0731
13800.000000	85.882	-28.0974
14000.000000	85.749	-38.0971
14300.000000	85.642	-55.0170
14500.000000	85.601	-67.6110
14750.000000	85.546	-84.8062
15000.000000	85.476	-103.5439
15250.000000	85.403	-123.7122
15500.000000	85.363	-145.3491
15750.000000	85.424	-168.6633
16000.000000	85.674	166.0371
16250.000000	86.173	138.2966
16500.000000	86.797	107.5956
16750.000000	87.332	73.6194
17000.000000	87.533	36.6481
17250.000000	87.211	-2.3010
17500.000000	86.355	-41.9900
17750.000000	85.125	-81.9129
18000.000000	83.709	-122.6794
18250.000000	82.160	-165.6146
18500.000000	80.315	148.0981
18750.000000	77.836	98.4800
19000.000000	74.438	46.6742
19250.000000	70.061	-5.9556
19500.000000	64.846	-59.1788
19750.000000	59.109	-115.2008
20000.000000	54.134	-171.8392
