* Measurement data measured by REW V5.31.3
* Source: USB-C to 3.5mm Headphone Jack Adapter, no input selected, 0, volume: no control
* Format: 256k Log Swept Sine, 4 sweeps at -12.0 dBFS with no timing reference
* Dated: Mar 15, 2026 11:51:50 PM
* REW Settings:
*  C-weighting compensation: Off
*  Target level: 75.0 dB
* Note: ; 
* Measurement: Sony XBA-N3 Epro R
* Smoothing: 1/24 octave
* Frequency Step: 1/48 octave
* Start Frequency: 20.300 Hz
*
* Freq(Hz)	SPL(dB)	Phase(degrees)
20.299999	104.279	-147.3239
20.600000	104.307	-147.9662
20.900000	104.335	-148.6633
21.200001	104.361	-149.3666
21.400000	104.379	-149.8370
21.799999	104.413	-150.7758
22.000000	104.430	-151.2404
22.400000	104.464	-152.1494
22.700001	104.488	-152.8087
23.000000	104.512	-153.4481
23.299999	104.535	-154.0703
23.600000	104.555	-154.6794
24.000000	104.581	-155.4773
24.299999	104.597	-156.0677
24.700001	104.617	-156.8457
25.000000	104.631	-157.4225
25.400000	104.649	-158.1830
25.799999	104.666	-158.9334
26.200001	104.681	-159.6721
26.500000	104.692	-160.2172
26.900000	104.705	-160.9315
27.200001	104.714	-161.4589
27.600000	104.726	-162.1533
28.000000	104.736	-162.8390
28.500000	104.747	-163.6800
29.000000	104.754	-164.4931
29.500000	104.759	-165.2729
30.000000	104.763	-166.0262
30.400000	104.766	-166.6183
30.700001	104.767	-167.0591
31.100000	104.768	-167.6430
31.500000	104.768	-168.2208
32.000000	104.767	-168.9317
32.500000	104.765	-169.6292
33.000000	104.762	-170.3133
33.500000	104.757	-170.9838
34.000000	104.750	-171.6410
34.500000	104.742	-172.2876
35.000000	104.732	-172.9264
35.500000	104.723	-173.5561
36.000000	104.712	-174.1719
36.500000	104.702	-174.7697
37.000000	104.690	-175.3494
37.500000	104.678	-175.9144
38.200001	104.659	-176.6897
38.700001	104.645	-177.2371
39.500000	104.623	-178.1043
40.000000	104.609	-178.6378
40.599998	104.590	-179.2630
41.200001	104.569	-179.8666
41.799999	104.546	179.5510
42.500000	104.519	178.8870
43.099998	104.495	178.3217
43.700001	104.471	177.7611
44.400002	104.444	177.1223
45.000000	104.420	176.5871
45.500000	104.400	176.1459
46.200001	104.368	175.5386
46.799999	104.340	175.0338
47.500000	104.309	174.4558
48.200001	104.278	173.8785
48.700001	104.255	173.4760
49.400002	104.219	172.9448
50.000000	104.190	172.5126
50.799999	104.150	171.9299
51.500000	104.113	171.4099
52.200001	104.075	170.9037
53.000000	104.034	170.3489
53.799999	103.994	169.8117
54.500000	103.957	169.3568
55.200001	103.920	168.9102
56.000000	103.879	168.4020
57.000000	103.828	167.7820
58.000000	103.775	167.1870
59.000000	103.719	166.6108
60.000000	103.662	166.0440
60.799999	103.618	165.5936
61.500000	103.579	165.2109
62.200001	103.540	164.8400
63.000000	103.496	164.4214
64.000000	103.439	163.9128
65.000000	103.383	163.4362
66.000000	103.327	162.9702
67.000000	103.270	162.4986
68.000000	103.211	162.0437
69.000000	103.154	161.6153
70.000000	103.095	161.2001
71.000000	103.035	160.7986
72.000000	102.977	160.4066
73.000000	102.920	160.0291
74.000000	102.863	159.6674
75.000000	102.804	159.3166
76.199997	102.733	158.9189
77.500000	102.662	158.5080
78.800003	102.593	158.1168
80.000000	102.530	157.7624
81.199997	102.468	157.4105
82.500000	102.404	157.0322
83.800003	102.338	156.6515
85.000000	102.278	156.3096
86.199997	102.220	155.9782
87.500000	102.149	155.6024
88.500000	102.090	155.3080
90.000000	102.005	154.8898
91.199997	101.939	154.5842
92.500000	101.869	154.2740
93.800003	101.800	153.9785
95.000000	101.737	153.7203
96.199997	101.672	153.4665
97.500000	101.603	153.1940
98.800003	101.535	152.9374
100.000000	101.473	152.7148
101.500000	101.393	152.4435
103.000000	101.313	152.1815
104.400002	101.239	151.9488
106.000000	101.155	151.6969
107.500000	101.078	151.4808
109.000000	101.002	151.2817
110.599998	100.924	151.0818
112.000000	100.858	150.9033
113.800003	100.773	150.6682
115.000000	100.715	150.5130
117.199997	100.607	150.2474
118.000000	100.568	150.1590
120.599998	100.442	149.8907
122.000000	100.375	149.7559
124.099998	100.273	149.5650
125.000000	100.229	149.4855
126.500000	100.157	149.3654
128.000000	100.086	149.2649
131.500000	99.921	149.0467
132.000000	99.897	149.0186
134.000000	99.802	148.9254
136.000000	99.707	148.8603
138.000000	99.608	148.7991
140.000000	99.506	148.7270
143.000000	99.357	148.8642
145.000000	99.272	149.1152
147.500000	99.197	149.4304
150.000000	99.148	149.5407
152.500000	99.121	149.3976
155.000000	99.070	149.1302
157.500000	98.987	148.8715
160.000000	98.892	148.6949
162.500000	98.796	148.5709
165.000000	98.701	148.5065
167.500000	98.606	148.4710
170.000000	98.512	148.4460
172.500000	98.419	148.4471
175.000000	98.330	148.4821
177.500000	98.244	148.5023
180.000000	98.159	148.5289
182.500000	98.076	148.5800
185.000000	97.994	148.6417
187.500000	97.912	148.7108
190.000000	97.831	148.7860
192.500000	97.751	148.8683
195.000000	97.672	148.9554
197.500000	97.595	149.0404
200.000000	97.518	149.1299
203.000000	97.430	149.2744
206.000000	97.342	149.4317
209.000000	97.257	149.5907
212.000000	97.175	149.7547
214.000000	97.121	149.8629
218.000000	97.014	150.0723
220.000000	96.960	150.1812
224.000000	96.856	150.4067
227.000000	96.778	150.5782
230.000000	96.702	150.7606
233.000000	96.628	150.9500
236.000000	96.554	151.1432
240.000000	96.457	151.4135
243.000000	96.386	151.6215
247.000000	96.292	151.8893
250.000000	96.222	152.0951
254.000000	96.131	152.4044
258.000000	96.041	152.7233
262.000000	95.953	153.0583
265.000000	95.888	153.3333
269.000000	95.805	153.7331
272.000000	95.749	154.0537
276.000000	95.680	154.4647
280.000000	95.614	154.8281
285.000000	95.536	155.3046
290.000000	95.466	155.7359
295.000000	95.398	156.1206
300.000000	95.329	156.4449
304.000000	95.272	156.7293
307.000000	95.228	156.9521
311.000000	95.171	157.2402
315.000000	95.112	157.5341
320.000000	95.037	157.9163
325.000000	94.961	158.3186
330.000000	94.888	158.7410
335.000000	94.820	159.1852
340.000000	94.756	159.6355
345.000000	94.696	160.0551
350.000000	94.638	160.4410
355.000000	94.580	160.8679
360.000000	94.521	161.3028
365.000000	94.464	161.7303
370.000000	94.409	162.1600
375.000000	94.356	162.5931
382.000000	94.285	163.2046
387.000000	94.235	163.6416
395.000000	94.158	164.3422
400.000000	94.111	164.7788
406.000000	94.059	165.3057
412.000000	94.009	165.8340
418.000000	93.961	166.3635
425.000000	93.908	166.9745
431.000000	93.864	167.4975
437.000000	93.821	168.0231
444.000000	93.773	168.6296
450.000000	93.734	169.1329
455.000000	93.704	169.5699
462.000000	93.664	170.1884
468.000000	93.631	170.7092
475.000000	93.594	171.3138
482.000000	93.558	171.9123
487.000000	93.534	172.3368
494.000000	93.501	172.9267
500.000000	93.475	173.4279
508.000000	93.443	174.1075
515.000000	93.417	174.6966
522.000000	93.393	175.2817
530.000000	93.367	175.9433
538.000000	93.342	176.5980
545.000000	93.321	177.1727
552.000000	93.302	177.7422
560.000000	93.283	178.3821
570.000000	93.262	179.1869
580.000000	93.244	179.9880
590.000000	93.227	-179.2153
600.000000	93.213	-178.4237
608.000000	93.204	-177.7926
615.000000	93.198	-177.2419
622.000000	93.192	-176.6943
630.000000	93.187	-176.0729
640.000000	93.182	-175.2937
650.000000	93.180	-174.5147
660.000000	93.182	-173.7523
670.000000	93.186	-172.9922
680.000000	93.192	-172.2329
690.000000	93.200	-171.4771
700.000000	93.211	-170.7227
710.000000	93.223	-169.9706
720.000000	93.237	-169.2216
730.000000	93.255	-168.4759
740.000000	93.275	-167.7330
750.000000	93.297	-166.9903
762.000000	93.329	-166.1162
775.000000	93.367	-165.1736
788.000000	93.410	-164.2373
800.000000	93.453	-163.3797
812.000000	93.500	-162.5277
825.000000	93.556	-161.6172
838.000000	93.618	-160.7157
850.000000	93.679	-159.8996
862.000000	93.745	-159.1094
875.000000	93.821	-158.2691
885.000000	93.883	-157.6358
900.000000	93.982	-156.7156
912.000000	94.065	-156.0062
925.000000	94.161	-155.2700
938.000000	94.261	-154.5700
950.000000	94.356	-153.9564
962.000000	94.455	-153.3799
975.000000	94.565	-152.8001
988.000000	94.676	-152.2669
1000.000000	94.780	-151.8207
1015.000000	94.909	-151.3236
1030.000000	95.034	-150.8813
1044.000000	95.147	-150.5014
1060.000000	95.272	-150.0649
1075.000000	95.390	-149.6371
1090.000000	95.515	-149.2164
1106.000000	95.658	-148.8173
1120.000000	95.787	-148.5351
1138.000000	95.956	-148.2763
1150.000000	96.067	-148.1605
1172.000000	96.263	-148.0388
1180.000000	96.333	-148.0226
1206.000000	96.550	-148.0586
1220.000000	96.661	-148.1246
1241.000000	96.822	-148.2769
1250.000000	96.888	-148.3588
1265.000000	96.996	-148.5163
1280.000000	97.099	-148.6996
1315.000000	97.326	-149.2170
1320.000000	97.357	-149.3008
1340.000000	97.477	-149.6599
1360.000000	97.591	-150.0565
1380.000000	97.699	-150.4905
1400.000000	97.801	-150.9662
1430.000000	97.943	-151.7610
1450.000000	98.030	-152.3510
1475.000000	98.128	-153.1646
1500.000000	98.212	-154.0654
1525.000000	98.280	-155.0625
1550.000000	98.329	-156.1597
1575.000000	98.353	-157.3651
1600.000000	98.346	-158.6776
1625.000000	98.299	-160.0820
1650.000000	98.202	-161.5480
1675.000000	98.045	-163.0161
1700.000000	97.814	-164.3847
1725.000000	97.502	-165.4973
1750.000000	97.107	-166.1332
1775.000000	96.644	-166.0158
1800.000000	96.148	-164.8780
1825.000000	95.684	-162.5522
1850.000000	95.333	-159.1145
1875.000000	95.163	-154.9619
1900.000000	95.201	-150.7141
1925.000000	95.417	-146.9375
1950.000000	95.751	-143.9528
1975.000000	96.144	-141.8239
2000.000000	96.548	-140.4588
2030.000000	97.010	-139.6089
2060.000000	97.428	-139.3816
2090.000000	97.794	-139.5785
2120.000000	98.107	-140.0472
2140.000000	98.290	-140.4550
2180.000000	98.597	-141.3853
2200.000000	98.726	-141.8616
2240.000000	98.952	-142.7539
2270.000000	99.110	-143.3573
2300.000000	99.271	-143.9723
2330.000000	99.434	-144.7067
2360.000000	99.587	-145.6226
2400.000000	99.748	-147.0594
2430.000000	99.833	-148.1982
2470.000000	99.902	-149.6855
2500.000000	99.929	-150.7445
2540.000000	99.938	-152.0700
2580.000000	99.922	-153.2988
2620.000000	99.886	-154.4316
2650.000000	99.845	-155.2179
2690.000000	99.775	-156.1798
2720.000000	99.711	-156.8324
2760.000000	99.611	-157.5993
2800.000000	99.495	-158.2336
2850.000000	99.332	-158.8122
2900.000000	99.154	-159.1096
2950.000000	98.967	-159.0764
3000.000000	98.786	-158.6622
3040.000000	98.660	-158.0347
3070.000000	98.587	-157.4081
3110.000000	98.526	-156.4295
3150.000000	98.512	-155.3893
3200.000000	98.557	-154.1486
3250.000000	98.659	-153.0814
3300.000000	98.803	-152.2454
3350.000000	98.983	-151.6634
3400.000000	99.193	-151.3558
3450.000000	99.432	-151.3882
3500.000000	99.691	-151.8662
3550.000000	99.949	-152.8745
3600.000000	100.180	-154.4277
3650.000000	100.359	-156.4709
3700.000000	100.465	-158.9003
3750.000000	100.486	-161.5814
3820.000000	100.358	-165.4914
3870.000000	100.151	-168.2191
3950.000000	99.615	-172.0573
4000.000000	99.162	-173.8281
4060.000000	98.537	-174.9859
4120.000000	97.879	-174.9010
4180.000000	97.261	-173.5703
4250.000000	96.679	-170.7253
4310.000000	96.349	-167.6062
4370.000000	96.189	-164.3259
4440.000000	96.197	-160.8305
4500.000000	96.330	-158.4453
4550.000000	96.496	-157.0033
4620.000000	96.764	-155.8554
4680.000000	96.986	-155.6219
4750.000000	97.199	-156.0679
4820.000000	97.336	-157.0708
4870.000000	97.378	-157.9943
4940.000000	97.358	-159.4022
5000.000000	97.272	-160.5812
5080.000000	97.075	-161.9366
5150.000000	96.843	-162.8119
5220.000000	96.574	-163.3397
5300.000000	96.242	-163.4954
5380.000000	95.905	-163.1886
5450.000000	95.621	-162.5782
5520.000000	95.355	-161.6955
5600.000000	95.081	-160.4139
5700.000000	94.789	-158.4913
5800.000000	94.559	-156.3089
5900.000000	94.395	-153.9487
6000.000000	94.298	-151.4889
6080.000000	94.270	-149.4938
6150.000000	94.283	-147.7592
6220.000000	94.330	-146.0577
6300.000000	94.427	-144.1794
6400.000000	94.614	-141.9747
6500.000000	94.877	-140.0082
6600.000000	95.219	-138.3924
6700.000000	95.635	-137.2663
6800.000000	96.117	-136.7808
6900.000000	96.645	-137.0905
7000.000000	97.192	-138.3329
7100.000000	97.719	-140.6071
7200.000000	98.173	-143.9217
7300.000000	98.497	-148.1130
7400.000000	98.647	-152.8228
7500.000000	98.610	-157.5842
7620.000000	98.347	-162.7329
7750.000000	97.883	-167.0445
7880.000000	97.352	-169.8129
8000.000000	96.899	-171.1217
8120.000000	96.543	-171.5094
8250.000000	96.316	-171.2725
8380.000000	96.285	-170.7892
8500.000000	96.446	-170.5465
8620.000000	96.792	-170.9577
8750.000000	97.354	-172.7568
8850.000000	97.874	-175.5460
9000.000000	98.633	177.3389
9120.000000	99.024	169.1053
9250.000000	99.019	158.5570
9380.000000	98.485	148.0061
9500.000000	97.597	139.7175
9620.000000	96.496	133.5454
9750.000000	95.252	129.2641
9880.000000	94.103	126.9904
10000.000000	93.196	126.1074
10150.000000	92.303	125.9263
10300.000000	91.684	126.1243
10440.000000	91.345	126.1421
10600.000000	91.223	125.4173
10750.000000	91.338	123.4789
10900.000000	91.619	119.7687
11060.000000	91.991	113.3475
11200.000000	92.242	105.4794
11380.000000	92.241	92.8307
11500.000000	91.946	83.6074
11720.000000	90.795	67.3821
11800.000000	90.232	62.1806
12060.000000	88.226	48.6195
12200.000000	87.195	43.1786
12410.000000	85.866	36.6339
12500.000000	85.392	34.1995
12650.000000	84.731	30.3903
12800.000000	84.230	26.6805
13150.000000	83.614	17.3246
13200.000000	83.582	15.8250
13400.000000	83.569	9.2321
13600.000000	83.709	1.4576
13800.000000	83.950	-7.7852
14000.000000	84.226	-18.6936
14300.000000	84.536	-38.2213
14500.000000	84.577	-53.0771
14750.000000	84.384	-73.0393
15000.000000	83.967	-93.8608
15250.000000	83.458	-115.1989
15500.000000	83.007	-137.2237
15750.000000	82.736	-160.4363
16000.000000	82.712	174.6128
16250.000000	82.942	147.4075
16500.000000	83.363	117.5082
16750.000000	83.840	84.6397
17000.000000	84.194	48.7051
17250.000000	84.233	9.8158
17500.000000	83.775	-31.7067
17750.000000	82.649	-75.3408
18000.000000	80.718	-120.2121
18250.000000	77.921	-165.2480
18500.000000	74.286	150.4104
18750.000000	69.891	107.4337
19000.000000	64.813	66.3939
19250.000000	59.172	27.5811
19500.000000	53.378	-11.1228
19750.000000	48.429	-57.0717
20000.000000	45.601	-108.7029
