* Measurement data measured by REW V5.31.3
* Source: USB-C to 3.5mm Headphone Jack Adapter, USB-C to 3.5mm Headphone Jack Adapter, 0, volume: 0.295
* Format: 256k Log Swept Sine, 4 sweeps at -12.0 dBFS with no timing reference
* Dated: Sep 2, 2025 10:47:46 PM
* REW Settings:
*  C-weighting compensation: Off
*  Target level: 75.0 dB
* Note: ; 
* Measurement: Sony XBA-N3 Velvet R
* Smoothing: 1/24 octave
* Frequency Step: 1/48 octave
* Start Frequency: 20.300 Hz
*
* Freq(Hz)	SPL(dB)	Phase(degrees)
20.299999	102.161	-141.5715
20.600000	102.211	-142.1189
20.900000	102.268	-142.7341
21.200001	102.323	-143.3953
21.400000	102.357	-143.8615
21.799999	102.415	-144.8334
22.000000	102.440	-145.3245
22.400000	102.487	-146.2879
22.700001	102.523	-146.9887
23.000000	102.562	-147.6805
23.299999	102.604	-148.3760
23.600000	102.646	-149.0797
24.000000	102.696	-150.0111
24.299999	102.728	-150.6764
24.700001	102.765	-151.4817
25.000000	102.793	-152.0191
25.400000	102.833	-152.6740
25.799999	102.878	-153.3078
26.200001	102.921	-153.9584
26.500000	102.950	-154.4602
26.900000	102.981	-155.1344
27.200001	103.001	-155.6369
27.600000	103.027	-156.3064
28.000000	103.053	-156.9899
28.500000	103.083	-157.8727
29.000000	103.105	-158.7525
29.500000	103.122	-159.5773
30.000000	103.140	-160.3398
30.400000	103.158	-160.9328
30.700001	103.171	-161.3825
31.100000	103.186	-161.9922
31.500000	103.197	-162.6012
32.000000	103.205	-163.3354
32.500000	103.214	-164.0312
33.000000	103.226	-164.7092
33.500000	103.238	-165.3931
34.000000	103.248	-166.0834
34.500000	103.253	-166.7634
35.000000	103.257	-167.4206
35.500000	103.261	-168.0584
36.000000	103.268	-168.6860
36.500000	103.275	-169.3036
37.000000	103.280	-169.9026
37.500000	103.286	-170.4806
38.200001	103.292	-171.2776
38.700001	103.292	-171.8555
39.500000	103.281	-172.7806
40.000000	103.270	-173.3426
40.599998	103.258	-174.0018
41.200001	103.246	-174.6448
41.799999	103.235	-175.2541
42.500000	103.228	-175.9201
43.099998	103.226	-176.4858
43.700001	103.222	-177.0571
44.400002	103.212	-177.6967
45.000000	103.203	-178.2179
45.500000	103.194	-178.6544
46.200001	103.171	-179.2771
46.799999	103.146	-179.8046
47.500000	103.124	179.5516
48.200001	103.104	178.8177
48.700001	103.082	178.2842
49.400002	103.038	177.6720
50.000000	103.005	177.3180
50.799999	102.985	176.9085
51.500000	102.980	176.4238
52.200001	102.969	175.8265
53.000000	102.946	175.1727
53.799999	102.920	174.6508
54.500000	102.900	174.2370
55.200001	102.875	173.7741
56.000000	102.835	173.2053
57.000000	102.789	172.5188
58.000000	102.752	171.8484
59.000000	102.711	171.2614
60.000000	102.673	170.6986
60.799999	102.640	170.2346
61.500000	102.609	169.8571
62.200001	102.582	169.4865
63.000000	102.549	169.0352
64.000000	102.505	168.4446
65.000000	102.463	167.8904
66.000000	102.430	167.4019
67.000000	102.391	166.8949
68.000000	102.330	166.4179
69.000000	102.270	165.9768
70.000000	102.219	165.5040
71.000000	102.176	165.0939
72.000000	102.132	164.7644
73.000000	102.075	164.4456
74.000000	102.010	164.0787
75.000000	101.959	163.6500
76.199997	101.917	163.0500
77.500000	101.863	162.4344
78.800003	101.806	161.9606
80.000000	101.751	161.5572
81.199997	101.691	161.0934
82.500000	101.617	160.6238
83.800003	101.548	160.2808
85.000000	101.492	159.9126
86.199997	101.432	159.5166
87.500000	101.366	159.1479
88.500000	101.317	158.8597
90.000000	101.244	158.3928
91.199997	101.179	158.1086
92.500000	101.117	157.8532
93.800003	101.060	157.5643
95.000000	101.004	157.2749
96.199997	100.947	156.9549
97.500000	100.880	156.5622
98.800003	100.809	156.3196
100.000000	100.762	156.2110
101.500000	100.700	155.8898
103.000000	100.629	155.5514
104.400002	100.557	155.2937
106.000000	100.472	154.9854
107.500000	100.409	154.7343
109.000000	100.347	154.5507
110.599998	100.260	154.2068
112.000000	100.176	153.8401
113.800003	100.077	153.5313
115.000000	100.005	153.4381
117.199997	99.853	153.4937
118.000000	99.802	153.6040
120.599998	99.730	154.1663
122.000000	99.744	154.1836
124.099998	99.749	153.6428
125.000000	99.720	153.3951
126.500000	99.644	153.0888
128.000000	99.574	152.8774
131.500000	99.461	152.7121
132.000000	99.436	152.6572
134.000000	99.278	152.5859
136.000000	98.927	153.1724
138.000000	98.834	153.0869
140.000000	99.048	151.9118
143.000000	99.033	151.4411
145.000000	98.961	151.2526
147.500000	98.882	151.0446
150.000000	98.792	151.0140
152.500000	98.703	150.9946
155.000000	98.610	150.9265
157.500000	98.516	150.8735
160.000000	98.421	150.8192
162.500000	98.325	150.7866
165.000000	98.235	150.8062
167.500000	98.155	150.8295
170.000000	98.078	150.8219
172.500000	98.002	150.8575
175.000000	97.918	150.8528
177.500000	97.839	150.8543
180.000000	97.757	150.8665
182.500000	97.674	150.8810
185.000000	97.597	150.9077
187.500000	97.526	150.9075
190.000000	97.450	150.9407
192.500000	97.368	151.0113
195.000000	97.288	151.0952
197.500000	97.211	151.1888
200.000000	97.136	151.2646
203.000000	97.052	151.3505
206.000000	96.971	151.4923
209.000000	96.892	151.5996
212.000000	96.814	151.6764
214.000000	96.759	151.7663
218.000000	96.655	151.9490
220.000000	96.605	152.0193
224.000000	96.504	152.2260
227.000000	96.436	152.4239
230.000000	96.367	152.5943
233.000000	96.296	152.7338
236.000000	96.228	152.8939
240.000000	96.142	153.1612
243.000000	96.075	153.4164
247.000000	95.981	153.7150
250.000000	95.908	153.9031
254.000000	95.822	154.1669
258.000000	95.747	154.4171
262.000000	95.687	154.8812
265.000000	95.631	155.0917
269.000000	95.576	155.1907
272.000000	95.550	155.4275
276.000000	95.484	155.7785
280.000000	95.406	156.0345
285.000000	95.321	156.3099
290.000000	95.237	156.6623
295.000000	95.164	156.9810
300.000000	95.077	157.2971
304.000000	95.007	157.6055
307.000000	94.962	157.8516
311.000000	94.908	158.1552
315.000000	94.854	158.4620
320.000000	94.784	158.8210
325.000000	94.716	159.2043
330.000000	94.647	159.5994
335.000000	94.581	159.9656
340.000000	94.518	160.3509
345.000000	94.456	160.7656
350.000000	94.396	161.1677
355.000000	94.332	161.6168
360.000000	94.274	162.0677
365.000000	94.219	162.5063
370.000000	94.170	162.9133
375.000000	94.126	163.2762
382.000000	94.059	163.8058
387.000000	94.009	164.2101
395.000000	93.936	164.8702
400.000000	93.891	165.2816
406.000000	93.841	165.7886
412.000000	93.795	166.2836
418.000000	93.750	166.7766
425.000000	93.699	167.3638
431.000000	93.657	167.8628
437.000000	93.616	168.3500
444.000000	93.568	168.9398
450.000000	93.527	169.4566
455.000000	93.499	169.8514
462.000000	93.463	170.4054
468.000000	93.433	170.9030
475.000000	93.397	171.4855
482.000000	93.362	172.0266
487.000000	93.339	172.4168
494.000000	93.308	172.9652
500.000000	93.283	173.4272
508.000000	93.250	174.0720
515.000000	93.222	174.6392
522.000000	93.198	175.2054
530.000000	93.173	175.8350
538.000000	93.150	176.4475
545.000000	93.129	176.9893
552.000000	93.109	177.5278
560.000000	93.091	178.1490
570.000000	93.070	178.9240
580.000000	93.051	179.6900
590.000000	93.033	-179.5481
600.000000	93.018	-178.7985
608.000000	93.008	-178.2022
615.000000	93.002	-177.6746
622.000000	92.996	-177.1460
630.000000	92.990	-176.5484
640.000000	92.984	-175.8028
650.000000	92.978	-175.0452
660.000000	92.981	-174.3208
670.000000	92.987	-173.5922
680.000000	92.993	-172.8553
690.000000	93.000	-172.1232
700.000000	93.009	-171.3952
710.000000	93.021	-170.6741
720.000000	93.035	-169.9489
730.000000	93.051	-169.2236
740.000000	93.070	-168.4979
750.000000	93.090	-167.7737
762.000000	93.118	-166.9391
775.000000	93.153	-166.0302
788.000000	93.192	-165.1183
800.000000	93.230	-164.2866
812.000000	93.269	-163.4642
825.000000	93.314	-162.5795
838.000000	93.365	-161.7074
850.000000	93.415	-160.9172
862.000000	93.469	-160.1418
875.000000	93.533	-159.3263
885.000000	93.586	-158.7147
900.000000	93.670	-157.8261
912.000000	93.742	-157.1284
925.000000	93.823	-156.4015
938.000000	93.910	-155.7219
950.000000	93.993	-155.1367
962.000000	94.078	-154.5749
975.000000	94.174	-154.0084
988.000000	94.270	-153.4972
1000.000000	94.358	-153.0683
1015.000000	94.463	-152.5868
1030.000000	94.561	-152.1273
1044.000000	94.649	-151.6729
1060.000000	94.755	-151.1074
1075.000000	94.866	-150.5754
1090.000000	94.988	-150.1010
1106.000000	95.125	-149.6856
1120.000000	95.247	-149.4061
1138.000000	95.403	-149.1513
1150.000000	95.504	-149.0328
1172.000000	95.681	-148.8896
1180.000000	95.743	-148.8627
1206.000000	95.937	-148.8582
1220.000000	96.038	-148.8990
1241.000000	96.184	-149.0118
1250.000000	96.246	-149.0792
1265.000000	96.350	-149.2130
1280.000000	96.453	-149.3716
1315.000000	96.683	-149.8345
1320.000000	96.714	-149.9120
1340.000000	96.836	-150.2475
1360.000000	96.951	-150.6288
1380.000000	97.061	-151.0615
1400.000000	97.164	-151.5394
1430.000000	97.306	-152.3373
1450.000000	97.393	-152.9397
1475.000000	97.491	-153.7847
1500.000000	97.574	-154.7360
1525.000000	97.639	-155.8058
1550.000000	97.680	-157.0094
1575.000000	97.691	-158.3535
1600.000000	97.661	-159.8290
1625.000000	97.576	-161.4155
1650.000000	97.426	-163.0694
1675.000000	97.197	-164.6994
1700.000000	96.875	-166.1647
1725.000000	96.450	-167.2456
1750.000000	95.925	-167.6453
1775.000000	95.327	-167.0133
1800.000000	94.711	-165.0316
1825.000000	94.165	-161.5737
1850.000000	93.789	-156.8822
1875.000000	93.651	-151.5707
1900.000000	93.752	-146.3956
1925.000000	94.040	-141.8980
1950.000000	94.449	-138.2985
1975.000000	94.923	-135.6095
2000.000000	95.423	-133.7588
2030.000000	96.016	-132.5143
2060.000000	96.563	-132.1412
2090.000000	97.044	-132.3905
2120.000000	97.452	-133.0191
2140.000000	97.688	-133.5576
2180.000000	98.088	-134.7861
2200.000000	98.258	-135.4391
2240.000000	98.551	-136.7819
2270.000000	98.736	-137.8079
2300.000000	98.894	-138.8391
2330.000000	99.029	-139.8681
2360.000000	99.143	-140.8884
2400.000000	99.266	-142.2306
2430.000000	99.338	-143.2227
2470.000000	99.410	-144.5202
2500.000000	99.446	-145.4642
2540.000000	99.471	-146.6722
2580.000000	99.472	-147.8132
2620.000000	99.450	-148.8779
2650.000000	99.417	-149.6173
2690.000000	99.355	-150.5118
2720.000000	99.294	-151.1030
2760.000000	99.195	-151.7667
2800.000000	99.078	-152.2627
2850.000000	98.912	-152.6000
2900.000000	98.733	-152.5600
2950.000000	98.559	-152.0946
3000.000000	98.413	-151.1975
3040.000000	98.334	-150.2283
3070.000000	98.305	-149.4102
3110.000000	98.307	-148.2852
3150.000000	98.352	-147.2235
3200.000000	98.453	-146.0865
3250.000000	98.585	-145.1658
3300.000000	98.737	-144.4384
3350.000000	98.904	-143.8885
3400.000000	99.086	-143.5128
3450.000000	99.279	-143.3136
3500.000000	99.483	-143.3130
3550.000000	99.697	-143.5421
3600.000000	99.915	-144.0318
3650.000000	100.134	-144.8223
3700.000000	100.341	-145.9526
3750.000000	100.524	-147.4488
3820.000000	100.706	-150.1586
3870.000000	100.756	-152.4640
3950.000000	100.640	-156.4418
4000.000000	100.429	-158.7908
4060.000000	100.044	-161.0672
4120.000000	99.559	-162.4073
4180.000000	99.042	-162.6252
4250.000000	98.493	-161.5563
4310.000000	98.128	-159.8125
4370.000000	97.883	-157.6751
4440.000000	97.743	-155.1201
4500.000000	97.725	-153.1337
4550.000000	97.762	-151.7145
4620.000000	97.866	-150.1323
4680.000000	97.987	-149.1507
4750.000000	98.145	-148.4355
4820.000000	98.306	-148.1695
4870.000000	98.413	-148.2336
4940.000000	98.537	-148.6272
5000.000000	98.612	-149.1850
5080.000000	98.663	-150.1335
5150.000000	98.657	-151.0546
5220.000000	98.604	-151.9694
5300.000000	98.494	-152.9143
5380.000000	98.338	-153.6646
5450.000000	98.173	-154.1106
5520.000000	97.993	-154.3373
5600.000000	97.778	-154.3183
5700.000000	97.511	-153.8845
5800.000000	97.265	-153.0381
5900.000000	97.054	-151.8384
6000.000000	96.890	-150.3540
6080.000000	96.798	-149.0153
6150.000000	96.749	-147.7671
6220.000000	96.734	-146.4749
6300.000000	96.765	-144.9758
6400.000000	96.888	-143.1186
6500.000000	97.092	-141.3394
6600.000000	97.368	-139.7002
6700.000000	97.718	-138.2785
6800.000000	98.145	-137.1809
6900.000000	98.651	-136.5475
7000.000000	99.230	-136.5536
7100.000000	99.868	-137.4015
7200.000000	100.535	-139.3038
7300.000000	101.179	-142.4205
7400.000000	101.735	-146.7632
7500.000000	102.134	-152.1311
7620.000000	102.332	-159.3261
7750.000000	102.182	-167.0069
7880.000000	101.721	-173.5097
8000.000000	101.120	-177.9522
8120.000000	100.442	179.1428
8250.000000	99.739	177.4611
8380.000000	99.158	176.8828
8500.000000	98.767	176.9342
8620.000000	98.527	177.2010
8750.000000	98.438	177.3687
8850.000000	98.485	177.1788
9000.000000	98.716	175.9511
9120.000000	99.001	173.8060
9250.000000	99.335	169.9989
9380.000000	99.590	164.5910
9500.000000	99.659	158.4678
9620.000000	99.508	151.8323
9750.000000	99.089	144.8432
9880.000000	98.463	138.7622
10000.000000	97.791	134.2838
10150.000000	96.949	130.2191
10300.000000	96.216	127.5023
10440.000000	95.693	125.7098
10600.000000	95.324	123.9408
10750.000000	95.214	121.9852
10900.000000	95.325	119.1797
11060.000000	95.654	114.5891
11200.000000	96.052	108.6750
11380.000000	96.535	97.9514
11500.000000	96.698	88.9405
11720.000000	96.373	70.1741
11800.000000	96.027	63.3037
12060.000000	94.269	43.6401
12200.000000	93.139	35.3779
12410.000000	91.523	25.7519
12500.000000	90.916	22.3882
12650.000000	90.056	17.4376
12800.000000	89.392	12.9844
13150.000000	88.564	2.9136
13200.000000	88.524	1.3888
13400.000000	88.545	-5.2115
13600.000000	88.845	-12.9958
13800.000000	89.388	-22.5154
14000.000000	90.105	-34.3592
14300.000000	91.226	-57.4839
14500.000000	91.726	-76.4894
14750.000000	91.764	-102.8085
15000.000000	91.117	-129.4233
15250.000000	90.091	-154.5081
15500.000000	89.090	-178.1029
15750.000000	88.403	158.4964
16000.000000	88.173	133.6760
16250.000000	88.370	106.0214
16500.000000	88.673	74.6902
16750.000000	88.675	39.9818
17000.000000	88.099	3.4444
17250.000000	86.940	-33.0503
17500.000000	85.415	-68.5486
17750.000000	83.771	-103.4084
18000.000000	82.149	-138.7600
18250.000000	80.561	-176.0009
18500.000000	78.926	143.4868
18750.000000	77.074	98.6182
19000.000000	74.749	48.8623
19250.000000	71.664	-5.5110
19500.000000	67.619	-63.2295
19750.000000	62.641	-124.6434
20000.000000	57.900	172.9631
