* Measurement data measured by REW V5.31.3
* Source: USB-C to 3.5mm Headphone Jack Adapter, USB-C to 3.5mm Headphone Jack Adapter, 0, volume: 0.295
* Format: 256k Log Swept Sine, 4 sweeps at -12.0 dBFS with no timing reference
* Dated: Dec 30, 2024 11:00:39 PM
* REW Settings:
*  C-weighting compensation: Off
*  Target level: 75.0 dB
* Note: ; 
* Measurement: Sony IER-M9 AZLA ASMR R
* Smoothing: 1/24 octave
* Frequency Step: 1/48 octave
* Start Frequency: 20.300 Hz
*
* Freq(Hz)	SPL(dB)	Phase(degrees)
20.299999	97.789	-167.3793
20.600000	97.813	-167.6291
20.900000	97.845	-167.9204
21.200001	97.882	-168.2368
21.400000	97.907	-168.4600
21.799999	97.956	-168.9252
22.000000	97.976	-169.1584
22.400000	98.002	-169.5984
22.700001	98.007	-169.8857
23.000000	98.004	-170.1287
23.299999	97.997	-170.3356
23.600000	97.990	-170.5260
24.000000	97.987	-170.7946
24.299999	97.991	-171.0269
24.700001	98.003	-171.3769
25.000000	98.015	-171.6519
25.400000	98.032	-172.0031
25.799999	98.049	-172.3163
26.200001	98.066	-172.5934
26.500000	98.076	-172.7866
26.900000	98.085	-173.0341
27.200001	98.087	-173.2141
27.600000	98.090	-173.4475
28.000000	98.095	-173.6816
28.500000	98.109	-174.0004
29.000000	98.129	-174.3682
29.500000	98.143	-174.7631
30.000000	98.143	-175.1268
30.400000	98.137	-175.3630
30.700001	98.132	-175.5072
31.100000	98.129	-175.6753
31.500000	98.134	-175.8503
32.000000	98.148	-176.1245
32.500000	98.163	-176.4621
33.000000	98.171	-176.8060
33.500000	98.172	-177.0896
34.000000	98.176	-177.2994
34.500000	98.187	-177.4828
35.000000	98.202	-177.6982
35.500000	98.214	-177.9614
36.000000	98.219	-178.2433
36.500000	98.216	-178.5036
37.000000	98.212	-178.7242
37.500000	98.212	-178.9180
38.200001	98.220	-179.2042
38.700001	98.230	-179.4474
39.500000	98.238	-179.8672
40.000000	98.238	179.8909
40.599998	98.235	179.6254
41.200001	98.231	179.3615
41.799999	98.225	179.0952
42.500000	98.222	178.7988
43.099998	98.224	178.5528
43.700001	98.227	178.3152
44.400002	98.225	178.0706
45.000000	98.221	177.8681
45.500000	98.217	177.6660
46.200001	98.209	177.3276
46.799999	98.200	177.0517
47.500000	98.194	176.8046
48.200001	98.188	176.6190
48.700001	98.178	176.5206
49.400002	98.161	176.4250
50.000000	98.158	176.3050
50.799999	98.166	175.9454
51.500000	98.165	175.5258
52.200001	98.163	175.1787
53.000000	98.172	174.8480
53.799999	98.166	174.5732
54.500000	98.142	174.5505
55.200001	98.135	174.6685
56.000000	98.149	174.5554
57.000000	98.133	173.9405
58.000000	98.099	173.3810
59.000000	98.084	173.0547
60.000000	98.068	172.8320
60.799999	98.042	172.5521
61.500000	98.009	172.2359
62.200001	97.985	171.9452
63.000000	97.980	171.6535
64.000000	97.976	171.3785
65.000000	97.953	171.2995
66.000000	97.923	171.2115
67.000000	97.894	170.9598
68.000000	97.875	170.6171
69.000000	97.861	170.3866
70.000000	97.854	170.2755
71.000000	97.841	170.0669
72.000000	97.817	169.8092
73.000000	97.806	169.6061
74.000000	97.804	169.4330
75.000000	97.792	169.2759
76.199997	97.760	169.0690
77.500000	97.728	168.8034
78.800003	97.707	168.5305
80.000000	97.682	168.2729
81.199997	97.660	167.9546
82.500000	97.642	167.5245
83.800003	97.615	167.3345
85.000000	97.584	167.2459
86.199997	97.543	167.0483
87.500000	97.513	166.7782
88.500000	97.494	166.6362
90.000000	97.455	166.5256
91.199997	97.419	166.3750
92.500000	97.381	166.1628
93.800003	97.355	165.9775
95.000000	97.347	165.8723
96.199997	97.327	165.7822
97.500000	97.303	165.6409
98.800003	97.316	165.5797
100.000000	97.333	165.5370
101.500000	97.274	165.4774
103.000000	97.196	165.4939
104.400002	97.155	165.3917
106.000000	97.154	164.9857
107.500000	97.157	164.7143
109.000000	97.139	164.5304
110.599998	97.112	164.3303
112.000000	97.089	164.0613
113.800003	97.047	163.5764
115.000000	97.014	163.3631
117.199997	96.953	163.0849
118.000000	96.933	162.9776
120.599998	96.867	162.7081
122.000000	96.833	162.5913
124.099998	96.787	162.4252
125.000000	96.769	162.3674
126.500000	96.735	162.2806
128.000000	96.701	162.1799
131.500000	96.641	161.9528
132.000000	96.633	161.9166
134.000000	96.599	161.7656
136.000000	96.560	161.6033
138.000000	96.521	161.4194
140.000000	96.483	161.2640
143.000000	96.423	161.0614
145.000000	96.379	160.9493
147.500000	96.319	160.8192
150.000000	96.255	160.6855
152.500000	96.218	160.5876
155.000000	96.178	160.5037
157.500000	96.129	160.4223
160.000000	96.079	160.3262
162.500000	96.027	160.2555
165.000000	95.975	160.1777
167.500000	95.923	160.1104
170.000000	95.872	160.0635
172.500000	95.820	159.9981
175.000000	95.770	159.9410
177.500000	95.720	159.8821
180.000000	95.672	159.8278
182.500000	95.620	159.7830
185.000000	95.567	159.7278
187.500000	95.517	159.6679
190.000000	95.467	159.6241
192.500000	95.415	159.6199
195.000000	95.364	159.6238
197.500000	95.317	159.5949
200.000000	95.271	159.5656
203.000000	95.212	159.5594
206.000000	95.156	159.5755
209.000000	95.106	159.6001
212.000000	95.056	159.6288
214.000000	95.023	159.6478
218.000000	94.959	159.7032
220.000000	94.928	159.7336
224.000000	94.866	159.7801
227.000000	94.820	159.8177
230.000000	94.774	159.8622
233.000000	94.729	159.9167
236.000000	94.684	159.9775
240.000000	94.627	160.0558
243.000000	94.585	160.1175
247.000000	94.528	160.2071
250.000000	94.485	160.2748
254.000000	94.429	160.3676
258.000000	94.375	160.4659
262.000000	94.320	160.5693
265.000000	94.280	160.6547
269.000000	94.228	160.7725
272.000000	94.188	160.8613
276.000000	94.137	160.9829
280.000000	94.087	161.1104
285.000000	94.025	161.2706
290.000000	93.965	161.4371
295.000000	93.907	161.6006
300.000000	93.849	161.7760
304.000000	93.805	161.9215
307.000000	93.772	162.0315
311.000000	93.729	162.1807
315.000000	93.686	162.3320
320.000000	93.634	162.5226
325.000000	93.584	162.7176
330.000000	93.534	162.9141
335.000000	93.486	163.1148
340.000000	93.438	163.3117
345.000000	93.391	163.5093
350.000000	93.345	163.7151
355.000000	93.302	163.9267
360.000000	93.259	164.1396
365.000000	93.217	164.3527
370.000000	93.176	164.5633
375.000000	93.136	164.7714
382.000000	93.081	165.0737
387.000000	93.043	165.2911
395.000000	92.983	165.6497
400.000000	92.946	165.8738
406.000000	92.904	166.1354
412.000000	92.862	166.3987
418.000000	92.822	166.6653
425.000000	92.775	166.9811
431.000000	92.737	167.2511
437.000000	92.699	167.5230
444.000000	92.656	167.8421
450.000000	92.620	168.1137
455.000000	92.592	168.3444
462.000000	92.553	168.6685
468.000000	92.521	168.9443
475.000000	92.484	169.2674
482.000000	92.448	169.5896
487.000000	92.422	169.8184
494.000000	92.388	170.1362
500.000000	92.360	170.4139
508.000000	92.322	170.7877
515.000000	92.290	171.1142
522.000000	92.259	171.4415
530.000000	92.225	171.8149
538.000000	92.192	172.1891
545.000000	92.163	172.5186
552.000000	92.136	172.8540
560.000000	92.105	173.2355
570.000000	92.069	173.7108
580.000000	92.035	174.1915
590.000000	92.001	174.6777
600.000000	91.968	175.1687
608.000000	91.943	175.5590
615.000000	91.922	175.9038
622.000000	91.901	176.2524
630.000000	91.879	176.6513
640.000000	91.855	177.1485
650.000000	91.832	177.6525
660.000000	91.808	178.1617
670.000000	91.786	178.6724
680.000000	91.766	179.1874
690.000000	91.749	179.7047
700.000000	91.733	-179.7722
710.000000	91.719	-179.2487
720.000000	91.706	-178.7248
730.000000	91.695	-178.1957
740.000000	91.686	-177.6641
750.000000	91.678	-177.1328
762.000000	91.673	-176.4823
775.000000	91.670	-175.7753
788.000000	91.670	-175.0675
800.000000	91.671	-174.4107
812.000000	91.674	-173.7548
825.000000	91.679	-173.0460
838.000000	91.687	-172.3380
850.000000	91.698	-171.6887
862.000000	91.713	-171.0483
875.000000	91.733	-170.3634
885.000000	91.752	-169.8443
900.000000	91.784	-169.0774
912.000000	91.815	-168.4790
925.000000	91.851	-167.8463
938.000000	91.891	-167.2340
950.000000	91.931	-166.6892
962.000000	91.974	-166.1621
975.000000	92.024	-165.6169
988.000000	92.076	-165.0972
1000.000000	92.125	-164.6427
1015.000000	92.189	-164.1117
1030.000000	92.254	-163.6243
1044.000000	92.315	-163.2121
1060.000000	92.384	-162.7703
1075.000000	92.449	-162.3926
1090.000000	92.511	-162.0491
1106.000000	92.574	-161.7116
1120.000000	92.626	-161.4336
1138.000000	92.689	-161.0802
1150.000000	92.729	-160.8318
1172.000000	92.808	-160.3254
1180.000000	92.842	-160.1353
1206.000000	92.977	-159.6622
1220.000000	93.050	-159.5685
1241.000000	93.140	-159.5678
1250.000000	93.172	-159.5792
1265.000000	93.220	-159.5849
1280.000000	93.263	-159.5714
1315.000000	93.348	-159.4669
1320.000000	93.358	-159.4452
1340.000000	93.399	-159.3505
1360.000000	93.435	-159.2404
1380.000000	93.467	-159.1150
1400.000000	93.495	-158.9742
1430.000000	93.528	-158.7263
1450.000000	93.543	-158.5326
1475.000000	93.555	-158.2372
1500.000000	93.560	-157.8492
1525.000000	93.562	-157.3293
1550.000000	93.577	-156.6716
1575.000000	93.618	-155.9660
1600.000000	93.674	-155.3734
1625.000000	93.718	-154.9351
1650.000000	93.733	-154.4944
1675.000000	93.730	-153.9012
1700.000000	93.724	-153.1255
1725.000000	93.726	-152.1423
1750.000000	93.753	-150.9699
1775.000000	93.810	-149.7840
1800.000000	93.865	-148.6484
1825.000000	93.901	-147.2531
1850.000000	93.965	-145.1880
1875.000000	94.165	-142.4752
1900.000000	94.579	-139.8899
1925.000000	95.154	-138.4807
1950.000000	95.744	-138.6479
1975.000000	96.227	-139.9884
2000.000000	96.565	-141.8133
2030.000000	96.818	-143.8957
2060.000000	96.989	-145.5085
2090.000000	97.158	-146.8199
2120.000000	97.332	-148.2231
2140.000000	97.433	-149.2892
2180.000000	97.562	-151.5602
2200.000000	97.591	-152.6584
2240.000000	97.596	-154.6539
2270.000000	97.570	-155.9606
2300.000000	97.525	-157.1234
2330.000000	97.467	-158.1638
2360.000000	97.396	-159.1018
2400.000000	97.280	-160.2046
2430.000000	97.177	-160.9168
2470.000000	97.015	-161.6874
2500.000000	96.877	-162.1051
2540.000000	96.676	-162.4008
2580.000000	96.461	-162.3364
2620.000000	96.244	-161.8584
2650.000000	96.094	-161.2204
2690.000000	95.928	-160.0784
2720.000000	95.831	-159.0958
2760.000000	95.727	-157.7010
2800.000000	95.639	-156.1488
2850.000000	95.562	-153.7986
2900.000000	95.566	-150.9509
2950.000000	95.695	-147.8192
3000.000000	95.964	-144.7659
3040.000000	96.270	-142.6015
3070.000000	96.543	-141.2155
3110.000000	96.952	-139.7388
3150.000000	97.401	-138.7286
3200.000000	97.996	-138.1648
3250.000000	98.605	-138.4158
3300.000000	99.197	-139.5118
3350.000000	99.735	-141.4267
3400.000000	100.185	-144.0213
3450.000000	100.524	-147.0594
3500.000000	100.750	-150.3051
3550.000000	100.872	-153.5999
3600.000000	100.894	-156.8408
3650.000000	100.817	-159.9027
3700.000000	100.648	-162.6219
3750.000000	100.406	-164.8365
3820.000000	99.991	-166.8937
3870.000000	99.680	-167.5853
3950.000000	99.233	-167.4767
4000.000000	99.017	-166.8189
4060.000000	98.841	-165.6702
4120.000000	98.763	-164.3729
4180.000000	98.781	-163.1561
4250.000000	98.900	-162.0787
4310.000000	99.064	-161.5975
4370.000000	99.259	-161.6106
4440.000000	99.491	-162.2747
4500.000000	99.664	-163.3556
4550.000000	99.776	-164.5537
4620.000000	99.867	-166.5557
4680.000000	99.876	-168.4491
4750.000000	99.802	-170.7013
4820.000000	99.640	-172.8300
4870.000000	99.477	-174.1860
4940.000000	99.195	-175.7554
5000.000000	98.919	-176.7364
5080.000000	98.527	-177.4770
5150.000000	98.184	-177.6022
5220.000000	97.858	-177.2821
5300.000000	97.526	-176.4497
5380.000000	97.252	-175.2301
5450.000000	97.068	-173.9461
5520.000000	96.938	-172.5590
5600.000000	96.856	-170.9603
5700.000000	96.838	-169.0857
5800.000000	96.898	-167.4334
5900.000000	97.023	-166.0177
6000.000000	97.216	-164.8576
6080.000000	97.425	-164.1662
6150.000000	97.653	-163.8050
6220.000000	97.926	-163.7541
6300.000000	98.296	-164.2112
6400.000000	98.826	-165.8093
6500.000000	99.364	-168.8190
6600.000000	99.812	-173.3745
6700.000000	100.063	-179.3165
6800.000000	100.026	173.8893
6900.000000	99.655	167.0944
7000.000000	98.982	161.2151
7100.000000	98.107	156.8510
7200.000000	97.147	154.0904
7300.000000	96.179	152.7029
7400.000000	95.246	152.4304
7500.000000	94.374	153.0398
7620.000000	93.429	154.5316
7750.000000	92.512	156.5487
7880.000000	91.626	158.7496
8000.000000	90.762	161.2819
8120.000000	89.850	164.8260
8250.000000	88.935	169.9876
8380.000000	88.216	175.9691
8500.000000	87.743	-178.4769
8620.000000	87.407	-173.2728
8750.000000	87.143	-168.1009
8850.000000	86.984	-164.3793
9000.000000	86.806	-159.0701
9120.000000	86.716	-154.9967
9250.000000	86.677	-150.7355
9380.000000	86.705	-146.6388
9500.000000	86.798	-143.0358
9620.000000	86.959	-139.6399
9750.000000	87.219	-136.2510
9880.000000	87.575	-133.2581
10000.000000	87.993	-130.9441
10150.000000	88.641	-128.8375
10300.000000	89.418	-127.8675
10440.000000	90.236	-128.2648
10600.000000	91.224	-130.5823
10750.000000	92.116	-134.7534
10900.000000	92.864	-140.7578
11060.000000	93.394	-148.6163
11200.000000	93.588	-155.9579
11380.000000	93.512	-164.9147
11500.000000	93.329	-170.1643
11720.000000	92.901	-178.1435
11800.000000	92.751	179.3704
12060.000000	92.342	172.1377
12200.000000	92.171	168.5578
12410.000000	91.984	163.4747
12500.000000	91.940	161.4129
12650.000000	91.947	158.1257
12800.000000	92.088	154.8331
13150.000000	92.987	144.7842
13200.000000	93.172	142.8850
13400.000000	94.025	133.6707
13600.000000	94.996	121.2843
13800.000000	95.967	105.0146
14000.000000	96.731	84.3080
14300.000000	96.723	45.8148
14500.000000	95.486	18.6414
14750.000000	92.710	-11.2643
15000.000000	89.425	-34.3994
15250.000000	86.426	-52.3076
15500.000000	84.020	-67.4652
15750.000000	82.191	-81.6238
16000.000000	80.849	-95.7443
16250.000000	79.919	-110.3278
16500.000000	79.231	-125.6923
16750.000000	78.634	-142.0830
17000.000000	78.045	-159.7655
17250.000000	77.404	-179.0752
17500.000000	76.650	159.6276
17750.000000	75.729	136.0557
18000.000000	74.595	109.6519
18250.000000	73.201	79.6731
18500.000000	71.438	45.3126
18750.000000	69.113	6.0498
19000.000000	65.992	-38.1729
19250.000000	61.877	-86.5132
19500.000000	56.768	-133.1682
19750.000000	51.695	-118.3552
20000.000000	49.243	-127.3093
