* Measurement data measured by REW V5.31.3
* Source: USB-C to 3.5mm Headphone Jack Adapter, no input selected, 0, volume: no control
* Format: 256k Log Swept Sine, 4 sweeps at -12.0 dBFS with no timing reference
* Dated: Mar 4, 2026 11:23:04 PM
* REW Settings:
*  C-weighting compensation: Off
*  Target level: 75.0 dB
* Note: ; 
* Measurement: Sony XBA-N3 CP145 R
* Smoothing: 1/24 octave
* Frequency Step: 1/48 octave
* Start Frequency: 20.300 Hz
*
* Freq(Hz)	SPL(dB)	Phase(degrees)
20.299999	104.432	-148.0802
20.600000	104.466	-148.6909
20.900000	104.503	-149.3687
21.200001	104.537	-150.0759
21.400000	104.558	-150.5603
21.799999	104.591	-151.5375
22.000000	104.604	-152.0163
22.400000	104.628	-152.9288
22.700001	104.647	-153.5726
23.000000	104.671	-154.1976
23.299999	104.698	-154.8243
23.600000	104.726	-155.4655
24.000000	104.756	-156.3338
24.299999	104.771	-156.9689
24.700001	104.783	-157.7542
25.000000	104.790	-158.2906
25.400000	104.805	-158.9684
25.799999	104.827	-159.6627
26.200001	104.850	-160.4078
26.500000	104.862	-160.9828
26.900000	104.875	-161.7145
27.200001	104.885	-162.2058
27.600000	104.909	-162.7863
28.000000	104.948	-163.3445
28.500000	105.002	-164.1321
29.000000	105.029	-165.0462
29.500000	105.012	-165.9618
30.000000	104.967	-166.7519
30.400000	104.935	-167.3011
30.700001	104.921	-167.7056
31.100000	104.914	-168.2789
31.500000	104.913	-168.8964
32.000000	104.912	-169.6670
32.500000	104.910	-170.3618
33.000000	104.910	-170.9889
33.500000	104.911	-171.6176
34.000000	104.903	-172.2787
34.500000	104.886	-172.9374
35.000000	104.870	-173.5575
35.500000	104.862	-174.1521
36.000000	104.861	-174.7550
36.500000	104.857	-175.3676
37.000000	104.845	-175.9588
37.500000	104.828	-176.5102
38.200001	104.807	-177.2547
38.700001	104.793	-177.8019
39.500000	104.765	-178.6793
40.000000	104.745	-179.1945
40.599998	104.721	-179.7828
41.200001	104.699	179.6280
41.799999	104.676	179.0251
42.500000	104.648	178.3299
43.099998	104.624	177.7577
43.700001	104.601	177.1982
44.400002	104.573	176.5531
45.000000	104.546	176.0235
45.500000	104.523	175.6070
46.200001	104.495	175.0396
46.799999	104.469	174.5407
47.500000	104.432	173.9534
48.200001	104.393	173.3869
48.700001	104.368	172.9835
49.400002	104.337	172.4012
50.000000	104.308	171.9150
50.799999	104.266	171.3501
51.500000	104.232	170.8963
52.200001	104.197	170.4130
53.000000	104.150	169.8498
53.799999	104.106	169.3254
54.500000	104.071	168.8856
55.200001	104.037	168.4480
56.000000	103.995	167.9372
57.000000	103.930	167.2951
58.000000	103.861	166.7468
59.000000	103.812	166.2109
60.000000	103.766	165.5918
60.799999	103.723	165.1210
61.500000	103.684	164.7548
62.200001	103.645	164.4142
63.000000	103.599	164.0385
64.000000	103.541	163.5730
65.000000	103.483	163.0908
66.000000	103.423	162.5793
67.000000	103.361	162.0890
68.000000	103.304	161.6396
69.000000	103.249	161.2103
70.000000	103.193	160.8245
71.000000	103.139	160.4587
72.000000	103.085	160.0635
73.000000	103.026	159.6539
74.000000	102.967	159.2575
75.000000	102.911	158.8782
76.199997	102.842	158.4677
77.500000	102.761	158.0539
78.800003	102.681	157.5843
80.000000	102.610	157.1708
81.199997	102.542	156.8276
82.500000	102.472	156.4489
83.800003	102.402	156.0540
85.000000	102.318	155.7921
86.199997	102.201	155.4716
87.500000	102.092	155.1001
88.500000	102.068	154.8097
90.000000	102.037	154.4069
91.199997	101.979	154.1709
92.500000	101.897	153.8664
93.800003	101.813	153.5466
95.000000	101.742	153.2789
96.199997	101.678	153.0962
97.500000	101.595	152.9092
98.800003	101.493	152.7615
100.000000	101.408	152.7331
101.500000	101.327	152.7970
103.000000	101.295	152.7029
104.400002	101.280	152.5743
106.000000	101.241	152.3920
107.500000	101.186	151.9710
109.000000	101.118	151.5472
110.599998	101.043	151.2213
112.000000	100.977	150.9954
113.800003	100.879	150.7088
115.000000	100.808	150.5533
117.199997	100.691	150.3789
118.000000	100.656	150.2702
120.599998	100.534	149.9471
122.000000	100.465	149.8179
124.099998	100.361	149.6254
125.000000	100.318	149.5497
126.500000	100.251	149.4502
128.000000	100.189	149.3859
131.500000	100.038	149.1514
132.000000	100.016	149.1124
134.000000	99.930	148.9894
136.000000	99.842	148.8987
138.000000	99.744	148.7447
140.000000	99.654	148.6254
143.000000	99.533	148.5346
145.000000	99.451	148.4795
147.500000	99.344	148.3704
150.000000	99.238	148.2623
152.500000	99.150	148.2890
155.000000	99.056	148.3080
157.500000	98.964	148.2722
160.000000	98.869	148.2260
162.500000	98.775	148.2290
165.000000	98.688	148.2772
167.500000	98.598	148.3364
170.000000	98.506	148.4178
172.500000	98.415	148.4799
175.000000	98.326	148.5271
177.500000	98.238	148.5761
180.000000	98.157	148.6422
182.500000	98.083	148.7424
185.000000	98.010	148.8356
187.500000	97.936	148.8896
190.000000	97.861	148.9869
192.500000	97.785	149.1349
195.000000	97.711	149.2489
197.500000	97.643	149.3531
200.000000	97.572	149.4973
203.000000	97.477	149.6851
206.000000	97.381	149.8286
209.000000	97.300	149.9139
212.000000	97.223	150.0639
214.000000	97.164	150.1583
218.000000	97.055	150.3781
220.000000	97.007	150.4704
224.000000	96.912	150.6808
227.000000	96.838	150.8474
230.000000	96.762	151.0401
233.000000	96.691	151.2547
236.000000	96.621	151.4340
240.000000	96.527	151.6884
243.000000	96.458	151.8730
247.000000	96.367	152.1184
250.000000	96.300	152.3153
254.000000	96.214	152.5609
258.000000	96.120	152.8061
262.000000	96.027	153.1477
265.000000	95.965	153.4014
269.000000	95.892	153.7039
272.000000	95.841	153.9463
276.000000	95.769	154.2907
280.000000	95.692	154.6215
285.000000	95.597	155.0278
290.000000	95.506	155.4570
295.000000	95.427	155.8954
300.000000	95.354	156.2472
304.000000	95.289	156.5508
307.000000	95.239	156.8225
311.000000	95.173	157.1955
315.000000	95.107	157.5554
320.000000	95.030	158.0178
325.000000	94.959	158.4364
330.000000	94.887	158.8482
335.000000	94.821	159.2750
340.000000	94.757	159.7225
345.000000	94.693	160.1517
350.000000	94.629	160.5858
355.000000	94.569	161.0383
360.000000	94.514	161.5000
365.000000	94.460	161.9641
370.000000	94.401	162.4244
375.000000	94.344	162.8839
382.000000	94.280	163.4923
387.000000	94.229	163.9173
395.000000	94.139	164.5099
400.000000	94.091	164.9658
406.000000	94.029	165.4966
412.000000	93.966	166.0272
418.000000	93.914	166.5618
425.000000	93.867	167.2361
431.000000	93.826	167.7895
437.000000	93.787	168.3693
444.000000	93.737	169.0274
450.000000	93.704	169.5337
455.000000	93.678	169.9237
462.000000	93.647	170.5572
468.000000	93.621	171.1348
475.000000	93.578	171.7750
482.000000	93.533	172.3433
487.000000	93.508	172.7772
494.000000	93.477	173.4074
500.000000	93.450	173.9392
508.000000	93.418	174.6157
515.000000	93.392	175.2049
522.000000	93.367	175.7891
530.000000	93.338	176.4586
538.000000	93.310	177.1142
545.000000	93.289	177.6962
552.000000	93.271	178.2746
560.000000	93.250	178.9284
570.000000	93.228	179.7432
580.000000	93.205	-179.4439
590.000000	93.186	-178.6364
600.000000	93.172	-177.8238
608.000000	93.163	-177.1631
615.000000	93.156	-176.6017
622.000000	93.149	-176.0423
630.000000	93.140	-175.4120
640.000000	93.133	-174.6284
650.000000	93.129	-173.8403
660.000000	93.129	-173.0587
670.000000	93.130	-172.2769
680.000000	93.134	-171.5002
690.000000	93.140	-170.7156
700.000000	93.146	-169.9207
710.000000	93.156	-169.1620
720.000000	93.167	-168.4029
730.000000	93.185	-167.6454
740.000000	93.207	-166.8803
750.000000	93.229	-166.1085
762.000000	93.258	-165.2630
775.000000	93.297	-164.3218
788.000000	93.334	-163.3693
800.000000	93.375	-162.4970
812.000000	93.417	-161.6192
825.000000	93.466	-160.7326
838.000000	93.523	-159.8595
850.000000	93.579	-159.0000
862.000000	93.644	-158.1474
875.000000	93.721	-157.2764
885.000000	93.782	-156.6432
900.000000	93.877	-155.6702
912.000000	93.958	-154.9152
925.000000	94.053	-154.1548
938.000000	94.151	-153.4393
950.000000	94.244	-152.8016
962.000000	94.340	-152.2013
975.000000	94.450	-151.5895
988.000000	94.563	-151.0434
1000.000000	94.666	-150.5867
1015.000000	94.794	-150.0817
1030.000000	94.920	-149.6270
1044.000000	95.037	-149.2794
1060.000000	95.166	-148.9244
1075.000000	95.281	-148.4757
1090.000000	95.391	-148.0414
1106.000000	95.521	-147.6343
1120.000000	95.640	-147.3427
1138.000000	95.796	-147.0585
1150.000000	95.898	-146.9220
1172.000000	96.084	-146.7643
1180.000000	96.150	-146.7347
1206.000000	96.353	-146.7166
1220.000000	96.457	-146.7470
1241.000000	96.606	-146.8380
1250.000000	96.667	-146.8943
1265.000000	96.766	-147.0082
1280.000000	96.861	-147.1453
1315.000000	97.070	-147.5445
1320.000000	97.098	-147.6105
1340.000000	97.206	-147.8951
1360.000000	97.309	-148.2101
1380.000000	97.405	-148.5561
1400.000000	97.495	-148.9357
1430.000000	97.618	-149.5703
1450.000000	97.692	-150.0399
1475.000000	97.773	-150.6816
1500.000000	97.840	-151.3811
1525.000000	97.891	-152.1316
1550.000000	97.923	-152.9131
1575.000000	97.936	-153.7069
1600.000000	97.935	-154.5022
1625.000000	97.925	-155.3295
1650.000000	97.904	-156.2939
1675.000000	97.852	-157.4905
1700.000000	97.734	-158.8790
1725.000000	97.522	-160.2686
1750.000000	97.203	-161.3836
1775.000000	96.787	-161.9207
1800.000000	96.303	-161.5543
1825.000000	95.803	-160.0358
1850.000000	95.359	-157.2932
1875.000000	95.050	-153.5104
1900.000000	94.935	-149.1629
1925.000000	95.022	-144.8732
1950.000000	95.272	-141.1443
1975.000000	95.625	-138.2118
2000.000000	96.026	-136.0982
2030.000000	96.514	-134.4921
2060.000000	96.974	-133.6505
2090.000000	97.390	-133.3381
2120.000000	97.759	-133.3711
2140.000000	97.983	-133.5190
2180.000000	98.390	-134.0156
2200.000000	98.577	-134.3510
2240.000000	98.925	-135.2229
2270.000000	99.157	-136.0597
2300.000000	99.362	-137.0251
2330.000000	99.539	-138.0744
2360.000000	99.683	-139.1646
2400.000000	99.830	-140.6249
2430.000000	99.912	-141.6989
2470.000000	99.990	-143.0735
2500.000000	100.029	-144.0667
2540.000000	100.059	-145.3262
2580.000000	100.063	-146.5067
2620.000000	100.043	-147.6118
2650.000000	100.014	-148.3847
2690.000000	99.957	-149.3335
2720.000000	99.899	-149.9796
2760.000000	99.805	-150.7228
2800.000000	99.691	-151.2985
2850.000000	99.531	-151.7370
2900.000000	99.365	-151.8438
2950.000000	99.204	-151.6433
3000.000000	99.058	-151.1765
3040.000000	98.954	-150.6128
3070.000000	98.887	-150.0758
3110.000000	98.819	-149.2127
3150.000000	98.781	-148.2168
3200.000000	98.785	-146.8703
3250.000000	98.848	-145.5363
3300.000000	98.962	-144.3294
3350.000000	99.122	-143.3023
3400.000000	99.319	-142.5134
3450.000000	99.540	-141.9936
3500.000000	99.785	-141.7870
3550.000000	100.044	-141.9254
3600.000000	100.312	-142.4129
3650.000000	100.576	-143.2815
3700.000000	100.825	-144.5957
3750.000000	101.050	-146.3822
3820.000000	101.266	-149.6349
3870.000000	101.316	-152.4008
3950.000000	101.152	-157.1073
4000.000000	100.885	-159.8118
4060.000000	100.418	-162.3308
4120.000000	99.847	-163.6758
4180.000000	99.252	-163.6732
4250.000000	98.635	-162.0970
4310.000000	98.242	-159.7495
4370.000000	98.007	-156.9501
4440.000000	97.935	-153.6934
4500.000000	98.016	-151.2749
4550.000000	98.155	-149.6920
4620.000000	98.414	-148.2546
4680.000000	98.656	-147.7397
4750.000000	98.919	-147.8863
4820.000000	99.130	-148.6662
4870.000000	99.238	-149.5027
4940.000000	99.323	-150.9136
5000.000000	99.333	-152.2267
5080.000000	99.259	-153.9531
5150.000000	99.125	-155.2999
5220.000000	98.940	-156.3984
5300.000000	98.684	-157.2750
5380.000000	98.403	-157.7226
5450.000000	98.150	-157.7729
5520.000000	97.904	-157.5269
5600.000000	97.640	-156.9271
5700.000000	97.347	-155.7816
5800.000000	97.109	-154.2926
5900.000000	96.931	-152.5563
6000.000000	96.819	-150.6688
6080.000000	96.776	-149.1069
6150.000000	96.774	-147.7357
6220.000000	96.803	-146.3809
6300.000000	96.876	-144.8739
6400.000000	97.026	-143.0851
6500.000000	97.248	-141.4454
6600.000000	97.546	-140.0353
6700.000000	97.930	-138.9821
6800.000000	98.399	-138.4659
6900.000000	98.942	-138.7094
7000.000000	99.537	-139.9476
7100.000000	100.139	-142.3978
7200.000000	100.680	-146.1668
7300.000000	101.079	-151.1213
7400.000000	101.270	-156.8519
7500.000000	101.222	-162.7553
7620.000000	100.877	-169.1952
7750.000000	100.264	-174.5870
7880.000000	99.562	-178.0425
8000.000000	98.953	-179.7031
8120.000000	98.456	179.7225
8250.000000	98.090	179.8453
8380.000000	97.925	-179.7562
8500.000000	97.959	-179.5905
8620.000000	98.161	179.9450
8750.000000	98.535	178.1999
8850.000000	98.885	175.6386
9000.000000	99.366	169.4334
9120.000000	99.559	162.5680
9250.000000	99.431	154.0289
9380.000000	98.906	145.6057
9500.000000	98.130	138.9770
9620.000000	97.192	133.9857
9750.000000	96.135	130.4821
9880.000000	95.149	128.6384
10000.000000	94.366	128.0031
10150.000000	93.596	128.0811
10300.000000	93.076	128.5737
10440.000000	92.817	128.9634
10600.000000	92.782	128.8402
10750.000000	92.989	127.6882
10900.000000	93.398	125.0016
11060.000000	93.985	119.8283
11200.000000	94.512	112.9377
11380.000000	94.973	100.8505
11500.000000	95.008	91.3206
11720.000000	94.359	73.2478
11800.000000	93.921	67.1549
12060.000000	92.122	50.8590
12200.000000	91.129	44.3017
12410.000000	89.835	36.5458
12500.000000	89.382	33.7032
12650.000000	88.772	29.2750
12800.000000	88.344	24.9587
13150.000000	87.996	13.8007
13200.000000	88.012	11.9535
13400.000000	88.212	3.6262
13600.000000	88.573	-6.5765
13800.000000	88.982	-19.0403
14000.000000	89.295	-33.7814
14300.000000	89.302	-59.0017
14500.000000	88.926	-76.5912
14750.000000	88.145	-97.9856
15000.000000	87.287	-118.2097
15250.000000	86.624	-137.7701
15500.000000	86.337	-157.6956
15750.000000	86.524	-179.2146
16000.000000	87.191	156.3162
16250.000000	88.195	127.5801
16500.000000	89.192	93.7880
16750.000000	89.735	55.3907
17000.000000	89.540	14.1373
17250.000000	88.640	-28.3032
17500.000000	87.185	-71.5728
17750.000000	85.146	-115.9089
18000.000000	82.321	-160.7434
18250.000000	78.592	155.2770
18500.000000	74.032	113.1758
18750.000000	68.779	73.3949
19000.000000	62.902	36.6710
19250.000000	56.450	4.7744
19500.000000	50.014	-24.5583
19750.000000	45.439	-64.3408
20000.000000	43.480	-113.1555
