* Measurement data measured by REW V5.31.3
* Source: USB-C to 3.5mm Headphone Jack Adapter, no input selected, 0, volume: 0.295
* Format: 256k Log Swept Sine, 4 sweeps at -12.0 dBFS with no timing reference
* Dated: Sep 2, 2025 10:20:37 PM
* REW Settings:
*  C-weighting compensation: Off
*  Target level: 75.0 dB
* Note: ; 
* Measurement: Sony XBA-N3 L
* Smoothing: 1/24 octave
* Frequency Step: 1/48 octave
* Start Frequency: 20.300 Hz
*
* Freq(Hz)	SPL(dB)	Phase(degrees)
20.299999	103.569	-143.4310
20.600000	103.595	-144.0383
20.900000	103.622	-144.7024
21.200001	103.648	-145.3846
21.400000	103.667	-145.8498
21.799999	103.710	-146.8066
22.000000	103.736	-147.2981
22.400000	103.796	-148.3029
22.700001	103.843	-149.0599
23.000000	103.885	-149.7871
23.299999	103.917	-150.4377
23.600000	103.936	-150.9629
24.000000	103.953	-151.4227
24.299999	103.968	-151.6153
24.700001	104.006	-151.8187
25.000000	104.048	-152.0694
25.400000	104.108	-152.6953
25.799999	104.149	-153.6851
26.200001	104.154	-154.9033
26.500000	104.138	-155.8333
26.900000	104.108	-156.9447
27.200001	104.095	-157.6386
27.600000	104.101	-158.4063
28.000000	104.133	-159.0808
28.500000	104.182	-159.8977
29.000000	104.214	-160.6966
29.500000	104.224	-161.4434
30.000000	104.224	-162.1565
30.400000	104.225	-162.7393
30.700001	104.227	-163.1924
31.100000	104.229	-163.8077
31.500000	104.233	-164.4135
32.000000	104.238	-165.1330
32.500000	104.245	-165.8132
33.000000	104.249	-166.4734
33.500000	104.251	-167.1290
34.000000	104.248	-167.7851
34.500000	104.244	-168.4391
35.000000	104.241	-169.0838
35.500000	104.240	-169.7206
36.000000	104.241	-170.3633
36.500000	104.239	-171.0163
37.000000	104.229	-171.6523
37.500000	104.213	-172.2316
38.200001	104.195	-172.9503
38.700001	104.191	-173.4583
39.500000	104.189	-174.3095
40.000000	104.186	-174.8257
40.599998	104.180	-175.4174
41.200001	104.167	-176.0194
41.799999	104.142	-176.6458
42.500000	104.111	-177.3994
43.099998	104.094	-178.0600
43.700001	104.081	-178.6344
44.400002	104.075	-179.0049
45.000000	104.094	-179.1709
45.500000	104.115	-179.4429
46.200001	104.098	179.8118
46.799999	104.028	179.0619
47.500000	103.947	178.3381
48.200001	103.917	177.6432
48.700001	103.905	177.0970
49.400002	103.870	176.4337
50.000000	103.834	176.0659
50.799999	103.810	175.6282
51.500000	103.791	175.1026
52.200001	103.760	174.5438
53.000000	103.722	173.9774
53.799999	103.688	173.4570
54.500000	103.661	173.0403
55.200001	103.638	172.6371
56.000000	103.610	172.1337
57.000000	103.557	171.4671
58.000000	103.498	170.8101
59.000000	103.439	170.1971
60.000000	103.384	169.6671
60.799999	103.349	169.2366
61.500000	103.320	168.8320
62.200001	103.289	168.4284
63.000000	103.251	167.9858
64.000000	103.202	167.4399
65.000000	103.159	166.9379
66.000000	103.128	166.5095
67.000000	103.089	166.0543
68.000000	103.023	165.5811
69.000000	102.953	165.1439
70.000000	102.899	164.7076
71.000000	102.850	164.2852
72.000000	102.799	163.8750
73.000000	102.750	163.4129
74.000000	102.702	162.8876
75.000000	102.656	162.3876
76.199997	102.598	161.9478
77.500000	102.526	161.6056
78.800003	102.447	161.2593
80.000000	102.384	160.8334
81.199997	102.316	160.4178
82.500000	102.246	160.0714
83.800003	102.183	159.6969
85.000000	102.126	159.3673
86.199997	102.067	159.0096
87.500000	102.003	158.6475
88.500000	101.949	158.4280
90.000000	101.853	157.9463
91.199997	101.765	157.4171
92.500000	101.697	157.1727
93.800003	101.650	157.0294
95.000000	101.594	156.8402
96.199997	101.531	156.6048
97.500000	101.458	156.2579
98.800003	101.397	155.9037
100.000000	101.355	155.6370
101.500000	101.276	155.3195
103.000000	101.180	155.0974
104.400002	101.092	154.9593
106.000000	100.986	154.6639
107.500000	100.872	154.3304
109.000000	100.760	154.1846
110.599998	100.647	154.1037
112.000000	100.529	154.5091
113.800003	100.561	155.5746
115.000000	100.703	155.6212
117.199997	100.752	154.5288
118.000000	100.692	154.2141
120.599998	100.528	153.6641
122.000000	100.452	153.3757
124.099998	100.341	152.8771
125.000000	100.290	152.7762
126.500000	100.212	152.7149
128.000000	100.138	152.6255
131.500000	99.958	152.2943
132.000000	99.940	152.3008
134.000000	99.868	152.4028
136.000000	99.723	152.7911
138.000000	99.594	153.1062
140.000000	99.565	152.8557
143.000000	99.551	152.7227
145.000000	99.519	152.4664
147.500000	99.450	152.1412
150.000000	99.384	152.0735
152.500000	99.282	151.8763
155.000000	99.171	151.5475
157.500000	99.072	151.3918
160.000000	98.966	151.3181
162.500000	98.871	151.2339
165.000000	98.788	151.1606
167.500000	98.702	151.1202
170.000000	98.617	151.1346
172.500000	98.534	151.2053
175.000000	98.455	151.2963
177.500000	98.374	151.2910
180.000000	98.288	151.2532
182.500000	98.204	151.2679
185.000000	98.129	151.3792
187.500000	98.053	151.4642
190.000000	97.972	151.4804
192.500000	97.896	151.5286
195.000000	97.825	151.6041
197.500000	97.753	151.7073
200.000000	97.679	151.8008
203.000000	97.593	151.8504
206.000000	97.512	151.9348
209.000000	97.433	152.1133
212.000000	97.350	152.2822
214.000000	97.295	152.3823
218.000000	97.192	152.5957
220.000000	97.140	152.7034
224.000000	97.036	152.9172
227.000000	96.964	153.0805
230.000000	96.901	153.2490
233.000000	96.834	153.4193
236.000000	96.764	153.6010
240.000000	96.673	153.8504
243.000000	96.608	154.0350
247.000000	96.521	154.3170
250.000000	96.459	154.5539
254.000000	96.376	154.8725
258.000000	96.300	155.2052
262.000000	96.220	155.4812
265.000000	96.160	155.6586
269.000000	96.088	155.9097
272.000000	96.040	156.0734
276.000000	95.969	156.3676
280.000000	95.894	156.7198
285.000000	95.810	157.1398
290.000000	95.733	157.5295
295.000000	95.657	157.9205
300.000000	95.582	158.2800
304.000000	95.525	158.5902
307.000000	95.481	158.8304
311.000000	95.423	159.1397
315.000000	95.364	159.4431
320.000000	95.295	159.8549
325.000000	95.227	160.2777
330.000000	95.159	160.6720
335.000000	95.093	161.0700
340.000000	95.033	161.4744
345.000000	94.978	161.8730
350.000000	94.923	162.2506
355.000000	94.866	162.6947
360.000000	94.809	163.1322
365.000000	94.755	163.5535
370.000000	94.703	163.9776
375.000000	94.655	164.4079
382.000000	94.590	164.9836
387.000000	94.545	165.4065
395.000000	94.475	166.0944
400.000000	94.433	166.5168
406.000000	94.387	167.0125
412.000000	94.344	167.5133
418.000000	94.301	168.0102
425.000000	94.253	168.5888
431.000000	94.213	169.0855
437.000000	94.176	169.5744
444.000000	94.136	170.1295
450.000000	94.102	170.5955
455.000000	94.071	171.0020
462.000000	94.030	171.5804
468.000000	93.999	172.0591
475.000000	93.966	172.5973
482.000000	93.935	173.1676
487.000000	93.914	173.5891
494.000000	93.886	174.1600
500.000000	93.862	174.6357
508.000000	93.830	175.2529
515.000000	93.804	175.7933
522.000000	93.781	176.3432
530.000000	93.757	176.9730
538.000000	93.736	177.5925
545.000000	93.719	178.1365
552.000000	93.702	178.6730
560.000000	93.683	179.2588
570.000000	93.662	-179.9979
580.000000	93.644	-179.2467
590.000000	93.628	-178.5061
600.000000	93.615	-177.7529
608.000000	93.606	-177.1587
615.000000	93.600	-176.6506
622.000000	93.595	-176.1383
630.000000	93.591	-175.5456
640.000000	93.586	-174.8268
650.000000	93.583	-174.1125
660.000000	93.584	-173.3931
670.000000	93.585	-172.6776
680.000000	93.589	-171.9636
690.000000	93.597	-171.2511
700.000000	93.607	-170.5432
710.000000	93.618	-169.8425
720.000000	93.632	-169.1497
730.000000	93.649	-168.4516
740.000000	93.669	-167.7299
750.000000	93.691	-167.0028
762.000000	93.718	-166.2145
775.000000	93.752	-165.3538
788.000000	93.788	-164.4799
800.000000	93.826	-163.6789
812.000000	93.869	-162.8858
825.000000	93.919	-162.0295
838.000000	93.975	-161.1919
850.000000	94.031	-160.4328
862.000000	94.086	-159.6893
875.000000	94.151	-158.8975
885.000000	94.205	-158.2977
900.000000	94.290	-157.4180
912.000000	94.363	-156.7361
925.000000	94.445	-156.0184
938.000000	94.531	-155.3326
950.000000	94.614	-154.7139
962.000000	94.699	-154.1008
975.000000	94.796	-153.4543
988.000000	94.899	-152.8314
1000.000000	95.002	-152.2889
1015.000000	95.137	-151.6907
1030.000000	95.276	-151.1892
1044.000000	95.406	-150.7982
1060.000000	95.552	-150.4325
1075.000000	95.685	-150.1511
1090.000000	95.816	-149.9222
1106.000000	95.952	-149.7317
1120.000000	96.069	-149.6048
1138.000000	96.214	-149.5094
1150.000000	96.308	-149.4829
1172.000000	96.475	-149.4843
1180.000000	96.534	-149.5069
1206.000000	96.715	-149.6582
1220.000000	96.806	-149.7849
1241.000000	96.934	-150.0273
1250.000000	96.986	-150.1496
1265.000000	97.066	-150.3763
1280.000000	97.140	-150.6319
1315.000000	97.286	-151.3249
1320.000000	97.303	-151.4337
1340.000000	97.362	-151.8919
1360.000000	97.401	-152.3693
1380.000000	97.419	-152.8387
1400.000000	97.413	-153.2745
1430.000000	97.358	-153.7487
1450.000000	97.295	-153.8551
1475.000000	97.202	-153.6482
1500.000000	97.119	-153.0083
1525.000000	97.078	-152.0038
1550.000000	97.100	-150.8208
1575.000000	97.186	-149.6737
1600.000000	97.320	-148.7240
1625.000000	97.481	-148.0355
1650.000000	97.652	-147.6005
1675.000000	97.821	-147.3791
1700.000000	97.982	-147.3196
1725.000000	98.131	-147.3815
1750.000000	98.270	-147.5343
1775.000000	98.398	-147.7597
1800.000000	98.516	-148.0369
1825.000000	98.624	-148.3506
1850.000000	98.723	-148.6905
1875.000000	98.814	-149.0523
1900.000000	98.898	-149.4313
1925.000000	98.975	-149.8196
1950.000000	99.046	-150.2129
1975.000000	99.113	-150.6127
2000.000000	99.175	-151.0210
2030.000000	99.246	-151.5307
2060.000000	99.311	-152.0728
2090.000000	99.367	-152.6506
2120.000000	99.414	-153.2543
2140.000000	99.439	-153.6632
2180.000000	99.477	-154.4833
2200.000000	99.489	-154.8904
2240.000000	99.502	-155.6893
2270.000000	99.502	-156.2717
2300.000000	99.495	-156.8348
2330.000000	99.481	-157.3742
2360.000000	99.462	-157.8924
2400.000000	99.430	-158.5630
2430.000000	99.401	-159.0590
2470.000000	99.352	-159.7203
2500.000000	99.305	-160.2116
2540.000000	99.229	-160.8377
2580.000000	99.136	-161.4100
2620.000000	99.028	-161.9083
2650.000000	98.937	-162.2245
2690.000000	98.804	-162.5534
2720.000000	98.696	-162.7218
2760.000000	98.543	-162.8259
2800.000000	98.382	-162.7713
2850.000000	98.175	-162.4507
2900.000000	97.970	-161.8203
2950.000000	97.780	-160.8657
3000.000000	97.622	-159.6029
3040.000000	97.527	-158.4074
3070.000000	97.478	-157.4337
3110.000000	97.447	-156.0758
3150.000000	97.454	-154.7108
3200.000000	97.515	-153.0803
3250.000000	97.628	-151.6176
3300.000000	97.782	-150.3893
3350.000000	97.965	-149.4325
3400.000000	98.167	-148.7566
3450.000000	98.379	-148.3428
3500.000000	98.599	-148.1793
3550.000000	98.825	-148.2738
3600.000000	99.055	-148.6563
3650.000000	99.282	-149.3694
3700.000000	99.496	-150.4537
3750.000000	99.682	-151.9348
3820.000000	99.861	-154.6499
3870.000000	99.900	-156.9567
3950.000000	99.762	-160.8932
4000.000000	99.536	-163.1656
4060.000000	99.142	-165.2820
4120.000000	98.661	-166.4100
4180.000000	98.168	-166.4126
4250.000000	97.669	-165.1828
4310.000000	97.356	-163.4393
4370.000000	97.163	-161.4428
4440.000000	97.075	-159.1951
4500.000000	97.091	-157.5664
4550.000000	97.147	-156.4994
4620.000000	97.264	-155.4904
4680.000000	97.375	-155.0635
4750.000000	97.497	-155.0199
4820.000000	97.592	-155.3818
4870.000000	97.636	-155.8344
4940.000000	97.657	-156.6604
5000.000000	97.634	-157.4772
5080.000000	97.545	-158.6063
5150.000000	97.414	-159.5324
5220.000000	97.241	-160.3242
5300.000000	97.003	-160.9965
5380.000000	96.733	-161.3693
5450.000000	96.482	-161.4305
5520.000000	96.226	-161.2405
5600.000000	95.937	-160.7278
5700.000000	95.593	-159.6803
5800.000000	95.283	-158.2417
5900.000000	95.018	-156.4897
6000.000000	94.805	-154.4989
6080.000000	94.673	-152.7802
6150.000000	94.588	-151.2095
6220.000000	94.532	-149.5941
6300.000000	94.505	-147.7180
6400.000000	94.527	-145.3708
6500.000000	94.614	-143.0693
6600.000000	94.770	-140.8730
6700.000000	94.995	-138.8561
6800.000000	95.291	-137.1046
6900.000000	95.656	-135.7087
7000.000000	96.086	-134.7710
7100.000000	96.577	-134.4143
7200.000000	97.114	-134.7897
7300.000000	97.674	-136.0528
7400.000000	98.216	-138.3009
7500.000000	98.694	-141.5285
7620.000000	99.115	-146.4943
7750.000000	99.314	-152.6590
7880.000000	99.222	-158.7798
8000.000000	98.924	-163.6756
8120.000000	98.503	-167.4442
8250.000000	98.010	-170.1571
8380.000000	97.570	-171.6253
8500.000000	97.267	-172.1681
8620.000000	97.095	-172.2495
8750.000000	97.078	-172.1909
8850.000000	97.189	-172.2962
9000.000000	97.553	-173.1895
9120.000000	97.992	-174.9760
9250.000000	98.555	-178.4675
9380.000000	99.107	176.0898
9500.000000	99.486	169.3529
9620.000000	99.627	161.4137
9750.000000	99.445	152.3564
9880.000000	98.932	143.9066
10000.000000	98.254	137.3491
10150.000000	97.305	131.1610
10300.000000	96.414	126.9149
10440.000000	95.738	124.1288
10600.000000	95.209	121.5721
10750.000000	94.965	119.0874
10900.000000	94.959	115.8859
11060.000000	95.179	110.9802
11200.000000	95.500	104.8323
11380.000000	95.912	93.7572
11500.000000	96.039	84.3969
11720.000000	95.632	64.6407
11800.000000	95.238	57.3154
12060.000000	93.238	36.0933
12200.000000	91.925	27.0672
12410.000000	89.979	16.4644
12500.000000	89.210	12.7308
12650.000000	88.047	7.2181
12800.000000	87.041	2.2737
13150.000000	85.269	-8.5339
13200.000000	85.075	-10.0903
13400.000000	84.425	-16.5209
13600.000000	83.955	-23.4244
13800.000000	83.636	-30.9536
14000.000000	83.440	-39.2334
14300.000000	83.329	-53.2490
14500.000000	83.356	-63.7833
14750.000000	83.476	-78.4745
15000.000000	83.658	-94.9887
15250.000000	83.885	-113.4165
15500.000000	84.156	-133.8550
15750.000000	84.480	-156.4293
16000.000000	84.876	178.6989
16250.000000	85.364	151.2589
16500.000000	85.946	120.8185
16750.000000	86.549	86.8493
17000.000000	86.973	49.0102
17250.000000	86.916	7.7313
17500.000000	86.145	-35.5413
17750.000000	84.667	-79.1502
18000.000000	82.713	-122.4465
18250.000000	80.546	-166.1642
18500.000000	78.279	148.1333
18750.000000	75.803	98.9939
19000.000000	72.817	45.9742
19250.000000	69.013	-10.2295
19500.000000	64.266	-68.5864
19750.000000	58.701	-129.8870
20000.000000	53.482	168.0587
