* Measurement data measured by REW V5.31.3
* Source: USB-C to 3.5mm Headphone Jack Adapter, USB-C to 3.5mm Headphone Jack Adapter, 0, volume: 0.295
* Format: 256k Log Swept Sine, 4 sweeps at -12.0 dBFS with no timing reference
* Dated: Feb 21, 2026 11:10:29 PM
* REW Settings:
*  C-weighting compensation: Off
*  Target level: 75.0 dB
* Note: ; 
* Measurement: Sony XBA-N3 Coreir L
* Smoothing: 1/24 octave
* Frequency Step: 1/48 octave
* Start Frequency: 20.300 Hz
*
* Freq(Hz)	SPL(dB)	Phase(degrees)
20.299999	103.210	-145.9787
20.600000	103.247	-146.6211
20.900000	103.285	-147.3132
21.200001	103.323	-148.0074
21.400000	103.349	-148.4705
21.799999	103.400	-149.3954
22.000000	103.425	-149.8541
22.400000	103.473	-150.7543
22.700001	103.507	-151.4084
23.000000	103.539	-152.0427
23.299999	103.568	-152.6596
23.600000	103.596	-153.2634
24.000000	103.630	-154.0567
24.299999	103.655	-154.6477
24.700001	103.686	-155.4346
25.000000	103.710	-156.0241
25.400000	103.739	-156.8063
25.799999	103.767	-157.5769
26.200001	103.792	-158.3264
26.500000	103.808	-158.8703
26.900000	103.828	-159.5702
27.200001	103.842	-160.0795
27.600000	103.859	-160.7460
28.000000	103.875	-161.4070
28.500000	103.893	-162.2311
29.000000	103.910	-163.0468
29.500000	103.926	-163.8436
30.000000	103.940	-164.6137
30.400000	103.949	-165.2090
30.700001	103.954	-165.6444
31.100000	103.960	-166.2151
31.500000	103.965	-166.7817
32.000000	103.970	-167.4933
32.500000	103.974	-168.2057
33.000000	103.977	-168.9038
33.500000	103.980	-169.5789
34.000000	103.984	-170.2373
34.500000	103.985	-170.8847
35.000000	103.983	-171.5138
35.500000	103.980	-172.1186
36.000000	103.978	-172.7137
36.500000	103.978	-173.3202
37.000000	103.973	-173.9306
37.500000	103.963	-174.5112
38.200001	103.951	-175.2671
38.700001	103.948	-175.8354
39.500000	103.935	-176.8559
40.000000	103.913	-177.4615
40.599998	103.884	-178.0406
41.200001	103.871	-178.5110
41.799999	103.867	-179.0083
42.500000	103.852	-179.6721
43.099998	103.830	179.7491
43.700001	103.811	179.1810
44.400002	103.801	178.5017
45.000000	103.793	177.9146
45.500000	103.782	177.4465
46.200001	103.756	176.8403
46.799999	103.725	176.3639
47.500000	103.687	175.8411
48.200001	103.658	175.3049
48.700001	103.643	174.8920
49.400002	103.619	174.3016
50.000000	103.593	173.8365
50.799999	103.557	173.2936
51.500000	103.528	172.8341
52.200001	103.499	172.3482
53.000000	103.464	171.7791
53.799999	103.428	171.2362
54.500000	103.395	170.7860
55.200001	103.362	170.3336
56.000000	103.321	169.8085
57.000000	103.268	169.1921
58.000000	103.224	168.6270
59.000000	103.185	168.0696
60.000000	103.139	167.5238
60.799999	103.098	167.1090
61.500000	103.064	166.7531
62.200001	103.030	166.3892
63.000000	102.992	165.9728
64.000000	102.942	165.4828
65.000000	102.893	165.0077
66.000000	102.842	164.5267
67.000000	102.793	164.0389
68.000000	102.745	163.5671
69.000000	102.698	163.1199
70.000000	102.650	162.6928
71.000000	102.601	162.2924
72.000000	102.541	161.9335
73.000000	102.476	161.6227
74.000000	102.426	161.2422
75.000000	102.382	160.7736
76.199997	102.326	160.2886
77.500000	102.260	159.7789
78.800003	102.199	159.2777
80.000000	102.140	158.8654
81.199997	102.054	158.6248
82.500000	101.982	158.2911
83.800003	101.922	157.8171
85.000000	101.865	157.4763
86.199997	101.801	157.1772
87.500000	101.734	156.8493
88.500000	101.683	156.5696
90.000000	101.613	156.1007
91.199997	101.572	155.6984
92.500000	101.508	155.3594
93.800003	101.422	155.1951
95.000000	101.347	154.9940
96.199997	101.280	154.7873
97.500000	101.217	154.5917
98.800003	101.160	154.3287
100.000000	101.103	154.0622
101.500000	101.025	153.7830
103.000000	100.949	153.5297
104.400002	100.879	153.3076
106.000000	100.795	153.0479
107.500000	100.723	152.7839
109.000000	100.659	152.5662
110.599998	100.588	152.3582
112.000000	100.513	152.2382
113.800003	100.415	152.1069
115.000000	100.364	151.9802
117.199997	100.276	151.7668
118.000000	100.238	151.7607
120.599998	100.158	151.5420
122.000000	100.106	151.1808
124.099998	99.968	151.1314
125.000000	99.912	151.1300
126.500000	99.833	151.0846
128.000000	99.761	151.0501
131.500000	99.665	151.0616
132.000000	99.654	151.1090
134.000000	99.596	151.1891
136.000000	99.520	151.0982
138.000000	99.444	150.9467
140.000000	99.377	150.4337
143.000000	99.296	149.8962
145.000000	99.228	149.8515
147.500000	99.121	149.8743
150.000000	99.019	149.8850
152.500000	98.933	149.7823
155.000000	98.844	149.7131
157.500000	98.759	149.6753
160.000000	98.677	149.6254
162.500000	98.575	149.6110
165.000000	98.474	149.7115
167.500000	98.397	149.7335
170.000000	98.315	149.6481
172.500000	98.223	149.6959
175.000000	98.154	149.8607
177.500000	98.069	149.9939
180.000000	97.976	150.0046
182.500000	97.891	150.0391
185.000000	97.808	150.1013
187.500000	97.736	150.1675
190.000000	97.669	150.2904
192.500000	97.596	150.4250
195.000000	97.522	150.5605
197.500000	97.452	150.6061
200.000000	97.385	150.6169
203.000000	97.290	150.6746
206.000000	97.204	150.7963
209.000000	97.124	150.9544
212.000000	97.045	151.1517
214.000000	96.994	151.2621
218.000000	96.894	151.4003
220.000000	96.847	151.5195
224.000000	96.754	151.7494
227.000000	96.672	151.8864
230.000000	96.590	152.0722
233.000000	96.516	152.2833
236.000000	96.445	152.5229
240.000000	96.358	152.8061
243.000000	96.296	153.0129
247.000000	96.212	153.2800
250.000000	96.145	153.5126
254.000000	96.063	153.8157
258.000000	95.981	154.1302
262.000000	95.896	154.4174
265.000000	95.835	154.6077
269.000000	95.756	154.8895
272.000000	95.701	155.1684
276.000000	95.638	155.6164
280.000000	95.574	156.0280
285.000000	95.466	156.3751
290.000000	95.379	156.6888
295.000000	95.334	157.2900
300.000000	95.267	158.0840
304.000000	95.193	158.3179
307.000000	95.146	158.4066
311.000000	95.089	158.7563
315.000000	95.041	159.2070
320.000000	94.985	159.7606
325.000000	94.934	160.2122
330.000000	94.893	160.6096
335.000000	94.851	160.9531
340.000000	94.799	161.2920
345.000000	94.736	161.6444
350.000000	94.676	161.9792
355.000000	94.616	162.3075
360.000000	94.558	162.7863
365.000000	94.525	163.1794
370.000000	94.490	163.4694
375.000000	94.441	163.7828
382.000000	94.373	164.4785
387.000000	94.330	165.0596
395.000000	94.244	165.9228
400.000000	94.194	166.4020
406.000000	94.141	166.7647
412.000000	94.087	167.2076
418.000000	94.051	167.7863
425.000000	94.008	168.4196
431.000000	93.964	168.8828
437.000000	93.921	169.3886
444.000000	93.882	170.0176
450.000000	93.852	170.4711
455.000000	93.826	170.8741
462.000000	93.786	171.4771
468.000000	93.755	171.9911
475.000000	93.722	172.5841
482.000000	93.690	173.1692
487.000000	93.669	173.5837
494.000000	93.639	174.1658
500.000000	93.615	174.6575
508.000000	93.588	175.3174
515.000000	93.564	175.8828
522.000000	93.543	176.4528
530.000000	93.520	177.1014
538.000000	93.499	177.7408
545.000000	93.482	178.2921
552.000000	93.467	178.8569
560.000000	93.453	179.5028
570.000000	93.438	-179.7056
580.000000	93.425	-178.9146
590.000000	93.414	-178.1343
600.000000	93.405	-177.3723
608.000000	93.399	-176.7520
615.000000	93.394	-176.2059
622.000000	93.391	-175.6728
630.000000	93.389	-175.0698
640.000000	93.392	-174.3037
650.000000	93.397	-173.5319
660.000000	93.397	-172.8065
670.000000	93.401	-172.0683
680.000000	93.411	-171.3036
690.000000	93.423	-170.5507
700.000000	93.437	-169.8170
710.000000	93.453	-169.0911
720.000000	93.472	-168.3664
730.000000	93.495	-167.6408
740.000000	93.519	-166.9229
750.000000	93.546	-166.2073
762.000000	93.578	-165.3434
775.000000	93.618	-164.4164
788.000000	93.662	-163.5040
800.000000	93.704	-162.6742
812.000000	93.747	-161.8437
825.000000	93.798	-160.9449
838.000000	93.851	-160.0718
850.000000	93.904	-159.2881
862.000000	93.961	-158.4914
875.000000	94.029	-157.6581
885.000000	94.087	-157.0353
900.000000	94.177	-156.1187
912.000000	94.253	-155.4404
925.000000	94.340	-154.7084
938.000000	94.430	-153.9979
950.000000	94.516	-153.3725
962.000000	94.605	-152.7798
975.000000	94.704	-152.1718
988.000000	94.807	-151.5919
1000.000000	94.904	-151.0900
1015.000000	95.030	-150.4986
1030.000000	95.160	-149.9627
1044.000000	95.287	-149.5209
1060.000000	95.437	-149.0936
1075.000000	95.576	-148.7997
1090.000000	95.712	-148.5892
1106.000000	95.852	-148.4234
1120.000000	95.968	-148.3254
1138.000000	96.111	-148.2634
1150.000000	96.203	-148.2582
1172.000000	96.366	-148.3105
1180.000000	96.423	-148.3515
1206.000000	96.595	-148.5519
1220.000000	96.681	-148.6884
1241.000000	96.802	-148.9421
1250.000000	96.853	-149.0753
1265.000000	96.937	-149.3187
1280.000000	97.018	-149.5658
1315.000000	97.181	-150.2240
1320.000000	97.201	-150.3298
1340.000000	97.275	-150.7697
1360.000000	97.333	-151.2291
1380.000000	97.375	-151.7072
1400.000000	97.398	-152.1869
1430.000000	97.395	-152.8602
1450.000000	97.365	-153.2341
1475.000000	97.295	-153.5261
1500.000000	97.196	-153.5214
1525.000000	97.089	-153.1158
1550.000000	97.001	-152.2943
1575.000000	96.959	-151.1342
1600.000000	96.977	-149.8208
1625.000000	97.053	-148.5322
1650.000000	97.175	-147.4223
1675.000000	97.329	-146.5628
1700.000000	97.497	-145.9521
1725.000000	97.667	-145.5634
1750.000000	97.833	-145.3559
1775.000000	97.990	-145.2895
1800.000000	98.137	-145.3296
1825.000000	98.273	-145.4498
1850.000000	98.399	-145.6348
1875.000000	98.516	-145.8710
1900.000000	98.623	-146.1460
1925.000000	98.723	-146.4492
1950.000000	98.815	-146.7767
1975.000000	98.899	-147.1280
2000.000000	98.978	-147.4987
2030.000000	99.065	-147.9634
2060.000000	99.144	-148.4428
2090.000000	99.214	-148.9358
2120.000000	99.277	-149.4418
2140.000000	99.313	-149.7843
2180.000000	99.375	-150.4778
2200.000000	99.401	-150.8263
2240.000000	99.442	-151.5235
2270.000000	99.463	-152.0445
2300.000000	99.476	-152.5583
2330.000000	99.482	-153.0629
2360.000000	99.480	-153.5571
2400.000000	99.466	-154.1962
2430.000000	99.447	-154.6570
2470.000000	99.411	-155.2430
2500.000000	99.376	-155.6537
2540.000000	99.320	-156.1594
2580.000000	99.252	-156.6039
2620.000000	99.171	-156.9875
2650.000000	99.101	-157.2254
2690.000000	99.000	-157.4502
2720.000000	98.916	-157.5480
2760.000000	98.797	-157.5721
2800.000000	98.671	-157.4504
2850.000000	98.508	-157.0648
2900.000000	98.350	-156.4044
2950.000000	98.208	-155.4597
3000.000000	98.094	-154.2527
3040.000000	98.031	-153.1379
3070.000000	98.003	-152.2417
3110.000000	97.993	-151.0031
3150.000000	98.015	-149.7548
3200.000000	98.087	-148.2390
3250.000000	98.202	-146.8391
3300.000000	98.353	-145.6021
3350.000000	98.534	-144.5545
3400.000000	98.741	-143.7188
3450.000000	98.968	-143.1165
3500.000000	99.211	-142.7674
3550.000000	99.467	-142.7024
3600.000000	99.729	-142.9531
3650.000000	99.990	-143.5557
3700.000000	100.238	-144.5468
3750.000000	100.458	-145.9469
3820.000000	100.682	-148.5673
3870.000000	100.753	-150.8109
3950.000000	100.662	-154.6206
4000.000000	100.467	-156.7997
4060.000000	100.110	-158.8172
4120.000000	99.668	-159.8841
4180.000000	99.211	-159.8739
4250.000000	98.746	-158.6561
4310.000000	98.457	-156.9030
4370.000000	98.286	-154.8532
4440.000000	98.226	-152.4873
4500.000000	98.273	-150.7298
4550.000000	98.362	-149.5546
4620.000000	98.532	-148.4181
4680.000000	98.697	-147.9250
4750.000000	98.883	-147.8669
4820.000000	99.041	-148.2850
4870.000000	99.128	-148.8153
4940.000000	99.202	-149.7852
5000.000000	99.220	-150.7403
5080.000000	99.178	-152.0520
5150.000000	99.083	-153.1218
5220.000000	98.942	-154.0285
5300.000000	98.738	-154.7898
5380.000000	98.504	-155.2073
5450.000000	98.287	-155.2770
5520.000000	98.067	-155.0789
5600.000000	97.825	-154.5384
5700.000000	97.550	-153.4364
5800.000000	97.321	-151.9522
5900.000000	97.145	-150.1660
6000.000000	97.032	-148.1502
6080.000000	96.990	-146.4257
6150.000000	96.992	-144.8678
6220.000000	97.034	-143.2921
6300.000000	97.141	-141.5041
6400.000000	97.371	-139.3503
6500.000000	97.699	-137.3725
6600.000000	98.116	-135.6768
6700.000000	98.623	-134.3913
6800.000000	99.217	-133.6753
6900.000000	99.890	-133.7225
7000.000000	100.625	-134.7557
7100.000000	101.387	-137.0082
7200.000000	102.117	-140.6720
7300.000000	102.733	-145.7688
7400.000000	103.150	-152.0312
7500.000000	103.306	-158.8977
7620.000000	103.134	-166.9177
7750.000000	102.601	-174.1863
7880.000000	101.878	-179.3421
8000.000000	101.174	177.7156
8120.000000	100.506	176.1378
8250.000000	99.902	175.4341
8380.000000	99.473	175.2356
8500.000000	99.238	175.0675
8620.000000	99.146	174.5397
8750.000000	99.176	173.1732
8850.000000	99.256	171.3373
9000.000000	99.376	167.0686
9120.000000	99.383	162.3926
9250.000000	99.209	156.4465
9380.000000	98.799	150.2487
9500.000000	98.219	144.9493
9620.000000	97.497	140.5129
9750.000000	96.635	136.9178
9880.000000	95.775	134.5643
10000.000000	95.041	133.3199
10150.000000	94.259	132.6726
10300.000000	93.661	132.6286
10440.000000	93.281	132.7785
10600.000000	93.066	132.7899
10750.000000	93.079	132.2796
10900.000000	93.297	130.8643
11060.000000	93.736	127.8369
11200.000000	94.254	123.4151
11380.000000	94.971	114.6600
11500.000000	95.359	106.7623
11720.000000	95.553	88.8932
11800.000000	95.397	81.8707
12060.000000	94.090	60.3599
12200.000000	93.061	50.7467
12410.000000	91.440	39.2659
12500.000000	90.791	35.2314
12650.000000	89.825	29.3271
12800.000000	89.022	24.0980
13150.000000	87.751	12.7654
13200.000000	87.633	11.1219
13400.000000	87.301	4.2513
13600.000000	87.172	-3.3173
13800.000000	87.213	-11.8220
14000.000000	87.394	-21.4427
14300.000000	87.881	-38.3386
14500.000000	88.311	-51.5609
14750.000000	88.884	-70.5510
15000.000000	89.414	-92.2930
15250.000000	89.828	-116.5902
15500.000000	90.097	-143.1094
15750.000000	90.239	-171.5811
16000.000000	90.322	158.0780
16250.000000	90.381	125.8009
16500.000000	90.265	91.6339
16750.000000	89.799	56.0387
17000.000000	88.897	19.9587
17250.000000	87.607	-15.7294
17500.000000	86.088	-50.7825
17750.000000	84.504	-85.7707
18000.000000	82.956	-121.8484
18250.000000	81.431	-160.4663
18500.000000	79.781	157.0601
18750.000000	77.717	110.1921
19000.000000	74.912	59.4562
19250.000000	71.172	6.0432
19500.000000	66.519	-49.3491
19750.000000	61.189	-108.1621
20000.000000	56.417	-167.4733
