* Measurement data measured by REW V5.31.3
* Source: USB-C to 3.5mm Headphone Jack Adapter, USB-C to 3.5mm Headphone Jack Adapter, 0, volume: 0.295
* Format: 256k Log Swept Sine, 4 sweeps at -12.0 dBFS with no timing reference
* Dated: Mar 6, 2026 10:48:54 PM
* REW Settings:
*  C-weighting compensation: Off
*  Target level: 75.0 dB
* Note: ; 
* Measurement: Sony XBA-N3 XWB R
* Smoothing: 1/24 octave
* Frequency Step: 1/48 octave
* Start Frequency: 20.300 Hz
*
* Freq(Hz)	SPL(dB)	Phase(degrees)
20.299999	103.779	-149.7260
20.600000	103.809	-150.3578
20.900000	103.840	-151.0372
21.200001	103.870	-151.7184
21.400000	103.891	-152.1739
21.799999	103.933	-153.0897
22.000000	103.954	-153.5489
22.400000	103.996	-154.4634
22.700001	104.027	-155.1401
23.000000	104.056	-155.8042
23.299999	104.083	-156.4525
23.600000	104.108	-157.0825
24.000000	104.137	-157.8917
24.299999	104.157	-158.4754
24.700001	104.182	-159.2270
25.000000	104.199	-159.7762
25.400000	104.220	-160.4993
25.799999	104.238	-161.2214
26.200001	104.252	-161.9459
26.500000	104.261	-162.4884
26.900000	104.270	-163.2050
27.200001	104.276	-163.7343
27.600000	104.285	-164.4288
28.000000	104.296	-165.1135
28.500000	104.311	-165.9582
29.000000	104.325	-166.7842
29.500000	104.335	-167.5777
30.000000	104.341	-168.3315
30.400000	104.344	-168.9108
30.700001	104.346	-169.3369
31.100000	104.347	-169.9008
31.500000	104.347	-170.4646
32.000000	104.345	-171.1697
32.500000	104.341	-171.8694
33.000000	104.336	-172.5552
33.500000	104.331	-173.2229
34.000000	104.326	-173.8740
34.500000	104.321	-174.5134
35.000000	104.316	-175.1448
35.500000	104.310	-175.7681
36.000000	104.303	-176.3798
36.500000	104.294	-176.9762
37.000000	104.284	-177.5550
37.500000	104.274	-178.1162
38.200001	104.257	-178.8758
38.700001	104.244	-179.4044
39.500000	104.223	179.7595
40.000000	104.209	179.2365
40.599998	104.189	178.6115
41.200001	104.167	178.0006
41.799999	104.143	177.4087
42.500000	104.113	176.7394
43.099998	104.089	176.1832
43.700001	104.067	175.6347
44.400002	104.043	174.9919
45.000000	104.016	174.4600
45.500000	103.989	174.0494
46.200001	103.953	173.4881
46.799999	103.927	172.9617
47.500000	103.896	172.3494
48.200001	103.879	171.8719
48.700001	103.884	171.5774
49.400002	103.892	171.0714
50.000000	103.866	170.5409
50.799999	103.779	169.9113
51.500000	103.706	169.4767
52.200001	103.661	169.0120
53.000000	103.626	168.4242
53.799999	103.589	167.8848
54.500000	103.551	167.4646
55.200001	103.509	167.0669
56.000000	103.467	166.6026
57.000000	103.419	165.9855
58.000000	103.364	165.4147
59.000000	103.314	164.8767
60.000000	103.267	164.3335
60.799999	103.231	163.9071
61.500000	103.197	163.5324
62.200001	103.161	163.1601
63.000000	103.119	162.7471
64.000000	103.065	162.2533
65.000000	103.009	161.7831
66.000000	102.951	161.3142
67.000000	102.893	160.8552
68.000000	102.841	160.4104
69.000000	102.786	159.9622
70.000000	102.726	159.5373
71.000000	102.667	159.1391
72.000000	102.610	158.7545
73.000000	102.552	158.3842
74.000000	102.494	158.0192
75.000000	102.436	157.6536
76.199997	102.369	157.2248
77.500000	102.296	156.7885
78.800003	102.222	156.3681
80.000000	102.155	155.9944
81.199997	102.089	155.6339
82.500000	102.017	155.2528
83.800003	101.945	154.8872
85.000000	101.878	154.5648
86.199997	101.810	154.2534
87.500000	101.738	153.9256
88.500000	101.683	153.6829
90.000000	101.601	153.3331
91.199997	101.535	153.0597
92.500000	101.465	152.7723
93.800003	101.396	152.4945
95.000000	101.332	152.2492
96.199997	101.268	152.0174
97.500000	101.198	151.7968
98.800003	101.127	151.5918
100.000000	101.065	151.3807
101.500000	100.994	151.1257
103.000000	100.923	150.8969
104.400002	100.846	150.6614
106.000000	100.761	150.3999
107.500000	100.688	150.1954
109.000000	100.616	150.0017
110.599998	100.533	149.8039
112.000000	100.461	149.6419
113.800003	100.369	149.4296
115.000000	100.310	149.3085
117.199997	100.203	149.1043
118.000000	100.165	149.0277
120.599998	100.041	148.7884
122.000000	99.973	148.6604
124.099998	99.870	148.5106
125.000000	99.825	148.4783
126.500000	99.750	148.4531
128.000000	99.676	148.4482
131.500000	99.531	148.5327
132.000000	99.516	148.5535
134.000000	99.462	148.6502
136.000000	99.431	148.6266
138.000000	99.392	148.4270
140.000000	99.315	148.2254
143.000000	99.197	147.9835
145.000000	99.121	147.8221
147.500000	99.034	147.6708
150.000000	98.939	147.5796
152.500000	98.838	147.5308
155.000000	98.741	147.4865
157.500000	98.650	147.4478
160.000000	98.558	147.4437
162.500000	98.464	147.4444
165.000000	98.369	147.4514
167.500000	98.277	147.4718
170.000000	98.185	147.4990
172.500000	98.093	147.5363
175.000000	98.003	147.5943
177.500000	97.915	147.6522
180.000000	97.829	147.7216
182.500000	97.744	147.7931
185.000000	97.659	147.8734
187.500000	97.576	147.9614
190.000000	97.495	148.0585
192.500000	97.415	148.1653
195.000000	97.338	148.2782
197.500000	97.262	148.3919
200.000000	97.187	148.5074
203.000000	97.099	148.6414
206.000000	97.014	148.7903
209.000000	96.931	148.9451
212.000000	96.850	149.1128
214.000000	96.796	149.2342
218.000000	96.689	149.4862
220.000000	96.637	149.6234
224.000000	96.539	149.9162
227.000000	96.469	150.1394
230.000000	96.403	150.3488
233.000000	96.339	150.5392
236.000000	96.273	150.7198
240.000000	96.183	150.9625
243.000000	96.116	151.1591
247.000000	96.027	151.4527
250.000000	95.961	151.6781
254.000000	95.874	151.9713
258.000000	95.788	152.2873
262.000000	95.707	152.6287
265.000000	95.649	152.8924
269.000000	95.573	153.2394
272.000000	95.517	153.4877
276.000000	95.443	153.8172
280.000000	95.369	154.1807
285.000000	95.289	154.6710
290.000000	95.220	155.1040
295.000000	95.152	155.4630
300.000000	95.077	155.8098
304.000000	95.015	156.0979
307.000000	94.968	156.3237
311.000000	94.906	156.6376
315.000000	94.846	156.9642
320.000000	94.772	157.3798
325.000000	94.701	157.8033
330.000000	94.633	158.2373
335.000000	94.567	158.6800
340.000000	94.504	159.1169
345.000000	94.444	159.5462
350.000000	94.384	159.9749
355.000000	94.328	160.4039
360.000000	94.272	160.8371
365.000000	94.217	161.2780
370.000000	94.165	161.7179
375.000000	94.114	162.1508
382.000000	94.044	162.7620
387.000000	93.996	163.2053
395.000000	93.922	163.9085
400.000000	93.879	164.3478
406.000000	93.829	164.8767
412.000000	93.780	165.4028
418.000000	93.734	165.9277
425.000000	93.682	166.5390
431.000000	93.639	167.0635
437.000000	93.598	167.5877
444.000000	93.552	168.1900
450.000000	93.515	168.7035
455.000000	93.486	169.1392
462.000000	93.445	169.7491
468.000000	93.413	170.2666
475.000000	93.377	170.8663
482.000000	93.343	171.4576
487.000000	93.320	171.8774
494.000000	93.288	172.4649
500.000000	93.263	172.9695
508.000000	93.232	173.6393
515.000000	93.207	174.2205
522.000000	93.183	174.7975
530.000000	93.158	175.4552
538.000000	93.136	176.1144
545.000000	93.120	176.6865
552.000000	93.104	177.2517
560.000000	93.081	177.8936
570.000000	93.058	178.6979
580.000000	93.039	179.5000
590.000000	93.023	-179.7034
600.000000	93.010	-178.9122
608.000000	93.002	-178.2874
615.000000	92.995	-177.7421
622.000000	92.990	-177.1981
630.000000	92.986	-176.5761
640.000000	92.983	-175.8014
650.000000	92.983	-175.0305
660.000000	92.984	-174.2667
670.000000	92.988	-173.5048
680.000000	92.994	-172.7469
690.000000	93.002	-171.9921
700.000000	93.013	-171.2389
710.000000	93.026	-170.4847
720.000000	93.041	-169.7329
730.000000	93.059	-168.9883
740.000000	93.079	-168.2528
750.000000	93.102	-167.5151
762.000000	93.133	-166.6313
775.000000	93.170	-165.6854
788.000000	93.212	-164.7483
800.000000	93.253	-163.8890
812.000000	93.294	-163.0422
825.000000	93.342	-162.1326
838.000000	93.394	-161.2326
850.000000	93.447	-160.4172
862.000000	93.505	-159.6214
875.000000	93.573	-158.7790
885.000000	93.629	-158.1488
900.000000	93.717	-157.2327
912.000000	93.793	-156.5262
925.000000	93.879	-155.7939
938.000000	93.970	-155.1020
950.000000	94.058	-154.5009
962.000000	94.148	-153.9385
975.000000	94.247	-153.3765
988.000000	94.346	-152.8680
1000.000000	94.436	-152.4460
1015.000000	94.543	-151.9616
1030.000000	94.643	-151.4898
1044.000000	94.735	-151.0246
1060.000000	94.847	-150.4643
1075.000000	94.964	-149.9595
1090.000000	95.090	-149.5255
1106.000000	95.229	-149.1588
1120.000000	95.349	-148.9123
1138.000000	95.501	-148.6856
1150.000000	95.599	-148.5832
1172.000000	95.771	-148.4790
1180.000000	95.831	-148.4621
1206.000000	96.020	-148.4745
1220.000000	96.117	-148.5228
1241.000000	96.259	-148.6434
1250.000000	96.318	-148.7112
1265.000000	96.418	-148.8453
1280.000000	96.517	-149.0037
1315.000000	96.737	-149.4671
1320.000000	96.766	-149.5438
1340.000000	96.882	-149.8798
1360.000000	96.992	-150.2618
1380.000000	97.095	-150.6888
1400.000000	97.191	-151.1653
1430.000000	97.322	-151.9735
1450.000000	97.399	-152.5800
1475.000000	97.483	-153.4278
1500.000000	97.550	-154.3937
1525.000000	97.595	-155.4881
1550.000000	97.611	-156.7142
1575.000000	97.588	-158.0708
1600.000000	97.515	-159.5381
1625.000000	97.375	-161.0741
1650.000000	97.156	-162.5966
1675.000000	96.844	-163.9619
1700.000000	96.428	-164.9461
1725.000000	95.911	-165.2372
1750.000000	95.318	-164.4642
1775.000000	94.707	-162.2900
1800.000000	94.173	-158.5634
1825.000000	93.825	-153.5211
1850.000000	93.740	-147.8315
1875.000000	93.929	-142.3634
1900.000000	94.329	-137.8201
1925.000000	94.848	-134.5163
1950.000000	95.401	-132.4149
1975.000000	95.931	-131.2863
2000.000000	96.410	-130.8427
2030.000000	96.912	-130.8756
2060.000000	97.341	-131.2668
2090.000000	97.711	-131.8718
2120.000000	98.033	-132.6173
2140.000000	98.224	-133.1706
2180.000000	98.557	-134.3632
2200.000000	98.702	-134.9872
2240.000000	98.954	-136.2623
2270.000000	99.116	-137.2316
2300.000000	99.256	-138.2056
2330.000000	99.377	-139.1818
2360.000000	99.481	-140.1633
2400.000000	99.591	-141.4738
2430.000000	99.652	-142.4422
2470.000000	99.708	-143.6969
2500.000000	99.732	-144.6020
2540.000000	99.743	-145.7466
2580.000000	99.728	-146.8056
2620.000000	99.691	-147.7595
2650.000000	99.648	-148.3916
2690.000000	99.575	-149.1079
2720.000000	99.511	-149.5406
2760.000000	99.415	-149.9632
2800.000000	99.312	-150.2004
2850.000000	99.184	-150.2337
2900.000000	99.066	-149.9819
2950.000000	98.970	-149.4914
3000.000000	98.903	-148.8466
3040.000000	98.868	-148.2608
3070.000000	98.852	-147.7863
3110.000000	98.845	-147.1082
3150.000000	98.858	-146.3848
3200.000000	98.905	-145.4557
3250.000000	98.986	-144.5544
3300.000000	99.101	-143.7405
3350.000000	99.245	-143.0605
3400.000000	99.413	-142.5455
3450.000000	99.599	-142.2204
3500.000000	99.800	-142.1022
3550.000000	100.012	-142.2144
3600.000000	100.231	-142.5879
3650.000000	100.451	-143.2574
3700.000000	100.663	-144.2573
3750.000000	100.855	-145.6154
3820.000000	101.059	-148.1292
3870.000000	101.130	-150.3092
3950.000000	101.062	-154.1596
4000.000000	100.885	-156.5004
4060.000000	100.537	-158.8473
4120.000000	100.079	-160.3296
4180.000000	99.574	-160.7074
4250.000000	99.023	-159.7534
4310.000000	98.649	-157.9990
4370.000000	98.401	-155.7480
4440.000000	98.276	-152.9654
4500.000000	98.291	-150.7656
4550.000000	98.371	-149.2047
4620.000000	98.554	-147.5495
4680.000000	98.748	-146.6608
4750.000000	98.988	-146.2302
4820.000000	99.217	-146.3956
4870.000000	99.360	-146.8291
4940.000000	99.519	-147.7924
5000.000000	99.609	-148.8643
5080.000000	99.657	-150.4993
5150.000000	99.629	-151.9870
5220.000000	99.540	-153.4087
5300.000000	99.372	-154.8343
5380.000000	99.149	-155.9513
5450.000000	98.924	-156.6267
5520.000000	98.682	-157.0002
5600.000000	98.398	-157.0560
5700.000000	98.053	-156.6063
5800.000000	97.739	-155.6520
5900.000000	97.471	-154.2847
6000.000000	97.259	-152.5903
6080.000000	97.135	-151.0573
6150.000000	97.064	-149.6212
6220.000000	97.029	-148.1241
6300.000000	97.045	-146.3706
6400.000000	97.159	-144.1693
6500.000000	97.366	-142.0263
6600.000000	97.661	-140.0279
6700.000000	98.045	-138.2784
6800.000000	98.522	-136.9000
6900.000000	99.092	-136.0510
7000.000000	99.750	-135.9266
7100.000000	100.481	-136.7663
7200.000000	101.252	-138.8358
7300.000000	102.004	-142.3496
7400.000000	102.655	-147.3573
7500.000000	103.117	-153.6420
7620.000000	103.324	-162.1073
7750.000000	103.094	-171.0434
7880.000000	102.495	-178.3835
8000.000000	101.759	176.8169
8120.000000	100.965	173.8426
8250.000000	100.170	172.2421
8380.000000	99.530	171.7693
8500.000000	99.106	171.8647
8620.000000	98.848	172.0814
8750.000000	98.747	172.0468
8850.000000	98.782	171.5743
9000.000000	98.973	169.7015
9120.000000	99.185	166.9097
9250.000000	99.383	162.4484
9380.000000	99.446	156.6701
9500.000000	99.313	150.6251
9620.000000	98.971	144.5073
9750.000000	98.393	138.4600
9880.000000	97.674	133.4930
10000.000000	96.970	130.0037
10150.000000	96.142	126.9612
10300.000000	95.450	124.9841
10440.000000	94.974	123.6554
10600.000000	94.655	122.2133
10750.000000	94.583	120.4264
10900.000000	94.724	117.6842
11060.000000	95.074	113.0557
11200.000000	95.476	107.0320
11380.000000	95.938	96.1150
11500.000000	96.069	86.9896
11720.000000	95.657	68.1811
11800.000000	95.276	61.3621
12060.000000	93.417	42.0547
12200.000000	92.241	34.0377
12410.000000	90.562	24.7905
12500.000000	89.926	21.5944
12650.000000	89.016	16.9460
12800.000000	88.298	12.8442
13150.000000	87.326	3.9445
13200.000000	87.264	2.6440
13400.000000	87.198	-2.8653
13600.000000	87.419	-9.1746
13800.000000	87.919	-16.7196
14000.000000	88.680	-26.0234
14300.000000	90.224	-44.7603
14500.000000	91.326	-61.5149
14750.000000	92.351	-87.4948
15000.000000	92.570	-117.0438
15250.000000	91.964	-146.7502
15500.000000	90.952	-174.5979
15750.000000	90.039	158.9777
16000.000000	89.542	132.1534
16250.000000	89.490	103.0464
16500.000000	89.542	70.5667
16750.000000	89.257	35.0167
17000.000000	88.368	-1.8820
17250.000000	86.907	-38.1688
17500.000000	85.122	-73.0630
17750.000000	83.265	-107.0544
18000.000000	81.471	-141.3564
18250.000000	79.752	-177.3662
18500.000000	78.036	143.5930
18750.000000	76.192	100.3430
19000.000000	74.021	52.0315
19250.000000	71.259	-1.6162
19500.000000	67.643	-60.0820
19750.000000	63.091	-123.3749
20000.000000	58.676	172.3923
