* Measurement data measured by REW V5.31.3
* Source: USB-C to 3.5mm Headphone Jack Adapter, USB-C to 3.5mm Headphone Jack Adapter, 0, volume: 0.295
* Format: 256k Log Swept Sine, 4 sweeps at -12.0 dBFS with no timing reference
* Dated: Nov 7, 2024 7:09:49 PM
* REW Settings:
*  C-weighting compensation: Off
*  Target level: 75.0 dB
* Note: ; 
* Measurement: SONY IER M-9 Silicone L
* Smoothing: 1/24 octave
* Frequency Step: 1/48 octave
* Start Frequency: 20.300 Hz
*
* Freq(Hz)	SPL(dB)	Phase(degrees)
20.299999	98.830	-168.8154
20.600000	98.843	-169.0649
20.900000	98.856	-169.3313
21.200001	98.868	-169.6020
21.400000	98.877	-169.7872
21.799999	98.897	-170.1704
22.000000	98.907	-170.3663
22.400000	98.927	-170.7579
22.700001	98.941	-171.0447
23.000000	98.955	-171.3220
23.299999	98.968	-171.5894
23.600000	98.980	-171.8483
24.000000	98.995	-172.1842
24.299999	99.005	-172.4317
24.700001	99.018	-172.7593
25.000000	99.028	-173.0052
25.400000	99.039	-173.3364
25.799999	99.049	-173.6720
26.200001	99.058	-174.0070
26.500000	99.063	-174.2523
26.900000	99.070	-174.5644
27.200001	99.075	-174.7862
27.600000	99.083	-175.0706
28.000000	99.091	-175.3520
28.500000	99.101	-175.7094
29.000000	99.107	-176.0649
29.500000	99.109	-176.4005
30.000000	99.112	-176.7168
30.400000	99.116	-176.9707
30.700001	99.120	-177.1684
31.100000	99.123	-177.4402
31.500000	99.124	-177.7104
32.000000	99.122	-178.0287
32.500000	99.121	-178.3266
33.000000	99.122	-178.6247
33.500000	99.123	-178.9332
34.000000	99.125	-179.2424
34.500000	99.128	-179.5444
35.000000	99.134	-179.8484
35.500000	99.142	179.8368
36.000000	99.149	179.5201
36.500000	99.154	179.2175
37.000000	99.158	178.9351
37.500000	99.158	178.6751
38.200001	99.148	178.3591
38.700001	99.137	178.1434
39.500000	99.116	177.6962
40.000000	99.101	177.3625
40.599998	99.100	177.0198
41.200001	99.142	176.7468
41.799999	99.216	176.3921
42.500000	99.262	175.8495
43.099998	99.228	175.5435
43.700001	99.161	175.5179
44.400002	99.112	175.5328
45.000000	99.097	175.3071
45.500000	99.087	175.0096
46.200001	99.077	174.6780
46.799999	99.083	174.4970
47.500000	99.091	174.2370
48.200001	99.078	173.8838
48.700001	99.060	173.6272
49.400002	99.040	173.2912
50.000000	99.027	173.0218
50.799999	99.009	172.7333
51.500000	98.998	172.5378
52.200001	98.991	172.2983
53.000000	98.974	171.9919
53.799999	98.958	171.7672
54.500000	98.958	171.5530
55.200001	98.954	171.2570
56.000000	98.932	170.9525
57.000000	98.905	170.6620
58.000000	98.889	170.3494
59.000000	98.905	169.9604
60.000000	98.910	169.4314
60.799999	98.876	169.1676
61.500000	98.843	169.0580
62.200001	98.816	168.9055
63.000000	98.788	168.6610
64.000000	98.767	168.3493
65.000000	98.743	168.0449
66.000000	98.713	167.7957
67.000000	98.691	167.5251
68.000000	98.666	167.2343
69.000000	98.639	166.9792
70.000000	98.614	166.7084
71.000000	98.589	166.4173
72.000000	98.560	166.1644
73.000000	98.531	165.9419
74.000000	98.504	165.7080
75.000000	98.478	165.4732
76.199997	98.446	165.2254
77.500000	98.412	164.9484
78.800003	98.377	164.6365
80.000000	98.345	164.3655
81.199997	98.309	164.0984
82.500000	98.268	163.8323
83.800003	98.230	163.5850
85.000000	98.196	163.3500
86.199997	98.164	163.1050
87.500000	98.128	162.8575
88.500000	98.096	162.7001
90.000000	98.051	162.4709
91.199997	98.016	162.2648
92.500000	97.973	162.0433
93.800003	97.924	161.8122
95.000000	97.882	161.6117
96.199997	97.850	161.4182
97.500000	97.813	161.2479
98.800003	97.768	161.1551
100.000000	97.723	161.1055
101.500000	97.673	161.0251
103.000000	97.630	160.9015
104.400002	97.599	160.8103
106.000000	97.568	160.6280
107.500000	97.537	160.4158
109.000000	97.509	160.2948
110.599998	97.479	160.1111
112.000000	97.451	159.9024
113.800003	97.406	159.6469
115.000000	97.370	159.5055
117.199997	97.297	159.3124
118.000000	97.273	159.2485
120.599998	97.208	159.4786
122.000000	97.184	159.7205
124.099998	97.171	159.6060
125.000000	97.155	159.4797
126.500000	97.115	159.2088
128.000000	97.072	158.9854
131.500000	97.029	158.3615
132.000000	97.028	158.1847
134.000000	97.007	157.6973
136.000000	96.947	157.6920
138.000000	96.887	157.6784
140.000000	96.787	157.4597
143.000000	96.682	157.0450
145.000000	96.658	157.0037
147.500000	96.603	156.9436
150.000000	96.552	156.7672
152.500000	96.515	156.8695
155.000000	96.442	156.7914
157.500000	96.393	156.4759
160.000000	96.330	156.4368
162.500000	96.259	156.3801
165.000000	96.209	156.3591
167.500000	96.149	156.2823
170.000000	96.094	156.2526
172.500000	96.030	156.2426
175.000000	95.961	156.1912
177.500000	95.878	156.0551
180.000000	95.794	155.9527
182.500000	95.751	155.9709
185.000000	95.709	156.0019
187.500000	95.655	156.0404
190.000000	95.598	156.0522
192.500000	95.539	156.0397
195.000000	95.480	156.0394
197.500000	95.423	156.0786
200.000000	95.368	156.1393
203.000000	95.303	156.1945
206.000000	95.239	156.2404
209.000000	95.178	156.3202
212.000000	95.119	156.4294
214.000000	95.085	156.4866
218.000000	95.032	156.5909
220.000000	95.006	156.6387
224.000000	94.951	156.6818
227.000000	94.903	156.7227
230.000000	94.855	156.7693
233.000000	94.807	156.8242
236.000000	94.758	156.8785
240.000000	94.692	156.9615
243.000000	94.644	157.0338
247.000000	94.580	157.1340
250.000000	94.534	157.2056
254.000000	94.475	157.3355
258.000000	94.416	157.4783
262.000000	94.355	157.5899
265.000000	94.311	157.6865
269.000000	94.253	157.8311
272.000000	94.209	157.9460
276.000000	94.153	158.0939
280.000000	94.098	158.2328
285.000000	94.033	158.4159
290.000000	93.966	158.6059
295.000000	93.897	158.8096
300.000000	93.835	159.0208
304.000000	93.790	159.1620
307.000000	93.755	159.2672
311.000000	93.708	159.4257
315.000000	93.663	159.5923
320.000000	93.611	159.8020
325.000000	93.556	160.0105
330.000000	93.502	160.2222
335.000000	93.449	160.4356
340.000000	93.398	160.6484
345.000000	93.347	160.8694
350.000000	93.297	161.0813
355.000000	93.248	161.2922
360.000000	93.201	161.5063
365.000000	93.155	161.7472
370.000000	93.111	161.9728
375.000000	93.067	162.1915
382.000000	93.005	162.5089
387.000000	92.962	162.7474
395.000000	92.896	163.1064
400.000000	92.855	163.3279
406.000000	92.805	163.6018
412.000000	92.754	163.8861
418.000000	92.697	164.1831
425.000000	92.649	164.5069
431.000000	92.617	164.7733
437.000000	92.577	165.0406
444.000000	92.526	165.3649
450.000000	92.484	165.6534
455.000000	92.451	165.8939
462.000000	92.405	166.2316
468.000000	92.366	166.5244
475.000000	92.322	166.8548
482.000000	92.279	167.1888
487.000000	92.249	167.4456
494.000000	92.207	167.7945
500.000000	92.172	168.0863
508.000000	92.126	168.4752
515.000000	92.087	168.8273
522.000000	92.050	169.1756
530.000000	92.011	169.5863
538.000000	91.975	170.0211
545.000000	91.940	170.3691
552.000000	91.901	170.6970
560.000000	91.861	171.0861
570.000000	91.813	171.5864
580.000000	91.767	172.1101
590.000000	91.724	172.6376
600.000000	91.683	173.1684
608.000000	91.648	173.5892
615.000000	91.620	173.9652
622.000000	91.593	174.3515
630.000000	91.563	174.7940
640.000000	91.529	175.3468
650.000000	91.496	175.9097
660.000000	91.464	176.4779
670.000000	91.436	177.0435
680.000000	91.409	177.6104
690.000000	91.383	178.1901
700.000000	91.360	178.7800
710.000000	91.338	179.3582
720.000000	91.317	179.9420
730.000000	91.300	-179.4617
740.000000	91.286	-178.8592
750.000000	91.274	-178.2552
762.000000	91.263	-177.5375
775.000000	91.256	-176.7596
788.000000	91.251	-175.9648
800.000000	91.246	-175.2283
812.000000	91.242	-174.5064
825.000000	91.241	-173.7248
838.000000	91.242	-172.9436
850.000000	91.249	-172.2374
862.000000	91.260	-171.5398
875.000000	91.275	-170.7786
885.000000	91.290	-170.1969
900.000000	91.319	-169.3442
912.000000	91.341	-168.6794
925.000000	91.369	-167.9706
938.000000	91.402	-167.2798
950.000000	91.437	-166.6635
962.000000	91.476	-166.0662
975.000000	91.521	-165.4301
988.000000	91.570	-164.8271
1000.000000	91.616	-164.3075
1015.000000	91.676	-163.6996
1030.000000	91.736	-163.1396
1044.000000	91.789	-162.6602
1060.000000	91.848	-162.1445
1075.000000	91.902	-161.6935
1090.000000	91.955	-161.2718
1106.000000	92.008	-160.8524
1120.000000	92.052	-160.5060
1138.000000	92.102	-160.0741
1150.000000	92.132	-159.7909
1172.000000	92.180	-159.2753
1180.000000	92.195	-159.0847
1206.000000	92.241	-158.4262
1220.000000	92.267	-158.0288
1241.000000	92.312	-157.3956
1250.000000	92.336	-157.1272
1265.000000	92.384	-156.6893
1280.000000	92.437	-156.2780
1315.000000	92.563	-155.5928
1320.000000	92.579	-155.5234
1340.000000	92.628	-155.2929
1360.000000	92.648	-155.0628
1380.000000	92.642	-154.7515
1400.000000	92.613	-154.3107
1430.000000	92.537	-153.3012
1450.000000	92.474	-152.3403
1475.000000	92.392	-150.7501
1500.000000	92.329	-148.6375
1525.000000	92.312	-145.8902
1550.000000	92.394	-142.4708
1575.000000	92.647	-138.5916
1600.000000	93.120	-134.8540
1625.000000	93.787	-132.1001
1650.000000	94.548	-130.9322
1675.000000	95.278	-131.3364
1700.000000	95.887	-132.8860
1725.000000	96.349	-134.9988
1750.000000	96.681	-137.2249
1775.000000	96.916	-139.3297
1800.000000	97.087	-141.2376
1825.000000	97.213	-142.9486
1850.000000	97.306	-144.4840
1875.000000	97.374	-145.8516
1900.000000	97.424	-147.0616
1925.000000	97.463	-148.1303
1950.000000	97.495	-149.0719
1975.000000	97.523	-149.9047
2000.000000	97.552	-150.6469
2030.000000	97.590	-151.4409
2060.000000	97.633	-152.1656
2090.000000	97.683	-152.8610
2120.000000	97.740	-153.5736
2140.000000	97.778	-154.0825
2180.000000	97.848	-155.2014
2200.000000	97.875	-155.8038
2240.000000	97.906	-157.0468
2270.000000	97.909	-157.9735
2300.000000	97.895	-158.8673
2330.000000	97.865	-159.7125
2360.000000	97.824	-160.4972
2400.000000	97.752	-161.4450
2430.000000	97.689	-162.0861
2470.000000	97.591	-162.8614
2500.000000	97.508	-163.3871
2540.000000	97.382	-164.0066
2580.000000	97.234	-164.5048
2620.000000	97.062	-164.8353
2650.000000	96.918	-164.9374
2690.000000	96.705	-164.8175
2720.000000	96.536	-164.4944
2760.000000	96.309	-163.6983
2800.000000	96.094	-162.4485
2850.000000	95.872	-160.2525
2900.000000	95.741	-157.4376
2950.000000	95.735	-154.1960
3000.000000	95.876	-150.8117
3040.000000	96.099	-148.2399
3070.000000	96.324	-146.5023
3110.000000	96.689	-144.5445
3150.000000	97.112	-143.0894
3200.000000	97.690	-142.0593
3250.000000	98.287	-141.9299
3300.000000	98.868	-142.6725
3350.000000	99.404	-144.2040
3400.000000	99.867	-146.4058
3450.000000	100.239	-149.1317
3500.000000	100.506	-152.2148
3550.000000	100.659	-155.4686
3600.000000	100.699	-158.6982
3650.000000	100.634	-161.7187
3700.000000	100.482	-164.3747
3750.000000	100.263	-166.5484
3820.000000	99.892	-168.6638
3870.000000	99.615	-169.5145
3950.000000	99.203	-169.8679
4000.000000	98.989	-169.5833
4060.000000	98.792	-168.8945
4120.000000	98.669	-168.0011
4180.000000	98.625	-167.0853
4250.000000	98.660	-166.2174
4310.000000	98.748	-165.7988
4370.000000	98.867	-165.7713
4440.000000	99.014	-166.2712
4500.000000	99.123	-167.1235
4550.000000	99.188	-168.0834
4620.000000	99.227	-169.7068
4680.000000	99.204	-171.2536
4750.000000	99.108	-173.1072
4820.000000	98.938	-174.8795
4870.000000	98.776	-176.0243
4940.000000	98.501	-177.3748
5000.000000	98.231	-178.2464
5080.000000	97.842	-178.9461
5150.000000	97.490	-179.1128
5220.000000	97.142	-178.8770
5300.000000	96.765	-178.1493
5380.000000	96.426	-176.9954
5450.000000	96.171	-175.7154
5520.000000	95.962	-174.2681
5600.000000	95.779	-172.5192
5700.000000	95.620	-170.3416
5800.000000	95.523	-168.2401
5900.000000	95.474	-166.1886
6000.000000	95.476	-164.1634
6080.000000	95.519	-162.5750
6150.000000	95.592	-161.2399
6220.000000	95.701	-159.9891
6300.000000	95.880	-158.7059
6400.000000	96.192	-157.3997
6500.000000	96.595	-156.5651
6600.000000	97.075	-156.4852
6700.000000	97.596	-157.5192
6800.000000	98.081	-159.8663
6900.000000	98.444	-163.4250
7000.000000	98.615	-167.8073
7100.000000	98.559	-172.4161
7200.000000	98.296	-176.6388
7300.000000	97.887	179.9257
7400.000000	97.402	177.3916
7500.000000	96.899	175.6343
7620.000000	96.312	174.1767
7750.000000	95.681	173.0067
7880.000000	95.006	172.2162
8000.000000	94.310	172.0837
8120.000000	93.552	172.7766
8250.000000	92.745	174.4444
8380.000000	92.020	176.7573
8500.000000	91.430	179.1782
8620.000000	90.900	-178.2546
8750.000000	90.379	-175.3242
8850.000000	90.015	-172.9512
9000.000000	89.529	-169.1807
9120.000000	89.200	-165.9857
9250.000000	88.913	-162.3767
9380.000000	88.704	-158.6547
9500.000000	88.589	-155.1758
9620.000000	88.553	-151.7189
9750.000000	88.612	-148.0603
9880.000000	88.783	-144.5824
10000.000000	89.045	-141.6293
10150.000000	89.525	-138.4589
10300.000000	90.172	-136.1379
10440.000000	90.918	-135.0439
10600.000000	91.907	-135.4457
10750.000000	92.907	-137.7932
10900.000000	93.883	-142.3058
11060.000000	94.763	-149.4454
11200.000000	95.290	-157.1968
11380.000000	95.558	-168.0458
11500.000000	95.505	-175.1184
11720.000000	95.113	173.2027
11800.000000	94.928	169.3638
12060.000000	94.272	157.5474
12200.000000	93.845	151.3190
12410.000000	93.023	142.6714
12500.000000	92.624	139.5204
12650.000000	91.973	135.2084
12800.000000	91.425	131.8792
13150.000000	90.762	125.0623
13200.000000	90.729	123.9589
13400.000000	90.706	118.9171
13600.000000	90.812	112.7977
13800.000000	91.035	105.5619
14000.000000	91.399	97.0426
14300.000000	92.299	80.8109
14500.000000	93.127	66.3097
14750.000000	94.090	42.3949
15000.000000	94.355	12.6398
15250.000000	93.496	-19.2302
15500.000000	91.709	-49.1531
15750.000000	89.534	-75.6564
16000.000000	87.421	-99.4208
16250.000000	85.604	-121.5545
16500.000000	84.074	-142.9408
16750.000000	82.750	-164.3047
17000.000000	81.567	173.6983
17250.000000	80.452	150.4539
17500.000000	79.321	125.4284
17750.000000	78.080	98.1948
18000.000000	76.636	68.4527
18250.000000	74.925	35.8795
18500.000000	72.906	-0.0253
18750.000000	70.529	-39.9214
19000.000000	67.714	-84.5863
19250.000000	64.372	-134.7285
19500.000000	60.449	167.8779
19750.000000	55.969	100.8618
20000.000000	51.932	21.9948
