* Measurement data measured by REW V5.31.3
* Source: USB-C to 3.5mm Headphone Jack Adapter, USB-C to 3.5mm Headphone Jack Adapter, 0, volume: 0.295
* Format: 256k Log Swept Sine, 4 sweeps at -12.0 dBFS with no timing reference
* Dated: Sep 2, 2025 10:43:26 PM
* REW Settings:
*  C-weighting compensation: Off
*  Target level: 75.0 dB
* Note: ; 
* Measurement: Sony XBA-N3 SDP R
* Smoothing: 1/24 octave
* Frequency Step: 1/48 octave
* Start Frequency: 20.300 Hz
*
* Freq(Hz)	SPL(dB)	Phase(degrees)
20.299999	102.134	-142.2798
20.600000	102.173	-143.0150
20.900000	102.217	-143.7691
21.200001	102.265	-144.4648
21.400000	102.300	-144.8957
21.799999	102.376	-145.7092
22.000000	102.414	-146.1085
22.400000	102.476	-146.9173
22.700001	102.504	-147.5269
23.000000	102.512	-148.1146
23.299999	102.505	-148.6554
23.600000	102.494	-149.1411
24.000000	102.494	-149.7433
24.299999	102.517	-150.2227
24.700001	102.580	-150.9917
25.000000	102.642	-151.6898
25.400000	102.729	-152.7377
25.799999	102.801	-153.8036
26.200001	102.854	-154.7660
26.500000	102.883	-155.3855
26.900000	102.913	-156.0926
27.200001	102.930	-156.5705
27.600000	102.949	-157.1925
28.000000	102.963	-157.8285
28.500000	102.974	-158.6387
29.000000	102.987	-159.4296
29.500000	103.009	-160.1892
30.000000	103.042	-160.9555
30.400000	103.070	-161.6089
30.700001	103.090	-162.1278
31.100000	103.109	-162.8346
31.500000	103.120	-163.5082
32.000000	103.128	-164.2330
32.500000	103.142	-164.8411
33.000000	103.158	-165.4442
33.500000	103.155	-166.1190
34.000000	103.129	-166.8192
34.500000	103.103	-167.4815
35.000000	103.112	-168.1649
35.500000	103.145	-168.9467
36.000000	103.156	-169.6554
36.500000	103.117	-169.8459
37.000000	103.073	-169.2155
37.500000	103.107	-168.0998
38.200001	103.305	-167.4093
38.700001	103.432	-168.2683
39.500000	103.416	-171.0532
40.000000	103.309	-172.6843
40.599998	103.202	-174.0647
41.200001	103.170	-175.0498
41.799999	103.171	-175.8568
42.500000	103.165	-176.4847
43.099998	103.157	-176.8395
43.700001	103.119	-177.3529
44.400002	102.972	-178.2130
45.000000	102.788	-178.7789
45.500000	102.685	-179.0113
46.200001	102.723	-179.4424
46.799999	102.855	179.7254
47.500000	102.958	178.6484
48.200001	102.967	178.1231
48.700001	102.956	177.9787
49.400002	102.934	177.5452
50.000000	102.891	176.8237
50.799999	102.815	175.8796
51.500000	102.783	175.3929
52.200001	102.787	175.0801
53.000000	102.787	174.7007
53.799999	102.765	174.2362
54.500000	102.742	173.7392
55.200001	102.718	173.1566
56.000000	102.681	172.4696
57.000000	102.618	171.8187
58.000000	102.579	171.3977
59.000000	102.564	170.8359
60.000000	102.532	170.1815
60.799999	102.501	169.7562
61.500000	102.477	169.4348
62.200001	102.453	169.1188
63.000000	102.425	168.7357
64.000000	102.390	168.1921
65.000000	102.350	167.5918
66.000000	102.304	166.9549
67.000000	102.253	166.3635
68.000000	102.205	165.9198
69.000000	102.157	165.5265
70.000000	102.104	165.0651
71.000000	102.058	164.5448
72.000000	102.021	164.0043
73.000000	101.967	163.5610
74.000000	101.905	163.2582
75.000000	101.855	162.9290
76.199997	101.798	162.4431
77.500000	101.730	161.9585
78.800003	101.662	161.4861
80.000000	101.603	161.0421
81.199997	101.544	160.6318
82.500000	101.479	160.2041
83.800003	101.414	159.7677
85.000000	101.356	159.3950
86.199997	101.298	159.0582
87.500000	101.233	158.6991
88.500000	101.183	158.4072
90.000000	101.119	157.9408
91.199997	101.065	157.5775
92.500000	100.986	157.2974
93.800003	100.911	157.0385
95.000000	100.856	156.7365
96.199997	100.798	156.4466
97.500000	100.730	156.1872
98.800003	100.667	155.9627
100.000000	100.612	155.7509
101.500000	100.539	155.3961
103.000000	100.465	155.0954
104.400002	100.395	154.8667
106.000000	100.305	154.4980
107.500000	100.227	154.1988
109.000000	100.162	153.9957
110.599998	100.087	153.8539
112.000000	100.005	153.7629
113.800003	99.907	153.5123
115.000000	99.847	153.2833
117.199997	99.727	153.0038
118.000000	99.696	152.9520
120.599998	99.664	153.0320
122.000000	99.631	152.9792
124.099998	99.550	152.6663
125.000000	99.512	152.5231
126.500000	99.444	152.3698
128.000000	99.380	152.2624
131.500000	99.237	151.8258
132.000000	99.217	151.7092
134.000000	99.151	150.7989
136.000000	99.115	149.2995
138.000000	99.025	149.6616
140.000000	98.886	150.5406
143.000000	98.729	151.0680
145.000000	98.677	151.5141
147.500000	98.673	151.5734
150.000000	98.607	151.3566
152.500000	98.546	151.0751
155.000000	98.467	150.9466
157.500000	98.391	150.8298
160.000000	98.305	150.6655
162.500000	98.209	150.5590
165.000000	98.111	150.3951
167.500000	98.016	150.2694
170.000000	97.929	150.1932
172.500000	97.845	150.0894
175.000000	97.750	150.1640
177.500000	97.661	150.3038
180.000000	97.581	150.3522
182.500000	97.503	150.3589
185.000000	97.416	150.3854
187.500000	97.331	150.4426
190.000000	97.247	150.5368
192.500000	97.163	150.6169
195.000000	97.083	150.7083
197.500000	97.012	150.8155
200.000000	96.951	150.9134
203.000000	96.868	151.0142
206.000000	96.787	151.1227
209.000000	96.709	151.2082
212.000000	96.629	151.2823
214.000000	96.573	151.3573
218.000000	96.466	151.5646
220.000000	96.414	151.7057
224.000000	96.301	151.8618
227.000000	96.229	151.9567
230.000000	96.169	152.1497
233.000000	96.104	152.3590
236.000000	96.033	152.5299
240.000000	95.942	152.7560
243.000000	95.874	152.8963
247.000000	95.773	153.1539
250.000000	95.708	153.4359
254.000000	95.631	153.7786
258.000000	95.553	154.1264
262.000000	95.465	154.3225
265.000000	95.402	154.4980
269.000000	95.338	155.0003
272.000000	95.303	155.1823
276.000000	95.254	155.4584
280.000000	95.195	155.7172
285.000000	95.106	156.0504
290.000000	95.023	156.3430
295.000000	94.945	156.8779
300.000000	94.860	157.3648
304.000000	94.801	157.6821
307.000000	94.767	157.8841
311.000000	94.728	158.0773
315.000000	94.683	158.3194
320.000000	94.605	158.6879
325.000000	94.528	158.9645
330.000000	94.457	159.2857
335.000000	94.391	159.6920
340.000000	94.326	160.0905
345.000000	94.263	160.4877
350.000000	94.205	160.8980
355.000000	94.147	161.3035
360.000000	94.090	161.6913
365.000000	94.035	162.0862
370.000000	93.981	162.4955
375.000000	93.930	162.9028
382.000000	93.860	163.4827
387.000000	93.812	163.8905
395.000000	93.739	164.5630
400.000000	93.695	164.9691
406.000000	93.644	165.4594
412.000000	93.597	165.9517
418.000000	93.552	166.4439
425.000000	93.501	167.0204
431.000000	93.456	167.5198
437.000000	93.416	168.0205
444.000000	93.374	168.5744
450.000000	93.341	169.0434
455.000000	93.310	169.4709
462.000000	93.266	170.0627
468.000000	93.234	170.5431
475.000000	93.198	171.0998
482.000000	93.160	171.6496
487.000000	93.134	172.0509
494.000000	93.101	172.6273
500.000000	93.074	173.1154
508.000000	93.045	173.7437
515.000000	93.020	174.3013
522.000000	92.996	174.8390
530.000000	92.970	175.4595
538.000000	92.946	176.0786
545.000000	92.927	176.5967
552.000000	92.909	177.1269
560.000000	92.887	177.7749
570.000000	92.864	178.5496
580.000000	92.844	179.3055
590.000000	92.827	-179.9435
600.000000	92.813	-179.1831
608.000000	92.804	-178.5763
615.000000	92.797	-178.0461
622.000000	92.791	-177.5184
630.000000	92.785	-176.9224
640.000000	92.780	-176.1897
650.000000	92.777	-175.4596
660.000000	92.778	-174.7281
670.000000	92.780	-173.9960
680.000000	92.784	-173.2677
690.000000	92.790	-172.5366
700.000000	92.799	-171.8039
710.000000	92.811	-171.0885
720.000000	92.825	-170.3751
730.000000	92.840	-169.6565
740.000000	92.859	-168.9334
750.000000	92.879	-168.2113
762.000000	92.907	-167.3784
775.000000	92.941	-166.4796
788.000000	92.978	-165.5799
800.000000	93.016	-164.7578
812.000000	93.054	-163.9362
825.000000	93.097	-163.0583
838.000000	93.147	-162.1968
850.000000	93.197	-161.4167
862.000000	93.250	-160.6521
875.000000	93.312	-159.8397
885.000000	93.364	-159.2282
900.000000	93.448	-158.3457
912.000000	93.520	-157.6683
925.000000	93.601	-156.9566
938.000000	93.686	-156.2764
950.000000	93.766	-155.6835
962.000000	93.851	-155.1345
975.000000	93.945	-154.5893
988.000000	94.039	-154.0921
1000.000000	94.124	-153.6730
1015.000000	94.225	-153.1964
1030.000000	94.320	-152.7297
1044.000000	94.406	-152.2676
1060.000000	94.509	-151.7002
1075.000000	94.618	-151.1680
1090.000000	94.739	-150.6908
1106.000000	94.875	-150.2809
1120.000000	94.996	-150.0107
1138.000000	95.148	-149.7534
1150.000000	95.247	-149.6311
1172.000000	95.423	-149.5025
1180.000000	95.485	-149.4791
1206.000000	95.679	-149.4821
1220.000000	95.778	-149.5251
1241.000000	95.921	-149.6358
1250.000000	95.982	-149.7003
1265.000000	96.085	-149.8315
1280.000000	96.186	-149.9884
1315.000000	96.413	-150.4485
1320.000000	96.443	-150.5251
1340.000000	96.562	-150.8570
1360.000000	96.675	-151.2267
1380.000000	96.784	-151.6391
1400.000000	96.886	-152.0967
1430.000000	97.029	-152.8812
1450.000000	97.117	-153.4765
1475.000000	97.216	-154.3198
1500.000000	97.300	-155.2833
1525.000000	97.365	-156.3724
1550.000000	97.404	-157.5917
1575.000000	97.411	-158.9458
1600.000000	97.377	-160.4335
1625.000000	97.286	-162.0260
1650.000000	97.128	-163.6754
1675.000000	96.889	-165.2910
1700.000000	96.554	-166.7074
1725.000000	96.117	-167.6833
1750.000000	95.586	-167.9017
1775.000000	94.994	-167.0130
1800.000000	94.408	-164.7444
1825.000000	93.922	-161.0817
1850.000000	93.628	-156.3959
1875.000000	93.571	-151.3800
1900.000000	93.734	-146.7467
1925.000000	94.049	-142.9357
1950.000000	94.446	-140.0733
1975.000000	94.870	-138.0726
2000.000000	95.285	-136.7699
2030.000000	95.748	-135.8896
2060.000000	96.162	-135.5292
2090.000000	96.525	-135.5027
2120.000000	96.843	-135.6711
2140.000000	97.033	-135.8438
2180.000000	97.377	-136.2512
2200.000000	97.538	-136.4716
2240.000000	97.855	-136.9993
2270.000000	98.087	-137.5567
2300.000000	98.302	-138.2979
2330.000000	98.493	-139.1897
2360.000000	98.655	-140.1790
2400.000000	98.826	-141.5739
2430.000000	98.924	-142.6315
2470.000000	99.017	-144.0228
2500.000000	99.063	-145.0312
2540.000000	99.097	-146.3116
2580.000000	99.104	-147.5147
2620.000000	99.084	-148.6239
2650.000000	99.052	-149.3857
2690.000000	98.990	-150.2913
2720.000000	98.931	-150.8765
2760.000000	98.837	-151.5210
2800.000000	98.730	-152.0018
2850.000000	98.584	-152.3671
2900.000000	98.430	-152.4512
2950.000000	98.275	-152.2336
3000.000000	98.133	-151.6979
3040.000000	98.036	-151.0488
3070.000000	97.979	-150.4567
3110.000000	97.928	-149.5544
3150.000000	97.908	-148.5625
3200.000000	97.931	-147.2849
3250.000000	98.006	-146.0571
3300.000000	98.126	-144.9661
3350.000000	98.282	-144.0770
3400.000000	98.462	-143.4200
3450.000000	98.660	-143.0058
3500.000000	98.868	-142.8389
3550.000000	99.081	-142.9223
3600.000000	99.296	-143.2615
3650.000000	99.508	-143.8793
3700.000000	99.709	-144.8006
3750.000000	99.889	-146.0425
3820.000000	100.080	-148.3421
3870.000000	100.148	-150.3402
3950.000000	100.086	-153.8710
4000.000000	99.922	-156.0256
4060.000000	99.599	-158.1901
4120.000000	99.172	-159.5614
4180.000000	98.699	-159.9157
4250.000000	98.179	-159.0345
4310.000000	97.821	-157.4119
4370.000000	97.576	-155.3270
4440.000000	97.435	-152.7318
4500.000000	97.422	-150.6453
4550.000000	97.470	-149.1239
4620.000000	97.601	-147.4169
4680.000000	97.748	-146.3690
4750.000000	97.940	-145.6244
4820.000000	98.129	-145.3524
4870.000000	98.254	-145.4124
4940.000000	98.405	-145.7993
5000.000000	98.506	-146.3557
5080.000000	98.590	-147.3108
5150.000000	98.614	-148.2474
5220.000000	98.594	-149.1883
5300.000000	98.522	-150.1815
5380.000000	98.406	-151.0120
5450.000000	98.277	-151.5554
5520.000000	98.131	-151.9029
5600.000000	97.951	-152.0480
5700.000000	97.726	-151.8520
5800.000000	97.517	-151.2660
5900.000000	97.336	-150.3380
6000.000000	97.197	-149.1273
6080.000000	97.121	-147.9935
6150.000000	97.085	-146.9104
6220.000000	97.083	-145.7634
6300.000000	97.133	-144.4067
6400.000000	97.285	-142.7111
6500.000000	97.527	-141.0974
6600.000000	97.852	-139.6697
6700.000000	98.262	-138.5445
6800.000000	98.754	-137.8551
6900.000000	99.325	-137.7594
7000.000000	99.965	-138.4400
7100.000000	100.652	-140.1001
7200.000000	101.351	-142.9447
7300.000000	102.003	-147.1209
7400.000000	102.531	-152.6037
7500.000000	102.859	-159.1007
7620.000000	102.917	-167.4412
7750.000000	102.577	-175.8988
7880.000000	101.937	177.3199
8000.000000	101.213	172.8912
8120.000000	100.461	170.0541
8250.000000	99.722	168.3171
8380.000000	99.134	167.4221
8500.000000	98.744	166.8897
8620.000000	98.496	166.2659
8750.000000	98.364	165.1190
8850.000000	98.336	163.6873
9000.000000	98.348	160.3593
9120.000000	98.336	156.5919
9250.000000	98.220	151.5369
9380.000000	97.931	145.8862
9500.000000	97.489	140.6610
9620.000000	96.897	135.9005
9750.000000	96.141	131.6336
9880.000000	95.341	128.4397
10000.000000	94.626	126.3868
10150.000000	93.832	124.7823
10300.000000	93.194	123.8709
10440.000000	92.762	123.2798
10600.000000	92.480	122.4884
10750.000000	92.422	121.2202
10900.000000	92.558	119.0048
11060.000000	92.891	115.0468
11200.000000	93.285	109.7621
11380.000000	93.782	99.9578
11500.000000	93.983	91.5516
11720.000000	93.793	73.5364
11800.000000	93.507	66.7368
12060.000000	91.902	46.5239
12200.000000	90.793	37.6578
12410.000000	89.115	27.0610
12500.000000	88.451	23.3157
12650.000000	87.462	17.8271
12800.000000	86.632	12.9891
13150.000000	85.284	2.7934
13200.000000	85.154	1.3643
13400.000000	84.772	-4.4775
13600.000000	84.594	-10.7201
13800.000000	84.598	-17.5584
14000.000000	84.760	-25.1618
14300.000000	85.273	-38.3248
14500.000000	85.794	-48.6044
14750.000000	86.625	-63.7448
15000.000000	87.591	-82.0629
15250.000000	88.562	-104.0388
15500.000000	89.382	-129.6923
15750.000000	89.943	-158.4420
16000.000000	90.298	170.4802
16250.000000	90.601	137.3621
16500.000000	90.840	101.8481
16750.000000	90.826	63.5702
17000.000000	90.268	23.1572
17250.000000	89.001	-17.6420
17500.000000	87.130	-57.1749
17750.000000	84.928	-94.9993
18000.000000	82.630	-131.8502
18250.000000	80.349	-168.9362
18500.000000	78.072	152.5012
18750.000000	75.730	111.2380
19000.000000	73.228	66.1976
19250.000000	70.446	16.3998
19500.000000	67.270	-39.1685
19750.000000	63.681	-102.3926
20000.000000	60.606	-168.7688
