* Measurement data measured by REW V5.31.3
* Source: USB-C to 3.5mm Headphone Jack Adapter, USB-C to 3.5mm Headphone Jack Adapter, 0, volume: 0.295
* Format: 256k Log Swept Sine, 4 sweeps at -12.0 dBFS with no timing reference
* Dated: Sep 27, 2025 8:50:40 PM
* REW Settings:
*  C-weighting compensation: Off
*  Target level: 75.0 dB
* Note: ; 
* Measurement: Symphonium Helios Epro L
* Smoothing: 1/24 octave
* Frequency Step: 1/48 octave
* Start Frequency: 20.300 Hz
*
* Freq(Hz)	SPL(dB)	Phase(degrees)
20.299999	101.372	-170.3409
20.600000	101.380	-171.1567
20.900000	101.386	-172.0452
21.200001	101.388	-172.9280
21.400000	101.388	-173.5014
21.799999	101.386	-174.5898
22.000000	101.385	-175.0991
22.400000	101.383	-176.0523
22.700001	101.382	-176.7284
23.000000	101.381	-177.3944
23.299999	101.378	-178.0679
23.600000	101.371	-178.7569
24.000000	101.356	-179.6941
24.299999	101.342	179.6021
24.700001	101.324	178.6803
25.000000	101.314	178.0052
25.400000	101.305	177.1221
25.799999	101.297	176.2520
26.200001	101.284	175.3971
26.500000	101.269	174.7715
26.900000	101.241	173.9625
27.200001	101.216	173.3711
27.600000	101.181	172.5910
28.000000	101.148	171.8101
28.500000	101.111	170.8397
29.000000	101.081	169.9064
29.500000	101.059	169.0242
30.000000	101.042	168.1662
30.400000	101.024	167.4746
30.700001	101.004	166.9524
31.100000	100.967	166.2651
31.500000	100.922	165.6056
32.000000	100.865	164.8280
32.500000	100.814	164.0782
33.000000	100.772	163.3258
33.500000	100.734	162.5649
34.000000	100.696	161.8044
34.500000	100.657	161.0502
35.000000	100.613	160.3137
35.500000	100.563	159.6249
36.000000	100.511	159.0076
36.500000	100.463	158.4376
37.000000	100.422	157.8524
37.500000	100.380	157.2113
38.200001	100.313	156.2645
38.700001	100.264	155.6113
39.500000	100.190	154.6257
40.000000	100.142	154.0445
40.599998	100.078	153.3907
41.200001	100.017	152.7213
41.799999	99.959	151.9318
42.500000	99.877	150.9206
43.099998	99.797	150.2057
43.700001	99.732	149.7216
44.400002	99.685	149.2585
45.000000	99.645	148.7834
45.500000	99.600	148.3368
46.200001	99.524	147.7092
46.799999	99.463	147.1704
47.500000	99.400	146.4800
48.200001	99.332	145.7094
48.700001	99.274	145.1638
49.400002	99.186	144.5185
50.000000	99.121	144.1042
50.799999	99.058	143.6183
51.500000	99.004	143.1663
52.200001	98.941	142.7237
53.000000	98.872	142.1988
53.799999	98.802	141.5782
54.500000	98.730	141.0541
55.200001	98.662	140.6214
56.000000	98.595	140.1221
57.000000	98.506	139.3970
58.000000	98.409	138.6813
59.000000	98.307	138.0416
60.000000	98.208	137.6102
60.799999	98.142	137.2552
61.500000	98.075	136.8199
62.200001	98.001	136.3182
63.000000	97.924	135.6700
64.000000	97.829	134.8306
65.000000	97.728	134.3864
66.000000	97.654	134.1793
67.000000	97.572	133.8365
68.000000	97.483	133.4247
69.000000	97.394	132.9303
70.000000	97.299	132.4523
71.000000	97.218	132.0123
72.000000	97.142	131.6077
73.000000	97.058	131.3438
74.000000	96.973	131.0007
75.000000	96.880	130.3532
76.199997	96.770	129.6793
77.500000	96.673	129.5437
78.800003	96.560	129.3131
80.000000	96.462	128.8088
81.199997	96.401	128.6224
82.500000	96.283	128.3907
83.800003	96.198	128.0892
85.000000	96.328	128.2468
86.199997	96.394	127.8753
87.500000	96.130	126.7937
88.500000	95.917	126.0392
90.000000	95.741	125.4109
91.199997	95.594	125.2559
92.500000	95.461	124.6866
93.800003	95.361	124.1198
95.000000	95.291	124.1207
96.199997	95.244	124.1565
97.500000	95.236	124.2674
98.800003	95.264	124.3904
100.000000	95.243	124.2859
101.500000	95.126	123.9662
103.000000	95.013	123.3925
104.400002	94.963	122.8149
106.000000	94.934	122.7495
107.500000	94.861	122.3135
109.000000	94.725	121.7632
110.599998	94.574	121.9122
112.000000	94.442	121.7222
113.800003	94.251	120.9759
115.000000	94.208	120.8445
117.199997	94.193	120.6187
118.000000	94.158	120.4570
120.599998	94.034	119.8653
122.000000	93.968	119.6616
124.099998	93.882	119.3900
125.000000	93.844	119.3127
126.500000	93.775	119.1550
128.000000	93.702	118.9153
131.500000	93.542	118.6050
132.000000	93.519	118.5833
134.000000	93.432	118.4038
136.000000	93.348	118.1405
138.000000	93.270	117.9570
140.000000	93.210	117.8066
143.000000	93.104	117.6499
145.000000	93.035	117.4950
147.500000	92.952	117.2239
150.000000	92.861	116.8795
152.500000	92.771	116.8253
155.000000	92.697	116.8647
157.500000	92.627	116.8306
160.000000	92.570	116.7932
162.500000	92.522	116.6684
165.000000	92.468	116.4623
167.500000	92.402	116.2162
170.000000	92.336	116.0290
172.500000	92.271	115.9072
175.000000	92.203	115.7651
177.500000	92.137	115.5818
180.000000	92.074	115.4290
182.500000	92.015	115.2978
185.000000	91.964	115.2340
187.500000	91.915	115.2055
190.000000	91.860	115.0519
192.500000	91.806	114.9151
195.000000	91.754	114.8617
197.500000	91.709	114.8233
200.000000	91.674	114.7943
203.000000	91.631	114.5764
206.000000	91.588	114.4532
209.000000	91.564	114.4503
212.000000	91.540	114.3781
214.000000	91.517	114.2842
218.000000	91.475	114.1133
220.000000	91.458	114.0370
224.000000	91.420	113.8969
227.000000	91.396	113.7842
230.000000	91.375	113.6684
233.000000	91.356	113.5732
236.000000	91.340	113.4951
240.000000	91.319	113.4142
243.000000	91.310	113.3795
247.000000	91.306	113.2366
250.000000	91.309	113.0551
254.000000	91.299	112.8523
258.000000	91.298	112.7120
262.000000	91.295	112.5068
265.000000	91.283	112.3352
269.000000	91.274	112.1364
272.000000	91.279	112.0130
276.000000	91.286	111.8721
280.000000	91.293	111.6611
285.000000	91.305	111.3939
290.000000	91.319	111.1591
295.000000	91.335	110.9265
300.000000	91.352	110.6863
304.000000	91.369	110.4805
307.000000	91.382	110.3282
311.000000	91.400	110.1241
315.000000	91.421	109.9081
320.000000	91.454	109.6372
325.000000	91.489	109.3506
330.000000	91.525	109.0380
335.000000	91.563	108.7344
340.000000	91.600	108.4238
345.000000	91.634	108.0862
350.000000	91.670	107.7414
355.000000	91.715	107.4346
360.000000	91.763	107.1147
365.000000	91.811	106.7764
370.000000	91.856	106.4224
375.000000	91.900	106.0486
382.000000	91.964	105.5320
387.000000	92.012	105.1641
395.000000	92.089	104.5575
400.000000	92.137	104.1721
406.000000	92.196	103.7108
412.000000	92.256	103.2420
418.000000	92.319	102.7561
425.000000	92.393	102.1635
431.000000	92.453	101.6453
437.000000	92.513	101.1283
444.000000	92.584	100.5184
450.000000	92.646	99.9881
455.000000	92.697	99.5588
462.000000	92.771	98.9380
468.000000	92.836	98.3806
475.000000	92.910	97.7043
482.000000	92.980	97.0041
487.000000	93.028	96.4935
494.000000	93.093	95.7729
500.000000	93.145	95.1537
508.000000	93.212	94.3205
515.000000	93.268	93.5934
522.000000	93.322	92.8674
530.000000	93.380	92.0459
538.000000	93.436	91.2372
545.000000	93.484	90.5407
552.000000	93.527	89.8404
560.000000	93.572	89.0316
570.000000	93.625	88.0468
580.000000	93.674	87.0775
590.000000	93.720	86.1245
600.000000	93.762	85.1905
608.000000	93.792	84.4592
615.000000	93.817	83.8271
622.000000	93.839	83.2060
630.000000	93.863	82.5109
640.000000	93.889	81.6618
650.000000	93.913	80.8451
660.000000	93.933	80.0618
670.000000	93.949	79.3058
680.000000	93.964	78.5778
690.000000	93.976	77.8804
700.000000	93.987	77.2148
710.000000	93.996	76.5836
720.000000	94.003	75.9833
730.000000	94.010	75.4189
740.000000	94.016	74.9025
750.000000	94.021	74.4201
762.000000	94.027	73.8236
775.000000	94.033	73.2523
788.000000	94.040	72.7450
800.000000	94.046	72.3206
812.000000	94.051	71.9356
825.000000	94.056	71.5599
838.000000	94.064	71.2307
850.000000	94.074	70.9584
862.000000	94.088	70.7215
875.000000	94.107	70.4967
885.000000	94.125	70.3409
900.000000	94.157	70.1345
912.000000	94.187	69.9933
925.000000	94.224	69.8553
938.000000	94.265	69.7249
950.000000	94.309	69.6136
962.000000	94.358	69.5187
975.000000	94.415	69.4153
988.000000	94.477	69.3055
1000.000000	94.537	69.1965
1015.000000	94.615	69.0474
1030.000000	94.698	68.8855
1044.000000	94.778	68.7196
1060.000000	94.873	68.5029
1075.000000	94.966	68.2744
1090.000000	95.059	68.0267
1106.000000	95.160	67.7379
1120.000000	95.247	67.4643
1138.000000	95.359	67.0839
1150.000000	95.433	66.8167
1172.000000	95.570	66.3062
1180.000000	95.619	66.1106
1206.000000	95.774	65.4456
1220.000000	95.855	65.0735
1241.000000	95.975	64.5054
1250.000000	96.026	64.2589
1265.000000	96.113	63.8429
1280.000000	96.200	63.4262
1315.000000	96.398	62.4641
1320.000000	96.425	62.3281
1340.000000	96.533	61.7915
1360.000000	96.637	61.2614
1380.000000	96.740	60.7396
1400.000000	96.840	60.2304
1430.000000	96.988	59.4894
1450.000000	97.085	59.0089
1475.000000	97.205	58.4202
1500.000000	97.325	57.8464
1525.000000	97.445	57.2858
1550.000000	97.565	56.7371
1575.000000	97.685	56.1947
1600.000000	97.803	55.6532
1625.000000	97.918	55.1161
1650.000000	98.033	54.5771
1675.000000	98.148	54.0304
1700.000000	98.263	53.4783
1725.000000	98.380	52.9188
1750.000000	98.498	52.3477
1775.000000	98.616	51.7628
1800.000000	98.735	51.1611
1825.000000	98.854	50.5398
1850.000000	98.973	49.8969
1875.000000	99.091	49.2310
1900.000000	99.209	48.5435
1925.000000	99.326	47.8345
1950.000000	99.441	47.1002
1975.000000	99.554	46.3413
2000.000000	99.667	45.5618
2030.000000	99.803	44.6010
2060.000000	99.939	43.6019
2090.000000	100.074	42.5424
2120.000000	100.204	41.4111
2140.000000	100.285	40.6194
2180.000000	100.435	38.9662
2200.000000	100.503	38.1138
2240.000000	100.625	36.3713
2270.000000	100.704	35.0342
2300.000000	100.772	33.6768
2330.000000	100.829	32.3044
2360.000000	100.873	30.9231
2400.000000	100.914	29.0795
2430.000000	100.931	27.7029
2470.000000	100.935	25.8898
2500.000000	100.926	24.5554
2540.000000	100.899	22.8196
2580.000000	100.854	21.1461
2620.000000	100.793	19.5489
2650.000000	100.737	18.4098
2690.000000	100.653	16.9758
2720.000000	100.582	15.9671
2760.000000	100.481	14.7141
2800.000000	100.373	13.5683
2850.000000	100.232	12.2886
2900.000000	100.089	11.1680
2950.000000	99.948	10.2014
3000.000000	99.811	9.3751
3040.000000	99.706	8.8026
3070.000000	99.631	8.4159
3110.000000	99.536	7.9487
3150.000000	99.446	7.5299
3200.000000	99.341	7.0630
3250.000000	99.241	6.6577
3300.000000	99.145	6.3251
3350.000000	99.056	6.0796
3400.000000	98.976	5.9268
3450.000000	98.910	5.8585
3500.000000	98.862	5.8528
3550.000000	98.832	5.8802
3600.000000	98.822	5.9131
3650.000000	98.831	5.9258
3700.000000	98.858	5.8953
3750.000000	98.901	5.7994
3820.000000	98.986	5.5195
3870.000000	99.059	5.1933
3950.000000	99.192	4.4042
4000.000000	99.277	3.7238
4060.000000	99.371	2.6976
4120.000000	99.449	1.4354
4180.000000	99.505	-0.0530
4250.000000	99.524	-2.0347
4310.000000	99.490	-3.8799
4370.000000	99.399	-5.7654
4440.000000	99.216	-7.8513
4500.000000	98.997	-9.3741
4550.000000	98.779	-10.3431
4620.000000	98.449	-11.0935
4680.000000	98.178	-11.1049
4750.000000	97.935	-10.4558
4820.000000	97.825	-9.4309
4870.000000	97.842	-8.8011
4940.000000	97.976	-8.5718
5000.000000	98.129	-9.2878
5080.000000	98.263	-11.5534
5150.000000	98.222	-14.3210
5220.000000	98.004	-17.2100
5300.000000	97.569	-20.0314
5380.000000	97.002	-21.9664
5450.000000	96.456	-22.8611
5520.000000	95.901	-23.0692
5600.000000	95.287	-22.5969
5700.000000	94.577	-21.1790
5800.000000	93.945	-19.0944
5900.000000	93.393	-16.5632
6000.000000	92.916	-13.7573
6080.000000	92.583	-11.4047
6150.000000	92.324	-9.3152
6220.000000	92.091	-7.2329
6300.000000	91.861	-4.8893
6400.000000	91.618	-2.0347
6500.000000	91.393	0.7670
6600.000000	91.161	3.6484
6700.000000	90.924	6.8394
6800.000000	90.714	10.5273
6900.000000	90.585	14.6607
7000.000000	90.564	18.8820
7100.000000	90.610	22.9515
7200.000000	90.730	27.3898
7300.000000	91.034	31.9155
7400.000000	91.490	35.7288
7500.000000	92.061	38.8337
7620.000000	92.875	41.3343
7750.000000	93.864	42.3566
7880.000000	94.911	41.4336
8000.000000	95.843	38.6102
8120.000000	96.630	33.7875
8250.000000	97.213	26.6239
8380.000000	97.425	18.3553
8500.000000	97.282	10.8537
8620.000000	96.896	4.3494
8750.000000	96.355	-1.1964
8850.000000	95.943	-4.5703
9000.000000	95.409	-8.9984
9120.000000	95.015	-12.6298
9250.000000	94.518	-16.7908
9380.000000	93.863	-20.7156
9500.000000	93.113	-23.4086
9620.000000	92.300	-24.7468
9750.000000	91.457	-24.7205
9880.000000	90.724	-23.5991
10000.000000	90.162	-22.0043
10150.000000	89.600	-19.6359
10300.000000	89.166	-17.1253
10440.000000	88.853	-14.8845
10600.000000	88.565	-12.6632
10750.000000	88.315	-11.0161
10900.000000	88.030	-9.7526
11060.000000	87.642	-8.3242
11200.000000	87.292	-6.4503
11380.000000	86.975	-3.9961
11500.000000	86.799	-2.9626
11720.000000	86.390	-1.9336
11800.000000	86.210	-1.6766
12060.000000	85.542	-1.0232
12200.000000	85.150	-0.7961
12410.000000	84.552	-0.7269
12500.000000	84.302	-0.8436
12650.000000	83.904	-1.3046
12800.000000	83.532	-2.1880
13150.000000	82.776	-6.4968
13200.000000	82.685	-7.4230
13400.000000	82.391	-12.0173
13600.000000	82.248	-18.1624
13800.000000	82.347	-26.0400
14000.000000	82.771	-35.9498
14300.000000	84.001	-55.7202
14500.000000	84.892	-72.7592
14750.000000	85.316	-96.9250
15000.000000	84.433	-117.9974
15250.000000	83.085	-127.7036
15500.000000	83.406	-130.0559
15750.000000	84.927	-139.3288
16000.000000	85.886	-155.5375
16250.000000	85.986	-172.4417
16500.000000	85.677	173.6841
16750.000000	85.700	162.6762
17000.000000	86.573	150.2755
17250.000000	87.908	131.3521
17500.000000	88.872	104.7383
17750.000000	89.022	72.3929
18000.000000	88.357	36.1715
18250.000000	87.050	-3.5461
18500.000000	85.287	-47.7206
18750.000000	83.276	-98.6165
19000.000000	81.256	-159.5454
19250.000000	79.383	126.7086
19500.000000	77.597	41.5986
19750.000000	75.703	-51.3492
20000.000000	74.166	-136.5283
