* Measurement data measured by REW V5.31.3
* Source: USB-C to 3.5mm Headphone Jack Adapter, no input selected, 0, volume: no control
* Format: 256k Log Swept Sine, 4 sweeps at -12.0 dBFS with no timing reference
* Dated: Mar 3, 2026 12:25:13 AM
* REW Settings:
*  C-weighting compensation: Off
*  Target level: 75.0 dB
* Note: ; 
* Measurement: Symphonium Meteor XWB R
* Smoothing: 1/24 octave
* Frequency Step: 1/48 octave
* Start Frequency: 20.300 Hz
*
* Freq(Hz)	SPL(dB)	Phase(degrees)
20.299999	102.631	-173.6649
20.600000	102.639	-174.1596
20.900000	102.645	-174.6934
21.200001	102.649	-175.2334
21.400000	102.651	-175.5979
21.799999	102.658	-176.3383
22.000000	102.662	-176.7122
22.400000	102.671	-177.4581
22.700001	102.678	-178.0080
23.000000	102.687	-178.5444
23.299999	102.694	-179.0647
23.600000	102.701	-179.5683
24.000000	102.708	179.7816
24.299999	102.711	179.3032
24.700001	102.714	178.6630
25.000000	102.715	178.1717
25.400000	102.713	177.4971
25.799999	102.709	176.8126
26.200001	102.706	176.1455
26.500000	102.707	175.6711
26.900000	102.717	175.0745
27.200001	102.733	174.6400
27.600000	102.760	174.0471
28.000000	102.787	173.4169
28.500000	102.802	172.5961
29.000000	102.789	171.8176
29.500000	102.760	171.1449
30.000000	102.735	170.5469
30.400000	102.726	170.0601
30.700001	102.723	169.6662
31.100000	102.721	169.1041
31.500000	102.718	168.5261
32.000000	102.712	167.8246
32.500000	102.709	167.1498
33.000000	102.710	166.4645
33.500000	102.708	165.7531
34.000000	102.701	165.0516
34.500000	102.690	164.4048
35.000000	102.680	163.8158
35.500000	102.668	163.2554
36.000000	102.649	162.7079
36.500000	102.621	162.1817
37.000000	102.596	161.6700
37.500000	102.584	161.1262
38.200001	102.588	160.2290
38.700001	102.593	159.5235
39.500000	102.587	158.4801
40.000000	102.578	157.9261
40.599998	102.567	157.2960
41.200001	102.551	156.6369
41.799999	102.531	155.9521
42.500000	102.512	155.1639
43.099998	102.500	154.5054
43.700001	102.487	153.8634
44.400002	102.464	153.1384
45.000000	102.446	152.5068
45.500000	102.432	151.9526
46.200001	102.413	151.1797
46.799999	102.397	150.5858
47.500000	102.380	149.9371
48.200001	102.343	149.2401
48.700001	102.299	148.7430
49.400002	102.240	148.1241
50.000000	102.224	147.6005
50.799999	102.238	146.7397
51.500000	102.237	145.9375
52.200001	102.211	145.2598
53.000000	102.175	144.5743
53.799999	102.147	143.8497
54.500000	102.128	143.1748
55.200001	102.093	142.5537
56.000000	102.028	142.0955
57.000000	101.989	141.5846
58.000000	101.981	140.3903
59.000000	101.932	139.1349
60.000000	101.901	138.2658
60.799999	101.880	137.5874
61.500000	101.853	136.9853
62.200001	101.824	136.3713
63.000000	101.788	135.6517
64.000000	101.746	134.7915
65.000000	101.714	133.9010
66.000000	101.665	133.0828
67.000000	101.613	132.3328
68.000000	101.551	131.4591
69.000000	101.506	130.6767
70.000000	101.503	129.9612
71.000000	101.482	129.2111
72.000000	101.420	128.4867
73.000000	101.356	127.6853
74.000000	101.303	126.8447
75.000000	101.263	126.0794
76.199997	101.216	125.2372
77.500000	101.157	124.3449
78.800003	101.088	123.4086
80.000000	101.027	122.5867
81.199997	100.975	121.7580
82.500000	100.912	120.8240
83.800003	100.847	119.9251
85.000000	100.793	119.1245
86.199997	100.735	118.3289
87.500000	100.666	117.5037
88.500000	100.611	116.8560
90.000000	100.523	115.8647
91.199997	100.453	115.0680
92.500000	100.385	114.2650
93.800003	100.326	113.5283
95.000000	100.266	112.8726
96.199997	100.206	112.2317
97.500000	100.147	111.5428
98.800003	100.066	110.8392
100.000000	99.995	110.2468
101.500000	99.955	109.5105
103.000000	99.890	108.7870
104.400002	99.795	107.9234
106.000000	99.715	107.2391
107.500000	99.679	106.8669
109.000000	99.625	105.9832
110.599998	99.548	104.9899
112.000000	99.489	103.9753
113.800003	99.438	102.5958
115.000000	99.375	102.1774
117.199997	99.217	101.7682
118.000000	99.170	101.4652
120.599998	99.062	100.3642
122.000000	99.010	99.6734
124.099998	98.928	98.6851
125.000000	98.893	98.2699
126.500000	98.835	97.5778
128.000000	98.771	96.9091
131.500000	98.604	95.4314
132.000000	98.580	95.2306
134.000000	98.481	94.4430
136.000000	98.377	93.6941
138.000000	98.280	92.9721
140.000000	98.194	92.2064
143.000000	98.050	91.2828
145.000000	97.959	90.4796
147.500000	97.860	89.5766
150.000000	97.765	88.7511
152.500000	97.641	88.0358
155.000000	97.523	87.3314
157.500000	97.414	86.6378
160.000000	97.309	85.9874
162.500000	97.210	85.3436
165.000000	97.113	84.7144
167.500000	97.017	84.1120
170.000000	96.921	83.5403
172.500000	96.830	82.9768
175.000000	96.743	82.4056
177.500000	96.654	81.8560
180.000000	96.564	81.3129
182.500000	96.476	80.7902
185.000000	96.390	80.2962
187.500000	96.305	79.8227
190.000000	96.221	79.3690
192.500000	96.137	78.9320
195.000000	96.057	78.5139
197.500000	95.977	78.1179
200.000000	95.900	77.7336
203.000000	95.807	77.2984
206.000000	95.718	76.8878
209.000000	95.632	76.4916
212.000000	95.548	76.1145
214.000000	95.493	75.8713
218.000000	95.384	75.4162
220.000000	95.332	75.2029
224.000000	95.231	74.7966
227.000000	95.157	74.5088
230.000000	95.085	74.2357
233.000000	95.016	73.9729
236.000000	94.949	73.7242
240.000000	94.861	73.4240
243.000000	94.799	73.2204
247.000000	94.725	72.9933
250.000000	94.670	72.8411
254.000000	94.587	72.5887
258.000000	94.510	72.3691
262.000000	94.439	72.1865
265.000000	94.389	72.0753
269.000000	94.326	71.9349
272.000000	94.284	71.8247
276.000000	94.229	71.7051
280.000000	94.175	71.6405
285.000000	94.117	71.5826
290.000000	94.067	71.5296
295.000000	94.017	71.4502
300.000000	93.965	71.3964
304.000000	93.929	71.3383
307.000000	93.906	71.2947
311.000000	93.880	71.2612
315.000000	93.856	71.2682
320.000000	93.833	71.2715
325.000000	93.821	71.2996
330.000000	93.810	71.2900
335.000000	93.798	71.1829
340.000000	93.783	71.0265
345.000000	93.766	70.9025
350.000000	93.749	70.8018
355.000000	93.728	70.7100
360.000000	93.706	70.6139
365.000000	93.684	70.5302
370.000000	93.662	70.4713
375.000000	93.641	70.4326
382.000000	93.612	70.4010
387.000000	93.593	70.3924
395.000000	93.565	70.4023
400.000000	93.548	70.4201
406.000000	93.530	70.4447
412.000000	93.513	70.4768
418.000000	93.497	70.5194
425.000000	93.480	70.5826
431.000000	93.466	70.6449
437.000000	93.452	70.7135
444.000000	93.436	70.7986
450.000000	93.422	70.8782
455.000000	93.414	70.9488
462.000000	93.403	71.0553
468.000000	93.393	71.1557
475.000000	93.381	71.2815
482.000000	93.369	71.4160
487.000000	93.361	71.5189
494.000000	93.349	71.6725
500.000000	93.338	71.8099
508.000000	93.326	71.9928
515.000000	93.314	72.1649
522.000000	93.303	72.3472
530.000000	93.290	72.5702
538.000000	93.278	72.8040
545.000000	93.269	73.0128
552.000000	93.259	73.2339
560.000000	93.242	73.5083
570.000000	93.223	73.8619
580.000000	93.207	74.2310
590.000000	93.189	74.6255
600.000000	93.172	75.0438
608.000000	93.158	75.3890
615.000000	93.146	75.7008
622.000000	93.134	76.0219
630.000000	93.120	76.3996
640.000000	93.102	76.8912
650.000000	93.084	77.4068
660.000000	93.069	77.9392
670.000000	93.054	78.4906
680.000000	93.039	79.0648
690.000000	93.024	79.6625
700.000000	93.011	80.2797
710.000000	92.999	80.9096
720.000000	92.989	81.5628
730.000000	92.980	82.2339
740.000000	92.973	82.9159
750.000000	92.967	83.6148
762.000000	92.960	84.4922
775.000000	92.957	85.4681
788.000000	92.957	86.4639
800.000000	92.961	87.4030
812.000000	92.968	88.3553
825.000000	92.979	89.4083
838.000000	92.996	90.4847
850.000000	93.015	91.4884
862.000000	93.039	92.4991
875.000000	93.070	93.6006
885.000000	93.096	94.4529
900.000000	93.142	95.7340
912.000000	93.183	96.7545
925.000000	93.233	97.8528
938.000000	93.287	98.9426
950.000000	93.341	99.9382
962.000000	93.400	100.9235
975.000000	93.467	101.9738
988.000000	93.537	103.0014
1000.000000	93.604	103.9291
1015.000000	93.692	105.0566
1030.000000	93.784	106.1479
1044.000000	93.870	107.1354
1060.000000	93.970	108.2244
1075.000000	94.063	109.2041
1090.000000	94.157	110.1498
1106.000000	94.255	111.1212
1120.000000	94.340	111.9416
1138.000000	94.446	112.9640
1150.000000	94.515	113.6253
1172.000000	94.635	114.8001
1180.000000	94.677	115.2198
1206.000000	94.809	116.5608
1220.000000	94.877	117.2717
1241.000000	94.973	118.3354
1250.000000	95.013	118.7872
1265.000000	95.076	119.5313
1280.000000	95.137	120.2757
1315.000000	95.270	122.0311
1320.000000	95.289	122.2845
1340.000000	95.360	123.3049
1360.000000	95.429	124.3365
1380.000000	95.496	125.3770
1400.000000	95.562	126.4311
1430.000000	95.659	128.0341
1450.000000	95.723	129.1162
1475.000000	95.804	130.4880
1500.000000	95.887	131.8771
1525.000000	95.972	133.2831
1550.000000	96.061	134.7042
1575.000000	96.155	136.1312
1600.000000	96.257	137.5478
1625.000000	96.365	138.9287
1650.000000	96.477	140.2630
1675.000000	96.589	141.5562
1700.000000	96.703	142.8103
1725.000000	96.816	144.0386
1750.000000	96.931	145.2406
1775.000000	97.047	146.4089
1800.000000	97.164	147.5413
1825.000000	97.283	148.6341
1850.000000	97.403	149.6820
1875.000000	97.523	150.6795
1900.000000	97.644	151.6254
1925.000000	97.763	152.5172
1950.000000	97.882	153.3518
1975.000000	97.998	154.1235
2000.000000	98.112	154.8310
2030.000000	98.243	155.5987
2060.000000	98.367	156.2762
2090.000000	98.482	156.8608
2120.000000	98.587	157.3523
2140.000000	98.650	157.6306
2180.000000	98.758	158.0715
2200.000000	98.801	158.2360
2240.000000	98.862	158.4679
2270.000000	98.882	158.5769
2300.000000	98.881	158.6549
2330.000000	98.857	158.7230
2360.000000	98.812	158.7987
2400.000000	98.718	158.9402
2430.000000	98.624	159.0948
2470.000000	98.471	159.3942
2500.000000	98.338	159.7015
2540.000000	98.137	160.2378
2580.000000	97.916	160.9391
2620.000000	97.680	161.8118
2650.000000	97.496	162.5800
2690.000000	97.244	163.7516
2720.000000	97.053	164.7374
2760.000000	96.797	166.1877
2800.000000	96.543	167.7843
2850.000000	96.230	169.9784
2900.000000	95.930	172.3752
2950.000000	95.648	174.9444
3000.000000	95.389	177.6452
3040.000000	95.202	179.8572
3070.000000	95.074	-178.4796
3110.000000	94.916	-176.2888
3150.000000	94.768	-174.1578
3200.000000	94.587	-171.5655
3250.000000	94.401	-168.9663
3300.000000	94.218	-166.2575
3350.000000	94.056	-163.4131
3400.000000	93.931	-160.5049
3450.000000	93.849	-157.6423
3500.000000	93.807	-154.9045
3550.000000	93.800	-152.3416
3600.000000	93.826	-149.9851
3650.000000	93.886	-147.8699
3700.000000	93.978	-146.0384
3750.000000	94.104	-144.5527
3820.000000	94.332	-143.1997
3870.000000	94.522	-142.8752
3950.000000	94.835	-143.6878
4000.000000	95.005	-145.0964
4060.000000	95.146	-147.6876
4120.000000	95.178	-151.1330
4180.000000	95.072	-155.1959
4250.000000	94.753	-160.2897
4310.000000	94.320	-164.5725
4370.000000	93.767	-168.4790
4440.000000	93.021	-172.3229
4500.000000	92.344	-174.9302
4550.000000	91.781	-176.6292
4620.000000	91.031	-178.3641
4680.000000	90.451	-179.3427
4750.000000	89.872	-179.9963
4820.000000	89.419	179.7740
4870.000000	89.179	179.8132
4940.000000	88.966	-179.9049
5000.000000	88.899	-179.4985
5080.000000	88.975	-178.7979
5150.000000	89.188	-178.1063
5220.000000	89.531	-177.4332
5300.000000	90.066	-176.8212
5380.000000	90.734	-176.5625
5450.000000	91.402	-176.8171
5520.000000	92.113	-177.7068
5600.000000	92.920	-179.6849
5700.000000	93.799	176.3371
5800.000000	94.378	171.0873
5900.000000	94.542	165.6557
6000.000000	94.320	161.4271
6080.000000	93.944	159.5065
6150.000000	93.530	159.0675
6220.000000	93.086	159.7712
6300.000000	92.587	161.8332
6400.000000	92.027	165.9739
6500.000000	91.573	171.4560
6600.000000	91.243	177.9117
6700.000000	91.043	-174.9582
6800.000000	90.976	-167.3941
6900.000000	91.036	-159.6058
7000.000000	91.223	-151.7718
7100.000000	91.536	-144.0714
7200.000000	91.974	-136.7130
7300.000000	92.531	-129.9445
7400.000000	93.197	-124.0685
7500.000000	93.941	-119.4791
7620.000000	94.841	-116.2494
7750.000000	95.619	-115.8211
7880.000000	95.940	-117.9067
8000.000000	95.684	-120.4228
8120.000000	94.934	-121.6732
8250.000000	93.760	-120.3053
8380.000000	92.449	-115.9111
8500.000000	91.269	-109.6561
8620.000000	90.189	-101.9064
8750.000000	89.157	-92.4257
8850.000000	88.458	-84.6661
9000.000000	87.539	-72.5519
9120.000000	86.907	-62.4123
9250.000000	86.372	-51.0189
9380.000000	86.022	-39.9543
9500.000000	85.798	-30.5150
9620.000000	85.614	-21.7055
9750.000000	85.441	-12.7485
9880.000000	85.284	-4.4012
10000.000000	85.132	2.7424
10150.000000	84.900	10.9877
10300.000000	84.587	18.7424
10440.000000	84.206	25.9266
10600.000000	83.685	34.6519
10750.000000	83.183	43.8221
10900.000000	82.768	54.0653
11060.000000	82.520	65.8333
11200.000000	82.521	76.3671
11380.000000	82.835	89.1744
11500.000000	83.180	96.6694
11720.000000	83.874	108.0119
11800.000000	84.099	111.5289
12060.000000	84.630	121.9518
12200.000000	84.789	127.5464
12410.000000	84.920	136.5892
12500.000000	84.957	140.7830
12650.000000	85.022	148.2121
12800.000000	85.116	156.1278
13150.000000	85.542	175.8199
13200.000000	85.633	178.7387
13400.000000	86.111	-169.3490
13600.000000	86.831	-157.3637
13800.000000	87.872	-145.9772
14000.000000	89.286	-136.2031
14300.000000	92.109	-127.3433
14500.000000	94.337	-127.6264
14750.000000	96.956	-137.8093
15000.000000	98.338	-158.1888
15250.000000	97.771	178.6969
15500.000000	95.844	160.8342
15750.000000	93.756	149.0337
16000.000000	92.179	139.5806
16250.000000	91.132	129.2646
16500.000000	90.351	116.7559
16750.000000	89.536	102.3026
17000.000000	88.506	87.0708
17250.000000	87.250	72.1439
17500.000000	85.857	57.9021
17750.000000	84.439	43.9534
18000.000000	83.081	29.3366
18250.000000	81.839	12.6941
18500.000000	80.727	-7.7190
18750.000000	79.664	-33.7462
19000.000000	78.469	-66.9574
19250.000000	76.910	-108.5332
19500.000000	74.736	-159.2469
19750.000000	71.809	139.3398
20000.000000	69.046	71.1086
