* Measurement data measured by REW V5.31.3
* Source: USB-C to 3.5mm Headphone Jack Adapter, no input selected, 0, volume: no control
* Format: 256k Log Swept Sine, 4 sweeps at -12.0 dBFS with no timing reference
* Dated: Aug 31, 2025 6:22:21 PM
* REW Settings:
*  C-weighting compensation: Off
*  Target level: 75.0 dB
* Note: ; 
* Measurement: Symphonium Titan Velvet R
* Smoothing: 1/24 octave
* Frequency Step: 1/48 octave
* Start Frequency: 20.300 Hz
*
* Freq(Hz)	SPL(dB)	Phase(degrees)
20.299999	107.986	152.3150
20.600000	107.945	151.6167
20.900000	107.900	150.8683
21.200001	107.858	150.1036
21.400000	107.832	149.5770
21.799999	107.783	148.4765
22.000000	107.759	147.9074
22.400000	107.706	146.7546
22.700001	107.663	145.8949
23.000000	107.618	145.0489
23.299999	107.570	144.2185
23.600000	107.519	143.4035
24.000000	107.447	142.3441
24.299999	107.392	141.5753
24.700001	107.320	140.5890
25.000000	107.270	139.8741
25.400000	107.210	138.9387
25.799999	107.156	138.0083
26.200001	107.103	137.0818
26.500000	107.062	136.3982
26.900000	107.004	135.5139
27.200001	106.959	134.8721
27.600000	106.898	134.0347
28.000000	106.836	133.2024
28.500000	106.755	132.1583
29.000000	106.669	131.1168
29.500000	106.584	130.0780
30.000000	106.500	129.0252
30.400000	106.432	128.1726
30.700001	106.379	127.5390
31.100000	106.305	126.7232
31.500000	106.232	125.9545
32.000000	106.148	125.0445
32.500000	106.070	124.1428
33.000000	105.992	123.2207
33.500000	105.907	122.3030
34.000000	105.815	121.4304
34.500000	105.724	120.6095
35.000000	105.638	119.8079
35.500000	105.556	118.9907
36.000000	105.472	118.1468
36.500000	105.386	117.2895
37.000000	105.295	116.4437
37.500000	105.203	115.6376
38.200001	105.076	114.6004
38.700001	104.992	113.8957
39.500000	104.864	112.7136
40.000000	104.778	111.9204
40.599998	104.667	110.9679
41.200001	104.554	110.0739
41.799999	104.446	109.2491
42.500000	104.326	108.3477
43.099998	104.225	107.5816
43.700001	104.125	106.7387
44.400002	103.999	105.6005
45.000000	103.872	104.6184
45.500000	103.763	103.9369
46.200001	103.638	103.2416
46.799999	103.564	102.7205
47.500000	103.481	102.0073
48.200001	103.372	101.2292
48.700001	103.284	100.6874
49.400002	103.163	99.9157
50.000000	103.064	99.2013
50.799999	102.926	98.2503
51.500000	102.803	97.5154
52.200001	102.685	96.8499
53.000000	102.552	96.0938
53.799999	102.418	95.3276
54.500000	102.304	94.6429
55.200001	102.193	93.9250
56.000000	102.062	93.1050
57.000000	101.902	92.1981
58.000000	101.753	91.3913
59.000000	101.596	90.6532
60.000000	101.445	89.9295
60.799999	101.337	89.1923
61.500000	101.239	88.4580
62.200001	101.133	87.7727
63.000000	101.012	87.1078
64.000000	100.865	86.3548
65.000000	100.716	85.5967
66.000000	100.550	84.9091
67.000000	100.383	84.3297
68.000000	100.240	83.6227
69.000000	100.110	82.8431
70.000000	99.991	82.1535
71.000000	99.863	81.5056
72.000000	99.728	80.8491
73.000000	99.583	80.2857
74.000000	99.451	80.0732
75.000000	99.367	79.6816
76.199997	99.221	78.5833
77.500000	99.007	77.6457
78.800003	98.817	77.0614
80.000000	98.692	76.5944
81.199997	98.586	75.9959
82.500000	98.423	75.0949
83.800003	98.224	74.2774
85.000000	98.081	73.7595
86.199997	97.951	73.3204
87.500000	97.810	72.7650
88.500000	97.697	72.3749
90.000000	97.492	72.1936
91.199997	97.344	72.0399
92.500000	97.245	71.1376
93.800003	97.151	70.1879
95.000000	97.048	69.7148
96.199997	96.929	69.3458
97.500000	96.810	68.9646
98.800003	96.694	68.6774
100.000000	96.569	68.3535
101.500000	96.396	67.5141
103.000000	96.257	66.7120
104.400002	96.137	66.2858
106.000000	95.972	65.9010
107.500000	95.867	65.5497
109.000000	95.773	65.0485
110.599998	95.606	64.4633
112.000000	95.465	64.0362
113.800003	95.320	63.7490
115.000000	95.220	63.5661
117.199997	95.075	63.1541
118.000000	95.032	63.0494
120.599998	94.898	62.5515
122.000000	94.830	62.2085
124.099998	94.670	61.6607
125.000000	94.596	61.3624
126.500000	94.490	60.7293
128.000000	94.402	60.2955
131.500000	94.209	59.9060
132.000000	94.175	59.8117
134.000000	94.059	59.3917
136.000000	93.952	59.2152
138.000000	93.873	58.6518
140.000000	93.787	57.9149
143.000000	93.549	57.0997
145.000000	93.373	56.3473
147.500000	93.084	54.0248
150.000000	92.934	50.7384
152.500000	93.039	53.5297
155.000000	92.934	54.7387
157.500000	92.801	54.7236
160.000000	92.684	54.0915
162.500000	92.571	53.5205
165.000000	92.487	53.1886
167.500000	92.407	52.8914
170.000000	92.304	52.5536
172.500000	92.195	52.1787
175.000000	92.104	51.8288
177.500000	92.031	51.4255
180.000000	91.945	51.0239
182.500000	91.862	50.5345
185.000000	91.776	50.2453
187.500000	91.692	50.0668
190.000000	91.615	49.7612
192.500000	91.543	49.4411
195.000000	91.486	49.1087
197.500000	91.462	48.7622
200.000000	91.431	48.5553
203.000000	91.283	48.2729
206.000000	91.156	47.9215
209.000000	91.070	47.6027
212.000000	90.995	47.2849
214.000000	90.950	47.0849
218.000000	90.858	46.7030
220.000000	90.811	46.5351
224.000000	90.717	46.1788
227.000000	90.652	45.8239
230.000000	90.595	45.5413
233.000000	90.540	45.3157
236.000000	90.483	45.1012
240.000000	90.408	44.7943
243.000000	90.351	44.5377
247.000000	90.260	44.2657
250.000000	90.196	44.0948
254.000000	90.158	43.6764
258.000000	90.114	43.2883
262.000000	90.059	42.9949
265.000000	90.015	42.7829
269.000000	89.953	42.4755
272.000000	89.905	42.2583
276.000000	89.847	41.9856
280.000000	89.799	41.7441
285.000000	89.739	41.4370
290.000000	89.675	41.1658
295.000000	89.599	40.9480
300.000000	89.518	40.7308
304.000000	89.494	40.4524
307.000000	89.479	40.2699
311.000000	89.446	40.0648
315.000000	89.408	39.8840
320.000000	89.363	39.6653
325.000000	89.317	39.4337
330.000000	89.273	39.1924
335.000000	89.229	39.0170
340.000000	89.190	38.8920
345.000000	89.152	38.7213
350.000000	89.114	38.5433
355.000000	89.081	38.3838
360.000000	89.050	38.2064
365.000000	89.018	38.0307
370.000000	88.989	37.7793
375.000000	88.963	37.5084
382.000000	88.921	37.5222
387.000000	88.892	37.4872
395.000000	88.847	37.3135
400.000000	88.824	37.1762
406.000000	88.804	37.0887
412.000000	88.781	37.0024
418.000000	88.754	36.9076
425.000000	88.722	36.7982
431.000000	88.699	36.7314
437.000000	88.679	36.6694
444.000000	88.656	36.5922
450.000000	88.637	36.5364
455.000000	88.620	36.5058
462.000000	88.596	36.4706
468.000000	88.576	36.4263
475.000000	88.555	36.3829
482.000000	88.538	36.3878
487.000000	88.526	36.4032
494.000000	88.510	36.4545
500.000000	88.497	36.5039
508.000000	88.478	36.5024
515.000000	88.463	36.5256
522.000000	88.452	36.5661
530.000000	88.444	36.6509
538.000000	88.438	36.7426
545.000000	88.433	36.8103
552.000000	88.429	36.8734
560.000000	88.427	36.9483
570.000000	88.424	37.0408
580.000000	88.420	37.1356
590.000000	88.414	37.2543
600.000000	88.408	37.4005
608.000000	88.407	37.5223
615.000000	88.408	37.6421
622.000000	88.408	37.7785
630.000000	88.408	37.9344
640.000000	88.410	38.1382
650.000000	88.414	38.3582
660.000000	88.419	38.5944
670.000000	88.426	38.8427
680.000000	88.436	39.1025
690.000000	88.448	39.3826
700.000000	88.461	39.6731
710.000000	88.476	39.9708
720.000000	88.494	40.2773
730.000000	88.515	40.5965
740.000000	88.538	40.9284
750.000000	88.562	41.2717
762.000000	88.595	41.6915
775.000000	88.636	42.1532
788.000000	88.681	42.6182
800.000000	88.726	43.0441
812.000000	88.775	43.4769
825.000000	88.833	43.9632
838.000000	88.895	44.4467
850.000000	88.955	44.8890
862.000000	89.018	45.3435
875.000000	89.091	45.8306
885.000000	89.151	46.2010
900.000000	89.247	46.7507
912.000000	89.327	47.1835
925.000000	89.420	47.6389
938.000000	89.516	48.0824
950.000000	89.610	48.4743
962.000000	89.708	48.8391
975.000000	89.818	49.2135
988.000000	89.932	49.5636
1000.000000	90.039	49.8595
1015.000000	90.175	50.1862
1030.000000	90.316	50.4728
1044.000000	90.449	50.6972
1060.000000	90.602	50.9072
1075.000000	90.745	51.0570
1090.000000	90.889	51.1588
1106.000000	91.040	51.2185
1120.000000	91.172	51.2281
1138.000000	91.337	51.1928
1150.000000	91.445	51.1425
1172.000000	91.638	50.9975
1180.000000	91.707	50.9312
1206.000000	91.919	50.6607
1220.000000	92.028	50.4903
1241.000000	92.185	50.2152
1250.000000	92.250	50.0900
1265.000000	92.355	49.8733
1280.000000	92.456	49.6491
1315.000000	92.677	49.1206
1320.000000	92.707	49.0452
1340.000000	92.824	48.7440
1360.000000	92.936	48.4427
1380.000000	93.044	48.1469
1400.000000	93.147	47.8643
1430.000000	93.295	47.4648
1450.000000	93.391	47.2101
1475.000000	93.507	46.9048
1500.000000	93.620	46.6240
1525.000000	93.732	46.3613
1550.000000	93.843	46.1045
1575.000000	93.952	45.8585
1600.000000	94.060	45.6239
1625.000000	94.169	45.3975
1650.000000	94.278	45.1738
1675.000000	94.387	44.9556
1700.000000	94.497	44.7369
1725.000000	94.607	44.5191
1750.000000	94.718	44.2943
1775.000000	94.830	44.0551
1800.000000	94.943	43.8083
1825.000000	95.055	43.5534
1850.000000	95.168	43.2860
1875.000000	95.281	43.0074
1900.000000	95.395	42.7147
1925.000000	95.509	42.4048
1950.000000	95.623	42.0774
1975.000000	95.737	41.7284
2000.000000	95.850	41.3557
2030.000000	95.985	40.8792
2060.000000	96.118	40.3716
2090.000000	96.251	39.8315
2120.000000	96.381	39.2567
2140.000000	96.467	38.8540
2180.000000	96.635	38.0004
2200.000000	96.717	37.5489
2240.000000	96.876	36.5986
2270.000000	96.991	35.8442
2300.000000	97.101	35.0521
2330.000000	97.206	34.2238
2360.000000	97.306	33.3612
2400.000000	97.429	32.1601
2430.000000	97.514	31.2234
2470.000000	97.617	29.9317
2500.000000	97.686	28.9338
2540.000000	97.765	27.5672
2580.000000	97.828	26.1688
2620.000000	97.876	24.7538
2650.000000	97.901	23.6893
2690.000000	97.923	22.2716
2720.000000	97.930	21.2108
2760.000000	97.926	19.8057
2800.000000	97.907	18.4251
2850.000000	97.863	16.7667
2900.000000	97.803	15.2060
2950.000000	97.734	13.7477
3000.000000	97.664	12.3637
3040.000000	97.610	11.2726
3070.000000	97.570	10.4459
3110.000000	97.512	9.3216
3150.000000	97.449	8.1682
3200.000000	97.357	6.6956
3250.000000	97.246	5.2089
3300.000000	97.115	3.7479
3350.000000	96.965	2.3508
3400.000000	96.800	1.0301
3450.000000	96.623	-0.2122
3500.000000	96.434	-1.3796
3550.000000	96.235	-2.4743
3600.000000	96.024	-3.4999
3650.000000	95.799	-4.4542
3700.000000	95.558	-5.3295
3750.000000	95.298	-6.1060
3820.000000	94.897	-6.9683
3870.000000	94.580	-7.3601
3950.000000	94.020	-7.4107
4000.000000	93.643	-6.9370
4060.000000	93.182	-5.6673
4120.000000	92.745	-3.4705
4180.000000	92.393	-0.2783
4250.000000	92.187	4.4667
4310.000000	92.245	8.8689
4370.000000	92.523	12.9024
4440.000000	93.058	16.4485
4500.000000	93.614	18.2368
4550.000000	94.093	18.8589
4620.000000	94.734	18.5876
4680.000000	95.222	17.5106
4750.000000	95.701	15.5392
4820.000000	96.071	13.0496
4870.000000	96.269	11.0740
4940.000000	96.455	8.1692
5000.000000	96.535	5.6536
5080.000000	96.539	2.4029
5150.000000	96.456	-0.2449
5220.000000	96.305	-2.6355
5300.000000	96.065	-4.9889
5380.000000	95.769	-6.8940
5450.000000	95.477	-8.1772
5520.000000	95.163	-9.1025
5600.000000	94.790	-9.7372
5700.000000	94.318	-9.9394
5800.000000	93.853	-9.5476
5900.000000	93.407	-8.6318
6000.000000	92.987	-7.2650
6080.000000	92.674	-5.8927
6150.000000	92.420	-4.5169
6220.000000	92.185	-2.9992
6300.000000	91.941	-1.1185
6400.000000	91.675	1.4034
6500.000000	91.456	4.0595
6600.000000	91.281	6.7891
6700.000000	91.153	9.5354
6800.000000	91.072	12.2150
6900.000000	91.031	14.7629
7000.000000	91.026	17.1480
7100.000000	91.055	19.3228
7200.000000	91.112	21.2197
7300.000000	91.181	22.8335
7400.000000	91.256	24.3115
7500.000000	91.382	25.7290
7620.000000	91.635	26.7326
7750.000000	91.915	26.3333
7880.000000	92.081	24.8978
8000.000000	92.135	23.2705
8120.000000	92.142	21.6409
8250.000000	92.160	19.8468
8380.000000	92.234	17.7089
8500.000000	92.347	15.0744
8620.000000	92.464	11.5842
8750.000000	92.532	6.8436
8850.000000	92.503	2.6882
9000.000000	92.294	-3.8548
9120.000000	91.987	-8.8984
9250.000000	91.546	-13.7518
9380.000000	91.037	-17.6442
9500.000000	90.573	-20.2658
9620.000000	90.158	-22.1652
9750.000000	89.768	-23.5575
9880.000000	89.444	-24.3187
10000.000000	89.211	-24.5682
10150.000000	89.014	-24.4196
10300.000000	88.913	-23.9367
10440.000000	88.898	-23.3527
10600.000000	88.959	-22.7170
10750.000000	89.071	-22.3409
10900.000000	89.213	-22.3378
11060.000000	89.360	-22.9020
11200.000000	89.443	-23.9372
11380.000000	89.424	-25.8421
11500.000000	89.319	-27.2426
11720.000000	88.952	-29.8979
11800.000000	88.757	-30.8790
12060.000000	87.876	-33.6114
12200.000000	87.269	-34.5288
12410.000000	86.253	-35.0056
12500.000000	85.796	-34.8983
12650.000000	85.027	-34.3875
12800.000000	84.265	-33.5843
13150.000000	82.585	-31.5447
13200.000000	82.360	-31.3463
13400.000000	81.511	-31.1105
13600.000000	80.753	-32.2967
13800.000000	80.113	-35.8053
14000.000000	79.658	-42.7912
14300.000000	79.686	-63.0734
14500.000000	80.461	-84.9737
14750.000000	82.007	-120.1007
15000.000000	83.240	-156.7419
15250.000000	83.602	172.0815
15500.000000	83.374	148.8661
15750.000000	83.021	131.9750
16000.000000	82.655	118.4940
16250.000000	82.189	107.2700
16500.000000	81.800	97.9119
16750.000000	81.643	88.4757
17000.000000	81.611	77.4102
17250.000000	81.586	64.1278
17500.000000	81.493	48.3180
17750.000000	81.291	29.6574
18000.000000	80.964	7.6723
18250.000000	80.493	-18.3739
18500.000000	79.822	-49.4536
18750.000000	78.818	-86.5948
19000.000000	77.233	-130.4885
19250.000000	74.701	179.3137
19500.000000	70.825	126.1465
19750.000000	65.420	81.2162
20000.000000	59.766	60.4412
