* Measurement data measured by REW V5.31.3
* Source: USB-C to 3.5mm Headphone Jack Adapter, USB-C to 3.5mm Headphone Jack Adapter, 0, volume: 0.295
* Format: 256k Log Swept Sine, 4 sweeps at -12.0 dBFS with no timing reference
* Dated: Sep 20, 2025 3:23:08 PM
* REW Settings:
*  C-weighting compensation: Off
*  Target level: 75.0 dB
* Note: ; 
* Measurement: Symphonium Helios Azla L
* Smoothing: 1/24 octave
* Frequency Step: 1/48 octave
* Start Frequency: 20.300 Hz
*
* Freq(Hz)	SPL(dB)	Phase(degrees)
20.299999	101.285	-170.0486
20.600000	101.289	-170.7912
20.900000	101.292	-171.6005
21.200001	101.293	-172.4290
21.400000	101.293	-172.9914
21.799999	101.292	-174.1268
22.000000	101.290	-174.6879
22.400000	101.285	-175.7648
22.700001	101.281	-176.5194
23.000000	101.280	-177.2338
23.299999	101.279	-177.9283
23.600000	101.278	-178.6270
24.000000	101.268	-179.5918
24.299999	101.250	179.6632
24.700001	101.213	178.6777
25.000000	101.179	177.9740
25.400000	101.136	177.1032
25.799999	101.109	176.2876
26.200001	101.101	175.4748
26.500000	101.103	174.8425
26.900000	101.105	173.9708
27.200001	101.101	173.3163
27.600000	101.085	172.4787
28.000000	101.059	171.6985
28.500000	101.020	170.7772
29.000000	100.979	169.8597
29.500000	100.932	168.9324
30.000000	100.883	168.0341
30.400000	100.847	167.3538
30.700001	100.825	166.8594
31.100000	100.800	166.2022
31.500000	100.776	165.5328
32.000000	100.742	164.6855
32.500000	100.699	163.8604
33.000000	100.653	163.0787
33.500000	100.609	162.3254
34.000000	100.565	161.5756
34.500000	100.520	160.8321
35.000000	100.471	160.1238
35.500000	100.424	159.4657
36.000000	100.380	158.8315
36.500000	100.337	158.1768
37.000000	100.288	157.4905
37.500000	100.234	156.8074
38.200001	100.163	155.9155
38.700001	100.127	155.3076
39.500000	100.076	154.3386
40.000000	100.031	153.7591
40.599998	99.960	153.0991
41.200001	99.877	152.4373
41.799999	99.798	151.7677
42.500000	99.741	151.0050
43.099998	99.713	150.3533
43.700001	99.657	149.8052
44.400002	99.523	149.6378
45.000000	99.415	149.8578
45.500000	99.375	149.8586
46.200001	99.363	148.9606
46.799999	99.325	147.6004
47.500000	99.241	146.2658
48.200001	99.181	145.6055
48.700001	99.158	145.3298
49.400002	99.115	144.8839
50.000000	99.047	144.3776
50.799999	98.932	143.6256
51.500000	98.841	143.0151
52.200001	98.774	142.4893
53.000000	98.710	141.8992
53.799999	98.628	141.2890
54.500000	98.544	140.7952
55.200001	98.463	140.3413
56.000000	98.382	139.8268
57.000000	98.291	139.0996
58.000000	98.190	138.2665
59.000000	98.096	137.5327
60.000000	98.036	136.9135
60.799999	97.984	136.4965
61.500000	97.922	136.2374
62.200001	97.848	136.0017
63.000000	97.758	135.6254
64.000000	97.655	135.0200
65.000000	97.583	134.4468
66.000000	97.511	134.0201
67.000000	97.420	133.6936
68.000000	97.330	133.2666
69.000000	97.240	132.7755
70.000000	97.145	132.3448
71.000000	97.065	131.7872
72.000000	97.010	131.2074
73.000000	96.976	131.0392
74.000000	96.928	130.8398
75.000000	96.834	130.2359
76.199997	96.820	129.7946
77.500000	96.864	129.8654
78.800003	96.627	129.6000
80.000000	96.335	128.6876
81.199997	96.204	127.8454
82.500000	96.126	127.5623
83.800003	96.016	127.2485
85.000000	95.912	126.7673
86.199997	95.818	126.4501
87.500000	95.742	126.0988
88.500000	95.682	125.8151
90.000000	95.574	125.5468
91.199997	95.471	125.3282
92.500000	95.379	124.8907
93.800003	95.296	124.3387
95.000000	95.221	123.9742
96.199997	95.148	123.7275
97.500000	95.069	123.6524
98.800003	94.946	123.7327
100.000000	94.839	123.6336
101.500000	94.792	122.8537
103.000000	94.744	122.5028
104.400002	94.666	122.6190
106.000000	94.594	122.7210
107.500000	94.553	122.6246
109.000000	94.471	122.0100
110.599998	94.380	121.6609
112.000000	94.317	121.4057
113.800003	94.203	121.2100
115.000000	94.107	120.9901
117.199997	93.962	120.1021
118.000000	93.935	119.8796
120.599998	93.874	119.7760
122.000000	93.812	119.6016
124.099998	93.699	119.2791
125.000000	93.652	119.1413
126.500000	93.577	118.8482
128.000000	93.508	118.5865
131.500000	93.350	118.4448
132.000000	93.328	118.3707
134.000000	93.230	117.8365
136.000000	93.054	116.5388
138.000000	92.959	116.2300
140.000000	92.961	117.2551
143.000000	92.912	117.4963
145.000000	92.860	117.3243
147.500000	92.759	117.1974
150.000000	92.665	116.9661
152.500000	92.604	116.7545
155.000000	92.540	116.5934
157.500000	92.474	116.3943
160.000000	92.399	116.2714
162.500000	92.316	116.1464
165.000000	92.244	115.9692
167.500000	92.185	115.7855
170.000000	92.125	115.6576
172.500000	92.058	115.5861
175.000000	91.988	115.5646
177.500000	91.920	115.5610
180.000000	91.858	115.3836
182.500000	91.797	115.1087
185.000000	91.747	114.9423
187.500000	91.704	114.8423
190.000000	91.658	114.7796
192.500000	91.613	114.6951
195.000000	91.578	114.5734
197.500000	91.549	114.3791
200.000000	91.517	114.1684
203.000000	91.456	114.2780
206.000000	91.403	114.2456
209.000000	91.368	114.0880
212.000000	91.343	113.9718
214.000000	91.325	113.8749
218.000000	91.289	113.7328
220.000000	91.273	113.6526
224.000000	91.248	113.5221
227.000000	91.220	113.4528
230.000000	91.189	113.3375
233.000000	91.174	113.2027
236.000000	91.167	113.0840
240.000000	91.148	112.9146
243.000000	91.137	112.8334
247.000000	91.118	112.7692
250.000000	91.127	112.8232
254.000000	91.130	112.7390
258.000000	91.148	112.5054
262.000000	91.171	112.3014
265.000000	91.166	112.1000
269.000000	91.152	111.8751
272.000000	91.147	111.7418
276.000000	91.156	111.4875
280.000000	91.167	111.2768
285.000000	91.164	111.0002
290.000000	91.181	110.6372
295.000000	91.196	110.4015
300.000000	91.214	110.1377
304.000000	91.242	109.8246
307.000000	91.259	109.6297
311.000000	91.278	109.4175
315.000000	91.300	109.2164
320.000000	91.327	108.9370
325.000000	91.360	108.6010
330.000000	91.399	108.2864
335.000000	91.432	107.9576
340.000000	91.466	107.6113
345.000000	91.504	107.2948
350.000000	91.544	106.9551
355.000000	91.587	106.6155
360.000000	91.630	106.2437
365.000000	91.674	105.8614
370.000000	91.721	105.4987
375.000000	91.775	105.1550
382.000000	91.846	104.6028
387.000000	91.895	104.1804
395.000000	91.964	103.4948
400.000000	92.011	103.0889
406.000000	92.067	102.5874
412.000000	92.124	102.0759
418.000000	92.183	101.5571
425.000000	92.250	100.9284
431.000000	92.309	100.3810
437.000000	92.367	99.8314
444.000000	92.434	99.1717
450.000000	92.492	98.5907
455.000000	92.537	98.1194
462.000000	92.597	97.4618
468.000000	92.651	96.8884
475.000000	92.715	96.2308
482.000000	92.775	95.5650
487.000000	92.817	95.0821
494.000000	92.877	94.4102
500.000000	92.928	93.8298
508.000000	92.996	93.0417
515.000000	93.053	92.3377
522.000000	93.108	91.6263
530.000000	93.170	90.8149
538.000000	93.228	90.0009
545.000000	93.274	89.2813
552.000000	93.317	88.5583
560.000000	93.363	87.7365
570.000000	93.416	86.7304
580.000000	93.464	85.7469
590.000000	93.507	84.7839
600.000000	93.546	83.8376
608.000000	93.573	83.0939
615.000000	93.595	82.4575
622.000000	93.615	81.8347
630.000000	93.635	81.1375
640.000000	93.659	80.2941
650.000000	93.678	79.4916
660.000000	93.695	78.6998
670.000000	93.711	77.9523
680.000000	93.725	77.2347
690.000000	93.737	76.5377
700.000000	93.749	75.8679
710.000000	93.758	75.2292
720.000000	93.765	74.6193
730.000000	93.770	74.0444
740.000000	93.774	73.5075
750.000000	93.779	73.0085
762.000000	93.784	72.4279
775.000000	93.790	71.8545
788.000000	93.796	71.3323
800.000000	93.802	70.8949
812.000000	93.805	70.4995
825.000000	93.810	70.1109
838.000000	93.817	69.7648
850.000000	93.825	69.4807
862.000000	93.838	69.2208
875.000000	93.856	68.9666
885.000000	93.872	68.7919
900.000000	93.902	68.5617
912.000000	93.930	68.3976
925.000000	93.964	68.2384
938.000000	94.004	68.0933
950.000000	94.045	67.9689
962.000000	94.089	67.8468
975.000000	94.142	67.7163
988.000000	94.198	67.5872
1000.000000	94.254	67.4615
1015.000000	94.326	67.2950
1030.000000	94.403	67.1208
1044.000000	94.479	66.9430
1060.000000	94.568	66.7232
1075.000000	94.654	66.4985
1090.000000	94.743	66.2516
1106.000000	94.838	65.9684
1120.000000	94.922	65.7011
1138.000000	95.032	65.3252
1150.000000	95.105	65.0569
1172.000000	95.236	64.5431
1180.000000	95.282	64.3460
1206.000000	95.431	63.6760
1220.000000	95.509	63.3028
1241.000000	95.624	62.7269
1250.000000	95.674	62.4771
1265.000000	95.758	62.0587
1280.000000	95.842	61.6377
1315.000000	96.030	60.6613
1320.000000	96.056	60.5239
1340.000000	96.158	59.9814
1360.000000	96.257	59.4489
1380.000000	96.354	58.9252
1400.000000	96.450	58.4140
1430.000000	96.590	57.6659
1450.000000	96.682	57.1816
1475.000000	96.796	56.5915
1500.000000	96.909	56.0111
1525.000000	97.021	55.4406
1550.000000	97.133	54.8803
1575.000000	97.244	54.3423
1600.000000	97.353	53.8073
1625.000000	97.460	53.2759
1650.000000	97.565	52.7474
1675.000000	97.671	52.2185
1700.000000	97.778	51.6882
1725.000000	97.886	51.1519
1750.000000	97.994	50.6091
1775.000000	98.104	50.0512
1800.000000	98.215	49.4801
1825.000000	98.325	48.8956
1850.000000	98.436	48.2935
1875.000000	98.548	47.6754
1900.000000	98.659	47.0372
1925.000000	98.769	46.3728
1950.000000	98.879	45.6855
1975.000000	98.988	44.9766
2000.000000	99.096	44.2416
2030.000000	99.226	43.3231
2060.000000	99.354	42.3625
2090.000000	99.478	41.3614
2120.000000	99.597	40.3199
2140.000000	99.674	39.6009
2180.000000	99.818	38.1076
2200.000000	99.886	37.3347
2240.000000	100.010	35.7417
2270.000000	100.094	34.5092
2300.000000	100.168	33.2460
2330.000000	100.232	31.9580
2360.000000	100.285	30.6536
2400.000000	100.338	28.8974
2430.000000	100.365	27.5747
2470.000000	100.383	25.8142
2500.000000	100.383	24.5052
2540.000000	100.368	22.7919
2580.000000	100.335	21.1237
2620.000000	100.283	19.5199
2650.000000	100.234	18.3676
2690.000000	100.156	16.9059
2720.000000	100.089	15.8710
2760.000000	99.990	14.5770
2800.000000	99.883	13.3869
2850.000000	99.740	12.0519
2900.000000	99.591	10.8878
2950.000000	99.440	9.8892
3000.000000	99.292	9.0446
3040.000000	99.177	8.4729
3070.000000	99.095	8.0970
3110.000000	98.989	7.6594
3150.000000	98.890	7.2837
3200.000000	98.776	6.8827
3250.000000	98.671	6.5443
3300.000000	98.574	6.2682
3350.000000	98.483	6.0569
3400.000000	98.402	5.9170
3450.000000	98.331	5.8441
3500.000000	98.274	5.8314
3550.000000	98.232	5.8607
3600.000000	98.207	5.9074
3650.000000	98.200	5.9510
3700.000000	98.208	5.9724
3750.000000	98.232	5.9517
3820.000000	98.288	5.8162
3870.000000	98.342	5.6211
3950.000000	98.445	5.1057
4000.000000	98.514	4.6354
4060.000000	98.593	3.9050
4120.000000	98.665	2.9824
4180.000000	98.723	1.8639
4250.000000	98.760	0.3311
4310.000000	98.755	-1.1379
4370.000000	98.706	-2.6842
4440.000000	98.586	-4.4655
4500.000000	98.426	-5.8342
4550.000000	98.256	-6.7581
4620.000000	97.982	-7.5554
4680.000000	97.740	-7.6625
4750.000000	97.504	-7.0797
4820.000000	97.379	-5.9191
4870.000000	97.387	-4.9968
4940.000000	97.537	-4.0861
5000.000000	97.758	-4.0916
5080.000000	98.066	-5.5884
5150.000000	98.232	-8.1337
5220.000000	98.228	-11.3177
5300.000000	97.999	-14.9999
5380.000000	97.572	-18.0947
5450.000000	97.091	-20.0530
5520.000000	96.560	-21.2625
5600.000000	95.936	-21.7979
5700.000000	95.179	-21.3988
5800.000000	94.479	-20.0799
5900.000000	93.851	-18.0836
6000.000000	93.297	-15.6063
6080.000000	92.907	-13.3789
6150.000000	92.602	-11.3067
6220.000000	92.331	-9.1510
6300.000000	92.067	-6.6247
6400.000000	91.808	-3.4296
6500.000000	91.606	-0.2383
6600.000000	91.441	2.9349
6700.000000	91.299	6.1343
6800.000000	91.183	9.4459
6900.000000	91.107	12.9137
7000.000000	91.082	16.4540
7100.000000	91.096	20.0460
7200.000000	91.176	24.0592
7300.000000	91.413	28.2253
7400.000000	91.787	31.8721
7500.000000	92.265	34.9720
7620.000000	92.964	37.8270
7750.000000	93.860	39.6789
7880.000000	94.882	39.9778
8000.000000	95.890	38.4765
8120.000000	96.883	34.8382
8250.000000	97.837	28.1640
8380.000000	98.491	18.8760
8500.000000	98.681	8.9093
8620.000000	98.439	-1.0787
8750.000000	97.784	-10.6284
8850.000000	97.115	-16.6737
9000.000000	96.013	-23.7575
9120.000000	95.117	-28.0897
9250.000000	94.147	-31.7693
9380.000000	93.159	-34.4674
9500.000000	92.237	-35.8792
9620.000000	91.348	-36.1561
9750.000000	90.481	-35.3376
9880.000000	89.746	-33.7137
10000.000000	89.190	-31.8088
10150.000000	88.642	-29.1954
10300.000000	88.226	-26.5718
10440.000000	87.927	-24.2961
10600.000000	87.652	-22.0334
10750.000000	87.420	-20.3182
10900.000000	87.166	-19.0251
11060.000000	86.809	-17.8304
11200.000000	86.432	-16.2851
11380.000000	86.032	-13.6908
11500.000000	85.824	-12.3590
11720.000000	85.372	-10.8654
11800.000000	85.168	-10.4358
12060.000000	84.380	-9.0023
12200.000000	83.894	-8.1291
12410.000000	83.118	-6.6743
12500.000000	82.778	-6.0098
12650.000000	82.214	-4.8861
12800.000000	81.655	-3.7945
13150.000000	80.377	-1.8040
13200.000000	80.200	-1.6355
13400.000000	79.518	-1.4186
13600.000000	78.893	-2.1906
13800.000000	78.351	-4.2899
14000.000000	77.941	-8.0863
14300.000000	77.783	-17.8712
14500.000000	78.182	-27.9303
14750.000000	79.332	-45.7349
15000.000000	80.544	-69.5239
15250.000000	80.722	-93.4039
15500.000000	80.724	-107.3813
15750.000000	82.434	-116.5991
16000.000000	85.009	-131.3749
16250.000000	87.228	-152.7672
16500.000000	88.414	-177.9433
16750.000000	88.543	157.6431
17000.000000	88.364	136.4944
17250.000000	88.616	115.5793
17500.000000	88.996	90.4740
17750.000000	88.810	60.9269
18000.000000	87.877	28.9619
18250.000000	86.412	-4.6331
18500.000000	84.638	-40.7538
18750.000000	82.612	-81.0733
19000.000000	80.264	-127.2312
19250.000000	77.479	179.1953
19500.000000	74.191	115.9491
19750.000000	70.537	36.0352
20000.000000	67.615	-74.5573
