* Measurement data measured by REW V5.31.3
* Source: USB-C to 3.5mm Headphone Jack Adapter, USB-C to 3.5mm Headphone Jack Adapter, 0, volume: 0.295
* Format: 256k Log Swept Sine, 4 sweeps at -12.0 dBFS with no timing reference
* Dated: Aug 31, 2025 5:53:58 PM
* REW Settings:
*  C-weighting compensation: Off
*  Target level: 75.0 dB
* Note: ; 
* Measurement: Symphonium Titan SDP L
* Smoothing: 1/24 octave
* Frequency Step: 1/48 octave
* Start Frequency: 20.300 Hz
*
* Freq(Hz)	SPL(dB)	Phase(degrees)
20.299999	106.455	157.7505
20.600000	106.432	156.9264
20.900000	106.403	156.0336
21.200001	106.372	155.1387
21.400000	106.352	154.5448
21.799999	106.313	153.3694
22.000000	106.294	152.7905
22.400000	106.257	151.6522
22.700001	106.229	150.8105
23.000000	106.199	149.9720
23.299999	106.165	149.1318
23.600000	106.126	148.2910
24.000000	106.066	147.1834
24.299999	106.016	146.3775
24.700001	105.950	145.3512
25.000000	105.905	144.6153
25.400000	105.857	143.6569
25.799999	105.821	142.6923
26.200001	105.789	141.7023
26.500000	105.763	140.9498
26.900000	105.718	139.9624
27.200001	105.676	139.2555
27.600000	105.612	138.3737
28.000000	105.546	137.5436
28.500000	105.471	136.4962
29.000000	105.402	135.3354
29.500000	105.328	134.0478
30.000000	105.238	132.7523
30.400000	105.159	131.8194
30.700001	105.103	131.2116
31.100000	105.040	130.5076
31.500000	104.992	129.8631
32.000000	104.946	129.0287
32.500000	104.892	128.1093
33.000000	104.820	127.1451
33.500000	104.733	126.1976
34.000000	104.646	125.2791
34.500000	104.563	124.3677
35.000000	104.485	123.4559
35.500000	104.409	122.5575
36.000000	104.334	121.6774
36.500000	104.256	120.8055
37.000000	104.172	119.9420
37.500000	104.083	119.1074
38.200001	103.964	118.0053
38.700001	103.888	117.2297
39.500000	103.775	115.9410
40.000000	103.698	115.1324
40.599998	103.598	114.2124
41.200001	103.497	113.3481
41.799999	103.398	112.4985
42.500000	103.283	111.4963
43.099998	103.184	110.6459
43.700001	103.085	109.8206
44.400002	102.972	108.8815
45.000000	102.875	108.0881
45.500000	102.795	107.4397
46.200001	102.682	106.5537
46.799999	102.586	105.8034
47.500000	102.467	104.9597
48.200001	102.344	104.2222
48.700001	102.265	103.7521
49.400002	102.171	103.0333
50.000000	102.091	102.2524
50.799999	101.951	101.0842
51.500000	101.812	100.1810
52.200001	101.689	99.4437
53.000000	101.572	98.6669
53.799999	101.454	97.8810
54.500000	101.344	97.1576
55.200001	101.228	96.3920
56.000000	101.097	95.5499
57.000000	100.950	94.6670
58.000000	100.819	93.8541
59.000000	100.685	92.8070
60.000000	100.521	91.6969
60.799999	100.391	91.1111
61.500000	100.300	90.7101
62.200001	100.212	90.2131
63.000000	100.096	89.5448
64.000000	99.951	88.7182
65.000000	99.808	87.8098
66.000000	99.631	86.9094
67.000000	99.469	86.2447
68.000000	99.362	85.6048
69.000000	99.254	84.8915
70.000000	99.132	84.2498
71.000000	99.023	83.6678
72.000000	98.903	83.2085
73.000000	98.739	82.9824
74.000000	98.572	82.7181
75.000000	98.440	81.8832
76.199997	98.295	80.5987
77.500000	98.155	79.6792
78.800003	97.996	78.9378
80.000000	97.853	78.1698
81.199997	97.712	77.4173
82.500000	97.560	76.8413
83.800003	97.410	76.3782
85.000000	97.270	75.9119
86.199997	97.131	75.3820
87.500000	96.991	74.7974
88.500000	96.880	74.2803
90.000000	96.706	73.1568
91.199997	96.582	72.2189
92.500000	96.454	71.7765
93.800003	96.336	71.6787
95.000000	96.219	71.4569
96.199997	96.095	71.1081
97.500000	95.944	70.5023
98.800003	95.812	69.8687
100.000000	95.707	69.3304
101.500000	95.607	68.7702
103.000000	95.561	68.2583
104.400002	95.435	67.9389
106.000000	95.212	67.6732
107.500000	95.070	67.1844
109.000000	94.944	66.6504
110.599998	94.782	66.2411
112.000000	94.624	65.8511
113.800003	94.490	65.3880
115.000000	94.445	65.0111
117.199997	94.323	64.3584
118.000000	94.266	64.1374
120.599998	94.084	63.4385
122.000000	93.986	63.0443
124.099998	93.884	62.3900
125.000000	93.840	62.1822
126.500000	93.740	61.8879
128.000000	93.626	61.4660
131.500000	93.398	60.4793
132.000000	93.369	60.3795
134.000000	93.257	59.9842
136.000000	93.160	59.5462
138.000000	93.057	59.1245
140.000000	92.946	58.7961
143.000000	92.767	58.2424
145.000000	92.646	57.9043
147.500000	92.416	57.9063
150.000000	92.139	58.2591
152.500000	92.175	56.6519
155.000000	92.234	55.9591
157.500000	92.107	55.5107
160.000000	91.950	54.9193
162.500000	91.829	54.4834
165.000000	91.725	54.1611
167.500000	91.624	53.7564
170.000000	91.524	53.3213
172.500000	91.425	52.9887
175.000000	91.329	52.6500
177.500000	91.227	52.3378
180.000000	91.126	51.9983
182.500000	91.037	51.6884
185.000000	90.947	51.3969
187.500000	90.865	51.0922
190.000000	90.781	50.7714
192.500000	90.698	50.4374
195.000000	90.622	50.1014
197.500000	90.546	49.7775
200.000000	90.473	49.4869
203.000000	90.410	49.1605
206.000000	90.349	48.7642
209.000000	90.272	48.4102
212.000000	90.185	48.0765
214.000000	90.128	47.8592
218.000000	90.029	47.4583
220.000000	89.985	47.2768
224.000000	89.907	46.9604
227.000000	89.839	46.6455
230.000000	89.772	46.3181
233.000000	89.714	46.0616
236.000000	89.654	45.8231
240.000000	89.573	45.4458
243.000000	89.520	45.1509
247.000000	89.457	44.7061
250.000000	89.402	44.3959
254.000000	89.329	44.2516
258.000000	89.262	44.0693
262.000000	89.208	43.7699
265.000000	89.166	43.5201
269.000000	89.109	43.2250
272.000000	89.069	43.0411
276.000000	89.016	42.8000
280.000000	88.960	42.5191
285.000000	88.897	42.2227
290.000000	88.836	41.9479
295.000000	88.776	41.6031
300.000000	88.724	41.1131
304.000000	88.682	41.0016
307.000000	88.651	40.9379
311.000000	88.614	40.7754
315.000000	88.579	40.5770
320.000000	88.529	40.3366
325.000000	88.478	40.0949
330.000000	88.436	39.8777
335.000000	88.394	39.6793
340.000000	88.355	39.4750
345.000000	88.316	39.3016
350.000000	88.281	39.1221
355.000000	88.251	38.9661
360.000000	88.222	38.8109
365.000000	88.186	38.6440
370.000000	88.151	38.4993
375.000000	88.123	38.3547
382.000000	88.085	38.1590
387.000000	88.057	38.0268
395.000000	88.015	37.7923
400.000000	87.989	37.6696
406.000000	87.964	37.5337
412.000000	87.938	37.4464
418.000000	87.909	37.3615
425.000000	87.882	37.2529
431.000000	87.862	37.2016
437.000000	87.840	37.1599
444.000000	87.817	37.1086
450.000000	87.799	37.0614
455.000000	87.785	37.0252
462.000000	87.767	36.9823
468.000000	87.753	36.9366
475.000000	87.737	36.9028
482.000000	87.723	36.8817
487.000000	87.713	36.8748
494.000000	87.700	36.8727
500.000000	87.689	36.8679
508.000000	87.676	36.8817
515.000000	87.671	36.9086
522.000000	87.668	36.9193
530.000000	87.659	36.9496
538.000000	87.649	37.0271
545.000000	87.644	37.0917
552.000000	87.640	37.1458
560.000000	87.637	37.2086
570.000000	87.636	37.2960
580.000000	87.634	37.3978
590.000000	87.634	37.5367
600.000000	87.635	37.6831
608.000000	87.638	37.8045
615.000000	87.641	37.9199
622.000000	87.645	38.0459
630.000000	87.651	38.1964
640.000000	87.661	38.3991
650.000000	87.676	38.6059
660.000000	87.692	38.8160
670.000000	87.707	39.0299
680.000000	87.725	39.2403
690.000000	87.744	39.4563
700.000000	87.762	39.6981
710.000000	87.782	39.9623
720.000000	87.804	40.2376
730.000000	87.829	40.5213
740.000000	87.857	40.8094
750.000000	87.889	41.1032
762.000000	87.928	41.4534
775.000000	87.973	41.8411
788.000000	88.021	42.2377
800.000000	88.066	42.6090
812.000000	88.111	42.9899
825.000000	88.161	43.4175
838.000000	88.214	43.8408
850.000000	88.267	44.2309
862.000000	88.326	44.6259
875.000000	88.393	45.0556
885.000000	88.447	45.3837
900.000000	88.534	45.8728
912.000000	88.609	46.2539
925.000000	88.694	46.6536
938.000000	88.783	47.0320
950.000000	88.869	47.3651
962.000000	88.959	47.6842
975.000000	89.059	48.0077
988.000000	89.163	48.3066
1000.000000	89.260	48.5539
1015.000000	89.384	48.8271
1030.000000	89.510	49.0604
1044.000000	89.629	49.2382
1060.000000	89.766	49.3958
1075.000000	89.895	49.5010
1090.000000	90.022	49.5671
1106.000000	90.156	49.5929
1120.000000	90.271	49.5829
1138.000000	90.417	49.5270
1150.000000	90.511	49.4676
1172.000000	90.678	49.3200
1180.000000	90.738	49.2568
1206.000000	90.924	49.0137
1220.000000	91.020	48.8632
1241.000000	91.161	48.6130
1250.000000	91.221	48.4987
1265.000000	91.321	48.3041
1280.000000	91.421	48.1038
1315.000000	91.642	47.6306
1320.000000	91.672	47.5634
1340.000000	91.790	47.2932
1360.000000	91.904	47.0248
1380.000000	92.014	46.7623
1400.000000	92.120	46.5083
1430.000000	92.272	46.1510
1450.000000	92.371	45.9264
1475.000000	92.492	45.6582
1500.000000	92.611	45.4083
1525.000000	92.727	45.1688
1550.000000	92.843	44.9371
1575.000000	92.957	44.7172
1600.000000	93.068	44.5078
1625.000000	93.176	44.3039
1650.000000	93.282	44.1055
1675.000000	93.390	43.9123
1700.000000	93.498	43.7189
1725.000000	93.607	43.5186
1750.000000	93.716	43.3084
1775.000000	93.825	43.0914
1800.000000	93.934	42.8663
1825.000000	94.044	42.6280
1850.000000	94.155	42.3764
1875.000000	94.267	42.1114
1900.000000	94.379	41.8329
1925.000000	94.490	41.5378
1950.000000	94.602	41.2213
1975.000000	94.714	40.8823
2000.000000	94.826	40.5232
2030.000000	94.961	40.0660
2060.000000	95.097	39.5762
2090.000000	95.231	39.0530
2120.000000	95.364	38.4952
2140.000000	95.451	38.1035
2180.000000	95.621	37.2700
2200.000000	95.705	36.8306
2240.000000	95.866	35.9042
2270.000000	95.983	35.1668
2300.000000	96.097	34.3938
2330.000000	96.205	33.5850
2360.000000	96.308	32.7409
2400.000000	96.437	31.5621
2430.000000	96.526	30.6432
2470.000000	96.636	29.3758
2500.000000	96.711	28.3950
2540.000000	96.801	27.0521
2580.000000	96.879	25.6712
2620.000000	96.944	24.2585
2650.000000	96.983	23.1845
2690.000000	97.022	21.7449
2720.000000	97.042	20.6631
2760.000000	97.058	19.2215
2800.000000	97.060	17.7846
2850.000000	97.044	16.0011
2900.000000	97.010	14.2397
2950.000000	96.959	12.5002
3000.000000	96.890	10.7906
3040.000000	96.823	9.4499
3070.000000	96.765	8.4651
3110.000000	96.680	7.1824
3150.000000	96.585	5.9347
3200.000000	96.455	4.4276
3250.000000	96.314	2.9828
3300.000000	96.159	1.5978
3350.000000	95.993	0.2770
3400.000000	95.814	-0.9734
3450.000000	95.622	-2.1520
3500.000000	95.417	-3.2538
3550.000000	95.199	-4.2699
3600.000000	94.966	-5.1866
3650.000000	94.717	-5.9881
3700.000000	94.451	-6.6542
3750.000000	94.166	-7.1568
3820.000000	93.735	-7.5070
3870.000000	93.407	-7.4345
3950.000000	92.858	-6.5801
4000.000000	92.511	-5.4715
4060.000000	92.116	-3.4484
4120.000000	91.786	-0.6208
4180.000000	91.571	2.9396
4250.000000	91.532	7.6676
4310.000000	91.707	11.7153
4370.000000	92.061	15.2461
4440.000000	92.637	18.2322
4500.000000	93.202	19.6485
4550.000000	93.681	20.0376
4620.000000	94.313	19.5335
4680.000000	94.790	18.3215
4750.000000	95.251	16.2539
4820.000000	95.598	13.7355
4870.000000	95.777	11.7906
4940.000000	95.936	9.0123
5000.000000	95.996	6.6823
5080.000000	95.980	3.7806
5150.000000	95.892	1.5185
5220.000000	95.748	-0.4323
5300.000000	95.533	-2.2488
5380.000000	95.279	-3.6167
5450.000000	95.036	-4.4513
5520.000000	94.784	-4.9601
5600.000000	94.492	-5.1659
5700.000000	94.136	-4.9088
5800.000000	93.801	-4.1543
5900.000000	93.499	-2.9812
6000.000000	93.235	-1.4739
6080.000000	93.055	-0.0744
6150.000000	92.922	1.2612
6220.000000	92.816	2.6750
6300.000000	92.737	4.3594
6400.000000	92.711	6.5177
6500.000000	92.758	8.6588
6600.000000	92.870	10.6983
6700.000000	93.050	12.5328
6800.000000	93.304	14.0271
6900.000000	93.634	14.9959
7000.000000	94.032	15.1929
7100.000000	94.474	14.3168
7200.000000	94.899	12.1158
7300.000000	95.224	8.6503
7400.000000	95.418	4.3446
7500.000000	95.508	-0.8207
7620.000000	95.333	-8.6026
7750.000000	94.532	-17.1619
7880.000000	93.221	-22.8743
8000.000000	91.908	-24.6634
8120.000000	90.775	-23.9358
8250.000000	89.917	-22.1123
8380.000000	89.418	-20.8286
8500.000000	89.145	-20.7558
8620.000000	88.934	-21.6865
8750.000000	88.702	-23.4297
8850.000000	88.500	-24.9884
9000.000000	88.165	-27.2413
9120.000000	87.889	-28.7437
9250.000000	87.604	-29.9467
9380.000000	87.347	-30.6612
9500.000000	87.150	-30.8363
9620.000000	87.016	-30.6269
9750.000000	86.937	-30.2255
9880.000000	86.902	-29.6974
10000.000000	86.903	-29.1022
10150.000000	86.943	-28.3053
10300.000000	87.010	-27.6016
10440.000000	87.076	-27.1052
10600.000000	87.130	-26.7926
10750.000000	87.128	-26.7861
10900.000000	87.047	-27.0218
11060.000000	86.842	-27.4081
11200.000000	86.543	-27.6510
11380.000000	86.002	-27.3339
11500.000000	85.587	-26.5000
11720.000000	84.834	-24.3160
11800.000000	84.548	-23.5274
12060.000000	83.488	-20.4715
12200.000000	82.861	-18.2628
12410.000000	81.916	-14.2807
12500.000000	81.525	-12.4055
12650.000000	80.903	-9.1607
12800.000000	80.318	-5.8681
13150.000000	79.074	1.2047
13200.000000	78.908	2.0559
13400.000000	78.274	4.7938
13600.000000	77.679	6.0545
13800.000000	77.119	5.0897
14000.000000	76.629	0.8383
14300.000000	76.391	-15.4096
14500.000000	77.160	-36.0290
14750.000000	79.563	-72.6026
15000.000000	82.385	-112.8723
15250.000000	84.124	-149.7122
15500.000000	84.526	-179.2422
15750.000000	84.274	159.3377
16000.000000	83.992	143.2232
16250.000000	83.745	129.3525
16500.000000	83.381	117.3434
16750.000000	83.105	106.8244
17000.000000	83.016	95.8824
17250.000000	83.027	83.2545
17500.000000	83.066	68.2701
17750.000000	83.096	50.2804
18000.000000	83.091	28.4620
18250.000000	83.003	1.7250
18500.000000	82.713	-31.2208
18750.000000	81.973	-71.4960
19000.000000	80.378	-119.2569
19250.000000	77.507	-173.1076
19500.000000	73.197	131.9097
19750.000000	68.052	114.0504
20000.000000	64.516	130.6154
