* Measurement data measured by REW V5.31.3
* Source: USB-C to 3.5mm Headphone Jack Adapter, no input selected, 0, volume: no control
* Format: 256k Log Swept Sine, 4 sweeps at -12.0 dBFS with no timing reference
* Dated: Aug 31, 2025 6:18:26 PM
* REW Settings:
*  C-weighting compensation: Off
*  Target level: 75.0 dB
* Note: ; 
* Measurement: Symphonium Titan FusionG R
* Smoothing: 1/24 octave
* Frequency Step: 1/48 octave
* Start Frequency: 20.300 Hz
*
* Freq(Hz)	SPL(dB)	Phase(degrees)
20.299999	107.539	151.5493
20.600000	107.501	150.8696
20.900000	107.460	150.1644
21.200001	107.423	149.4635
21.400000	107.403	148.9848
21.799999	107.370	147.9671
22.000000	107.355	147.4196
22.400000	107.323	146.2483
22.700001	107.292	145.3223
23.000000	107.251	144.3861
23.299999	107.199	143.4718
23.600000	107.139	142.6073
24.000000	107.053	141.5558
24.299999	106.989	140.8361
24.700001	106.912	139.9252
25.000000	106.862	139.2414
25.400000	106.801	138.2902
25.799999	106.740	137.2922
26.200001	106.671	136.2870
26.500000	106.615	135.5615
26.900000	106.537	134.6610
27.200001	106.479	134.0362
27.600000	106.405	133.2454
28.000000	106.337	132.4640
28.500000	106.255	131.4626
29.000000	106.176	130.4438
29.500000	106.102	129.4429
30.000000	106.040	128.4659
30.400000	105.994	127.6866
30.700001	105.958	127.1004
31.100000	105.902	126.3288
31.500000	105.832	125.5911
32.000000	105.732	124.7298
32.500000	105.630	123.8868
33.000000	105.535	122.9721
33.500000	105.442	121.9504
34.000000	105.351	120.8840
34.500000	105.263	119.8679
35.000000	105.185	118.9437
35.500000	105.115	118.0923
36.000000	105.042	117.2902
36.500000	104.959	116.5354
37.000000	104.866	115.8160
37.500000	104.768	115.0908
38.200001	104.622	114.0102
38.700001	104.515	113.2142
39.500000	104.363	111.9469
40.000000	104.284	111.1385
40.599998	104.191	110.1785
41.200001	104.089	109.3303
41.799999	103.987	108.6170
42.500000	103.869	107.8028
43.099998	103.759	107.0254
43.700001	103.646	106.1935
44.400002	103.525	105.1735
45.000000	103.429	104.2813
45.500000	103.344	103.6055
46.200001	103.220	102.8605
46.799999	103.118	102.3064
47.500000	102.991	101.5330
48.200001	102.845	100.6214
48.700001	102.742	99.9679
49.400002	102.627	99.0917
50.000000	102.551	98.3827
50.799999	102.458	97.5606
51.500000	102.366	96.9338
52.200001	102.253	96.2690
53.000000	102.091	95.4350
53.799999	101.928	94.6276
54.500000	101.812	93.9581
55.200001	101.714	93.2783
56.000000	101.600	92.4778
57.000000	101.432	91.5161
58.000000	101.261	90.6734
59.000000	101.108	89.8883
60.000000	100.948	89.1082
60.799999	100.813	88.4939
61.500000	100.703	87.9467
62.200001	100.606	87.3833
63.000000	100.504	86.7142
64.000000	100.360	85.8291
65.000000	100.189	85.0066
66.000000	100.039	84.3335
67.000000	99.922	83.6742
68.000000	99.797	82.9754
69.000000	99.644	82.2839
70.000000	99.483	81.6892
71.000000	99.345	81.1529
72.000000	99.220	80.4724
73.000000	99.083	79.7351
74.000000	98.952	79.0956
75.000000	98.826	78.4917
76.199997	98.659	77.8894
77.500000	98.487	77.3419
78.800003	98.331	76.7948
80.000000	98.204	76.1156
81.199997	98.065	75.3429
82.500000	97.911	74.6687
83.800003	97.760	74.0450
85.000000	97.620	73.4129
86.199997	97.477	72.8402
87.500000	97.324	72.3212
88.500000	97.206	71.9109
90.000000	97.035	71.2995
91.199997	96.911	70.8027
92.500000	96.779	70.2453
93.800003	96.648	69.7601
95.000000	96.528	69.3441
96.199997	96.406	68.8992
97.500000	96.276	68.4212
98.800003	96.151	67.9531
100.000000	96.039	67.4794
101.500000	95.905	66.9667
103.000000	95.771	66.6763
104.400002	95.648	66.2137
106.000000	95.501	65.5067
107.500000	95.368	65.0185
109.000000	95.234	64.6006
110.599998	95.105	64.1378
112.000000	94.999	63.7228
113.800003	94.857	63.1556
115.000000	94.763	62.8008
117.199997	94.604	62.1940
118.000000	94.548	61.9771
120.599998	94.351	61.4055
122.000000	94.248	61.1042
124.099998	94.097	60.6419
125.000000	94.032	60.4668
126.500000	93.924	60.1295
128.000000	93.826	59.7285
131.500000	93.618	58.8517
132.000000	93.587	58.7399
134.000000	93.468	58.3616
136.000000	93.344	58.0305
138.000000	93.215	57.6341
140.000000	93.120	57.3774
143.000000	92.989	56.8780
145.000000	92.899	56.3365
147.500000	92.729	55.0552
150.000000	92.478	53.8251
152.500000	92.350	55.0033
155.000000	92.289	55.3431
157.500000	92.214	54.4163
160.000000	92.132	53.7100
162.500000	92.032	53.3116
165.000000	91.925	52.8718
167.500000	91.825	52.4768
170.000000	91.726	52.1333
172.500000	91.626	51.8157
175.000000	91.535	51.4685
177.500000	91.446	51.0995
180.000000	91.356	50.7784
182.500000	91.265	50.4592
185.000000	91.182	50.1336
187.500000	91.103	49.8107
190.000000	91.027	49.5030
192.500000	90.948	49.2104
195.000000	90.860	48.9694
197.500000	90.759	48.8800
200.000000	90.665	48.8910
203.000000	90.619	48.3111
206.000000	90.566	47.7340
209.000000	90.496	47.3473
212.000000	90.426	47.0353
214.000000	90.377	46.8436
218.000000	90.281	46.4591
220.000000	90.237	46.3086
224.000000	90.148	46.0219
227.000000	90.086	45.6955
230.000000	90.027	45.3781
233.000000	89.968	45.0896
236.000000	89.911	44.8209
240.000000	89.835	44.4774
243.000000	89.779	44.2262
247.000000	89.705	43.9177
250.000000	89.654	43.7011
254.000000	89.593	43.3703
258.000000	89.530	43.0495
262.000000	89.469	42.7733
265.000000	89.426	42.5776
269.000000	89.373	42.3142
272.000000	89.338	42.0997
276.000000	89.285	41.8217
280.000000	89.225	41.5905
285.000000	89.156	41.3035
290.000000	89.096	41.0075
295.000000	89.043	40.7171
300.000000	88.993	40.4771
304.000000	88.946	40.2494
307.000000	88.913	40.0775
311.000000	88.871	39.8746
315.000000	88.832	39.6901
320.000000	88.787	39.4677
325.000000	88.744	39.2558
330.000000	88.701	39.0417
335.000000	88.660	38.8409
340.000000	88.620	38.6502
345.000000	88.582	38.4704
350.000000	88.545	38.2951
355.000000	88.509	38.1341
360.000000	88.473	37.9745
365.000000	88.439	37.8173
370.000000	88.406	37.6644
375.000000	88.374	37.5224
382.000000	88.337	37.3735
387.000000	88.310	37.2517
395.000000	88.271	37.0893
400.000000	88.246	37.0099
406.000000	88.216	36.8984
412.000000	88.188	36.7910
418.000000	88.161	36.6964
425.000000	88.131	36.6040
431.000000	88.108	36.5292
437.000000	88.087	36.4752
444.000000	88.063	36.4315
450.000000	88.042	36.3933
455.000000	88.028	36.3634
462.000000	88.010	36.3238
468.000000	87.995	36.2913
475.000000	87.977	36.2587
482.000000	87.962	36.2344
487.000000	87.951	36.2385
494.000000	87.935	36.2490
500.000000	87.923	36.2504
508.000000	87.914	36.2345
515.000000	87.904	36.2342
522.000000	87.893	36.2503
530.000000	87.882	36.2866
538.000000	87.871	36.3337
545.000000	87.863	36.3850
552.000000	87.855	36.4390
560.000000	87.846	36.5171
570.000000	87.835	36.6282
580.000000	87.829	36.7460
590.000000	87.825	36.8795
600.000000	87.821	37.0532
608.000000	87.821	37.1918
615.000000	87.821	37.3148
622.000000	87.822	37.4440
630.000000	87.824	37.5967
640.000000	87.826	37.7843
650.000000	87.831	37.9862
660.000000	87.839	38.2031
670.000000	87.847	38.4305
680.000000	87.858	38.6880
690.000000	87.871	38.9628
700.000000	87.886	39.2390
710.000000	87.903	39.5216
720.000000	87.921	39.8167
730.000000	87.942	40.1120
740.000000	87.963	40.4174
750.000000	87.987	40.7316
762.000000	88.020	41.1277
775.000000	88.061	41.5650
788.000000	88.106	42.0064
800.000000	88.150	42.4146
812.000000	88.197	42.8195
825.000000	88.253	43.2690
838.000000	88.314	43.7304
850.000000	88.372	44.1602
862.000000	88.435	44.5751
875.000000	88.508	45.0229
885.000000	88.566	45.3714
900.000000	88.659	45.8879
912.000000	88.738	46.2919
925.000000	88.828	46.7123
938.000000	88.921	47.1144
950.000000	89.011	47.4682
962.000000	89.103	47.8063
975.000000	89.208	48.1553
988.000000	89.315	48.4780
1000.000000	89.417	48.7530
1015.000000	89.549	49.0598
1030.000000	89.683	49.3243
1044.000000	89.809	49.5357
1060.000000	89.953	49.7287
1075.000000	90.089	49.8626
1090.000000	90.225	49.9541
1106.000000	90.370	50.0098
1120.000000	90.495	50.0231
1138.000000	90.652	49.9942
1150.000000	90.755	49.9499
1172.000000	90.939	49.8137
1180.000000	91.004	49.7477
1206.000000	91.206	49.4900
1220.000000	91.309	49.3291
1241.000000	91.458	49.0686
1250.000000	91.519	48.9528
1265.000000	91.617	48.7524
1280.000000	91.712	48.5448
1315.000000	91.920	48.0557
1320.000000	91.949	47.9877
1340.000000	92.059	47.7204
1360.000000	92.164	47.4565
1380.000000	92.266	47.1986
1400.000000	92.364	46.9555
1430.000000	92.505	46.6164
1450.000000	92.597	46.4058
1475.000000	92.709	46.1605
1500.000000	92.820	45.9256
1525.000000	92.929	45.7089
1550.000000	93.037	45.5058
1575.000000	93.145	45.3119
1600.000000	93.253	45.1251
1625.000000	93.360	44.9443
1650.000000	93.468	44.7656
1675.000000	93.576	44.5883
1700.000000	93.685	44.4114
1725.000000	93.796	44.2327
1750.000000	93.907	44.0490
1775.000000	94.018	43.8550
1800.000000	94.131	43.6514
1825.000000	94.244	43.4360
1850.000000	94.357	43.2068
1875.000000	94.472	42.9645
1900.000000	94.586	42.7067
1925.000000	94.701	42.4293
1950.000000	94.816	42.1308
1975.000000	94.931	41.8120
2000.000000	95.045	41.4750
2030.000000	95.182	41.0426
2060.000000	95.318	40.5774
2090.000000	95.453	40.0752
2120.000000	95.585	39.5388
2140.000000	95.672	39.1614
2180.000000	95.843	38.3522
2200.000000	95.927	37.9232
2240.000000	96.090	37.0163
2270.000000	96.208	36.2913
2300.000000	96.322	35.5286
2330.000000	96.431	34.7286
2360.000000	96.535	33.8924
2400.000000	96.664	32.7228
2430.000000	96.753	31.8083
2470.000000	96.862	30.5442
2500.000000	96.934	29.5665
2540.000000	97.020	28.2261
2580.000000	97.092	26.8515
2620.000000	97.150	25.4499
2650.000000	97.183	24.3858
2690.000000	97.215	22.9585
2720.000000	97.230	21.8856
2760.000000	97.238	20.4548
2800.000000	97.232	19.0282
2850.000000	97.205	17.2638
2900.000000	97.158	15.5373
2950.000000	97.091	13.8590
3000.000000	97.008	12.2364
3040.000000	96.931	10.9824
3070.000000	96.867	10.0681
3110.000000	96.774	8.8861
3150.000000	96.674	7.7479
3200.000000	96.539	6.3863
3250.000000	96.395	5.0936
3300.000000	96.243	3.8697
3350.000000	96.084	2.7055
3400.000000	95.918	1.5984
3450.000000	95.743	0.5496
3500.000000	95.560	-0.4394
3550.000000	95.367	-1.3676
3600.000000	95.164	-2.2313
3650.000000	94.947	-3.0251
3700.000000	94.717	-3.7355
3750.000000	94.469	-4.3403
3820.000000	94.088	-4.9489
3870.000000	93.790	-5.1470
3950.000000	93.271	-4.8734
4000.000000	92.926	-4.1930
4060.000000	92.513	-2.6941
4120.000000	92.137	-0.3221
4180.000000	91.855	2.9524
4250.000000	91.728	7.6515
4310.000000	91.844	11.9092
4370.000000	92.165	15.7602
4440.000000	92.735	19.1056
4500.000000	93.310	20.7563
4550.000000	93.801	21.2983
4620.000000	94.455	20.9774
4680.000000	94.956	19.9105
4750.000000	95.450	18.0074
4820.000000	95.843	15.6328
4870.000000	96.061	13.7582
4940.000000	96.282	11.0087
5000.000000	96.398	8.6238
5080.000000	96.458	5.5292
5150.000000	96.432	2.9977
5220.000000	96.343	0.7016
5300.000000	96.178	-1.5786
5380.000000	95.960	-3.4521
5450.000000	95.739	-4.7428
5520.000000	95.499	-5.7072
5600.000000	95.212	-6.4202
5700.000000	94.849	-6.7660
5800.000000	94.498	-6.5688
5900.000000	94.172	-5.8965
6000.000000	93.880	-4.8265
6080.000000	93.677	-3.7340
6150.000000	93.524	-2.6363
6220.000000	93.397	-1.4364
6300.000000	93.287	0.0222
6400.000000	93.207	1.9104
6500.000000	93.196	3.7808
6600.000000	93.259	5.5204
6700.000000	93.404	6.9898
6800.000000	93.634	8.0005
6900.000000	93.949	8.3169
7000.000000	94.336	7.6502
7100.000000	94.765	5.6537
7200.000000	95.172	1.9859
7300.000000	95.446	-3.4866
7400.000000	95.464	-10.3568
7500.000000	95.187	-17.8543
7620.000000	94.474	-27.1313
7750.000000	93.144	-36.4327
7880.000000	91.320	-42.6790
8000.000000	89.498	-44.7897
8120.000000	87.821	-43.8119
8250.000000	86.377	-40.4768
8380.000000	85.412	-36.3561
8500.000000	84.908	-33.1251
8620.000000	84.657	-31.1096
8750.000000	84.526	-30.3608
8850.000000	84.458	-30.5612
9000.000000	84.346	-31.5494
9120.000000	84.237	-32.5112
9250.000000	84.105	-33.3951
9380.000000	83.969	-33.8421
9500.000000	83.872	-33.7100
9620.000000	83.822	-33.2041
9750.000000	83.813	-32.3341
9880.000000	83.845	-31.1188
10000.000000	83.912	-29.7239
10150.000000	84.044	-27.7145
10300.000000	84.229	-25.5526
10440.000000	84.443	-23.5076
10600.000000	84.721	-21.2819
10750.000000	85.000	-19.4505
10900.000000	85.278	-18.0063
11060.000000	85.545	-17.0313
11200.000000	85.719	-16.7025
11380.000000	85.802	-16.8244
11500.000000	85.759	-17.0256
11720.000000	85.501	-17.4591
11800.000000	85.344	-17.6220
12060.000000	84.586	-17.6644
12200.000000	84.044	-17.1201
12410.000000	83.120	-15.3704
12500.000000	82.701	-14.2809
12650.000000	81.990	-12.0743
12800.000000	81.280	-9.4752
13150.000000	79.689	-2.6955
13200.000000	79.472	-1.7349
13400.000000	78.628	1.8396
13600.000000	77.818	4.6380
13800.000000	77.027	6.0440
14000.000000	76.234	5.1972
14300.000000	75.155	-3.7761
14500.000000	74.962	-19.7389
14750.000000	76.596	-58.3541
15000.000000	80.053	-108.8252
15250.000000	82.772	-153.7569
15500.000000	83.648	170.6118
15750.000000	83.319	145.2718
16000.000000	82.605	127.7343
16250.000000	81.765	115.2002
16500.000000	81.044	106.1117
16750.000000	80.638	97.8267
17000.000000	80.441	88.2593
17250.000000	80.299	76.6081
17500.000000	80.114	62.5117
17750.000000	79.832	45.7063
18000.000000	79.424	25.8015
18250.000000	78.867	2.2410
18500.000000	78.111	-25.6905
18750.000000	77.063	-58.7707
19000.000000	75.565	-97.5551
19250.000000	73.397	-142.0735
19500.000000	70.382	168.0709
19750.000000	66.580	112.1915
20000.000000	63.158	55.3553
