* Measurement data measured by REW V5.31.3
* Source: USB-C to 3.5mm Headphone Jack Adapter, no input selected, 0, volume: no control
* Format: 256k Log Swept Sine, 4 sweeps at -12.0 dBFS with no timing reference
* Dated: Mar 3, 2026 12:16:28 AM
* REW Settings:
*  C-weighting compensation: Off
*  Target level: 75.0 dB
* Note: ; 
* Measurement: Symphonium Meteor AET07 L
* Smoothing: 1/24 octave
* Frequency Step: 1/48 octave
* Start Frequency: 20.300 Hz
*
* Freq(Hz)	SPL(dB)	Phase(degrees)
20.299999	103.331	-173.4589
20.600000	103.338	-173.9536
20.900000	103.343	-174.4916
21.200001	103.349	-175.0433
21.400000	103.352	-175.4201
21.799999	103.361	-176.1922
22.000000	103.365	-176.5821
22.400000	103.375	-177.3513
22.700001	103.383	-177.9057
23.000000	103.390	-178.4348
23.299999	103.398	-178.9409
23.600000	103.405	-179.4325
24.000000	103.412	179.9151
24.299999	103.414	179.4171
24.700001	103.413	178.7371
25.000000	103.410	178.2204
25.400000	103.406	177.5350
25.799999	103.409	176.8615
26.200001	103.421	176.1986
26.500000	103.432	175.7073
26.900000	103.446	175.0706
27.200001	103.450	174.6231
27.600000	103.445	174.0908
28.000000	103.432	173.6345
28.500000	103.414	173.1052
29.000000	103.405	172.4959
29.500000	103.399	171.7422
30.000000	103.395	170.9152
30.400000	103.398	170.2791
30.700001	103.407	169.8337
31.100000	103.430	169.2642
31.500000	103.457	168.6891
32.000000	103.479	167.9432
32.500000	103.478	167.2057
33.000000	103.464	166.5065
33.500000	103.451	165.8030
34.000000	103.441	165.0430
34.500000	103.421	164.2654
35.000000	103.391	163.5800
35.500000	103.362	163.0315
36.000000	103.347	162.5352
36.500000	103.341	161.9729
37.000000	103.330	161.3276
37.500000	103.311	160.6811
38.200001	103.292	159.8693
38.700001	103.289	159.3013
39.500000	103.274	158.3397
40.000000	103.253	157.7652
40.599998	103.232	157.1068
41.200001	103.224	156.3867
41.799999	103.215	155.6213
42.500000	103.205	154.8463
43.099998	103.219	154.2092
43.700001	103.237	153.3632
44.400002	103.195	152.2109
45.000000	103.108	151.5178
45.500000	103.050	151.2568
46.200001	103.039	150.9732
46.799999	103.053	150.4571
47.500000	103.030	149.6540
48.200001	102.977	148.9255
48.700001	102.947	148.4395
49.400002	102.921	147.7295
50.000000	102.907	147.1359
50.799999	102.902	146.4236
51.500000	102.894	145.8047
52.200001	102.869	145.1608
53.000000	102.840	144.3768
53.799999	102.825	143.4927
54.500000	102.806	142.7534
55.200001	102.773	142.1977
56.000000	102.733	141.6902
57.000000	102.709	140.7711
58.000000	102.717	139.3008
59.000000	102.692	137.8749
60.000000	102.615	137.1986
60.799999	102.559	136.8943
61.500000	102.517	136.4420
62.200001	102.475	135.8301
63.000000	102.434	135.1151
64.000000	102.391	134.3114
65.000000	102.347	133.5067
66.000000	102.302	132.6162
67.000000	102.263	131.7147
68.000000	102.224	130.8853
69.000000	102.174	130.1240
70.000000	102.119	129.3758
71.000000	102.065	128.6145
72.000000	102.017	127.8700
73.000000	101.975	127.1396
74.000000	101.929	126.3939
75.000000	101.873	125.6470
76.199997	101.805	124.7561
77.500000	101.735	123.7891
78.800003	101.663	122.8483
80.000000	101.596	121.9916
81.199997	101.541	121.0873
82.500000	101.481	120.1295
83.800003	101.409	119.2786
85.000000	101.342	118.5238
86.199997	101.291	117.7406
87.500000	101.231	116.8381
88.500000	101.171	116.1741
90.000000	101.081	115.2457
91.199997	101.020	114.5580
92.500000	100.960	113.8057
93.800003	100.886	113.0171
95.000000	100.815	112.3032
96.199997	100.750	111.5959
97.500000	100.680	110.8258
98.800003	100.608	110.0973
100.000000	100.543	109.4633
101.500000	100.458	108.6369
103.000000	100.379	107.8232
104.400002	100.316	107.0908
106.000000	100.236	106.1497
107.500000	100.163	105.2827
109.000000	100.085	104.5695
110.599998	99.990	103.8413
112.000000	99.915	103.1997
113.800003	99.827	102.3635
115.000000	99.758	101.7841
117.199997	99.631	100.7346
118.000000	99.589	100.3516
120.599998	99.457	99.1935
122.000000	99.383	98.6069
124.099998	99.274	97.7085
125.000000	99.228	97.3376
126.500000	99.149	96.7301
128.000000	99.070	96.1133
131.500000	98.889	94.7632
132.000000	98.863	94.5751
134.000000	98.762	93.8289
136.000000	98.659	93.1254
138.000000	98.555	92.4443
140.000000	98.457	91.8253
143.000000	98.305	91.0853
145.000000	98.210	90.5543
147.500000	98.118	89.8153
150.000000	98.045	89.0489
152.500000	97.952	88.3000
155.000000	97.852	87.5286
157.500000	97.750	86.7354
160.000000	97.643	85.9662
162.500000	97.536	85.2563
165.000000	97.429	84.5600
167.500000	97.323	83.8965
170.000000	97.215	83.2677
172.500000	97.110	82.6717
175.000000	97.010	82.1277
177.500000	96.911	81.5865
180.000000	96.814	81.0613
182.500000	96.718	80.5688
185.000000	96.623	80.1079
187.500000	96.530	79.6577
190.000000	96.438	79.2225
192.500000	96.349	78.8092
195.000000	96.261	78.4118
197.500000	96.174	78.0299
200.000000	96.089	77.6620
203.000000	95.990	77.2481
206.000000	95.893	76.8573
209.000000	95.800	76.4883
212.000000	95.709	76.1383
214.000000	95.650	75.9174
218.000000	95.536	75.5029
220.000000	95.481	75.3027
224.000000	95.374	74.9273
227.000000	95.296	74.6667
230.000000	95.221	74.4198
233.000000	95.147	74.1855
236.000000	95.076	73.9592
240.000000	94.987	73.6765
243.000000	94.923	73.4798
247.000000	94.840	73.2304
250.000000	94.780	73.0520
254.000000	94.700	72.8463
258.000000	94.622	72.6559
262.000000	94.549	72.4778
265.000000	94.496	72.3550
269.000000	94.427	72.2069
272.000000	94.378	72.1066
276.000000	94.316	71.9885
280.000000	94.257	71.8878
285.000000	94.186	71.7734
290.000000	94.118	71.6709
295.000000	94.055	71.5939
300.000000	93.995	71.5316
304.000000	93.948	71.4921
307.000000	93.915	71.4721
311.000000	93.872	71.4591
315.000000	93.832	71.4533
320.000000	93.784	71.4625
325.000000	93.740	71.4946
330.000000	93.699	71.5446
335.000000	93.661	71.6073
340.000000	93.627	71.6906
345.000000	93.595	71.8004
350.000000	93.569	71.9259
355.000000	93.553	72.0592
360.000000	93.545	72.1824
365.000000	93.541	72.2803
370.000000	93.539	72.3430
375.000000	93.538	72.3694
382.000000	93.532	72.3728
387.000000	93.525	72.3691
395.000000	93.510	72.3867
400.000000	93.502	72.4159
406.000000	93.492	72.4515
412.000000	93.482	72.4911
418.000000	93.473	72.5303
425.000000	93.463	72.5809
431.000000	93.453	72.6334
437.000000	93.442	72.6940
444.000000	93.428	72.7651
450.000000	93.417	72.8309
455.000000	93.408	72.9182
462.000000	93.396	73.0513
468.000000	93.386	73.1662
475.000000	93.374	73.3135
482.000000	93.363	73.4701
487.000000	93.356	73.5853
494.000000	93.347	73.7563
500.000000	93.339	73.9108
508.000000	93.329	74.1220
515.000000	93.320	74.3137
522.000000	93.311	74.5101
530.000000	93.301	74.7419
538.000000	93.291	74.9895
545.000000	93.281	75.2247
552.000000	93.270	75.4598
560.000000	93.261	75.7078
570.000000	93.246	76.0481
580.000000	93.230	76.4207
590.000000	93.213	76.8165
600.000000	93.196	77.2289
608.000000	93.183	77.5784
615.000000	93.171	77.8975
622.000000	93.159	78.2245
630.000000	93.145	78.6103
640.000000	93.128	79.1142
650.000000	93.111	79.6395
660.000000	93.094	80.1904
670.000000	93.078	80.7617
680.000000	93.063	81.3514
690.000000	93.050	81.9609
700.000000	93.037	82.5893
710.000000	93.025	83.2352
720.000000	93.013	83.9008
730.000000	93.003	84.5845
740.000000	92.994	85.2865
750.000000	92.987	86.0062
762.000000	92.981	86.9008
775.000000	92.977	87.8938
788.000000	92.977	88.9121
800.000000	92.980	89.8729
812.000000	92.986	90.8533
825.000000	92.997	91.9362
838.000000	93.012	93.0398
850.000000	93.030	94.0665
862.000000	93.054	95.1062
875.000000	93.084	96.2443
885.000000	93.110	97.1240
900.000000	93.156	98.4420
912.000000	93.197	99.4932
925.000000	93.246	100.6303
938.000000	93.300	101.7604
950.000000	93.354	102.7946
962.000000	93.413	103.8112
975.000000	93.480	104.8933
988.000000	93.551	105.9585
1000.000000	93.619	106.9241
1015.000000	93.707	108.1033
1030.000000	93.799	109.2431
1044.000000	93.886	110.2740
1060.000000	93.988	111.4167
1075.000000	94.084	112.4503
1090.000000	94.180	113.4446
1106.000000	94.281	114.4655
1120.000000	94.369	115.3268
1138.000000	94.478	116.3955
1150.000000	94.549	117.0871
1172.000000	94.674	118.3271
1180.000000	94.718	118.7682
1206.000000	94.854	120.1669
1220.000000	94.924	120.9046
1241.000000	95.023	122.0059
1250.000000	95.063	122.4763
1265.000000	95.128	123.2589
1280.000000	95.190	124.0429
1315.000000	95.327	125.8856
1320.000000	95.345	126.1510
1340.000000	95.417	127.2212
1360.000000	95.487	128.3065
1380.000000	95.556	129.4050
1400.000000	95.623	130.5186
1430.000000	95.723	132.2103
1450.000000	95.789	133.3547
1475.000000	95.872	134.8003
1500.000000	95.957	136.2608
1525.000000	96.043	137.7311
1550.000000	96.132	139.2083
1575.000000	96.224	140.6944
1600.000000	96.319	142.1821
1625.000000	96.418	143.6669
1650.000000	96.521	145.1454
1675.000000	96.627	146.6074
1700.000000	96.738	148.0487
1725.000000	96.853	149.4691
1750.000000	96.971	150.8643
1775.000000	97.093	152.2335
1800.000000	97.219	153.5690
1825.000000	97.348	154.8653
1850.000000	97.480	156.1173
1875.000000	97.614	157.3216
1900.000000	97.751	158.4761
1925.000000	97.889	159.5773
1950.000000	98.028	160.6191
1975.000000	98.167	161.5986
2000.000000	98.306	162.5128
2030.000000	98.471	163.5221
2060.000000	98.632	164.4325
2090.000000	98.788	165.2390
2120.000000	98.937	165.9405
2140.000000	99.031	166.3511
2180.000000	99.204	167.0420
2200.000000	99.282	167.3234
2240.000000	99.418	167.7656
2270.000000	99.500	168.0059
2300.000000	99.564	168.1818
2330.000000	99.607	168.3063
2360.000000	99.629	168.3958
2400.000000	99.626	168.4895
2430.000000	99.599	168.5610
2470.000000	99.532	168.6882
2500.000000	99.459	168.8244
2540.000000	99.335	169.0840
2580.000000	99.182	169.4597
2620.000000	99.006	169.9765
2650.000000	98.862	170.4659
2690.000000	98.658	171.2608
2720.000000	98.499	171.9630
2760.000000	98.282	173.0358
2800.000000	98.064	174.2572
2850.000000	97.794	175.9713
2900.000000	97.532	177.8597
2950.000000	97.283	179.8797
3000.000000	97.048	-178.0096
3040.000000	96.870	-176.2887
3070.000000	96.741	-174.9938
3110.000000	96.574	-173.2726
3150.000000	96.410	-171.5641
3200.000000	96.203	-169.4320
3250.000000	95.991	-167.2573
3300.000000	95.777	-164.9745
3350.000000	95.572	-162.5333
3400.000000	95.393	-159.9368
3450.000000	95.253	-157.2477
3500.000000	95.161	-154.5669
3550.000000	95.120	-152.0035
3600.000000	95.127	-149.6572
3650.000000	95.177	-147.6096
3700.000000	95.263	-145.9296
3750.000000	95.379	-144.6772
3820.000000	95.573	-143.7479
3870.000000	95.719	-143.7440
3950.000000	95.928	-144.9896
4000.000000	96.016	-146.5669
4060.000000	96.042	-149.2127
4120.000000	95.952	-152.5093
4180.000000	95.725	-156.1774
4250.000000	95.289	-160.5229
4310.000000	94.790	-164.0039
4370.000000	94.209	-167.0621
4440.000000	93.475	-169.9735
4500.000000	92.841	-171.8998
4550.000000	92.332	-173.1406
4620.000000	91.680	-174.4112
4680.000000	91.198	-175.1537
4750.000000	90.744	-175.7208
4820.000000	90.423	-176.0670
4870.000000	90.282	-176.2280
4940.000000	90.210	-176.3962
5000.000000	90.267	-176.5426
5080.000000	90.506	-176.8519
5150.000000	90.856	-177.3539
5220.000000	91.320	-178.2109
5300.000000	91.953	-179.8263
5380.000000	92.634	177.6476
5450.000000	93.202	174.5745
5520.000000	93.675	170.7376
5600.000000	94.017	165.7044
5700.000000	94.058	159.3656
5800.000000	93.686	154.4341
5900.000000	93.055	151.8958
6000.000000	92.314	151.8836
6080.000000	91.713	153.5690
6150.000000	91.219	156.1095
6220.000000	90.770	159.4826
6300.000000	90.328	164.1633
6400.000000	89.890	170.9796
6500.000000	89.582	178.5833
6600.000000	89.402	-173.2847
6700.000000	89.344	-164.8309
6800.000000	89.400	-156.2123
6900.000000	89.561	-147.5586
7000.000000	89.819	-138.9590
7100.000000	90.173	-130.4890
7200.000000	90.625	-122.2753
7300.000000	91.175	-114.4813
7400.000000	91.817	-107.2957
7500.000000	92.537	-100.9521
7620.000000	93.469	-94.8277
7750.000000	94.466	-90.4985
7880.000000	95.283	-88.7928
8000.000000	95.714	-89.0814
8120.000000	95.735	-90.1380
8250.000000	95.287	-90.6733
8380.000000	94.466	-89.3050
8500.000000	93.535	-85.8594
8620.000000	92.571	-80.4513
8750.000000	91.583	-72.8752
8850.000000	90.889	-66.1556
9000.000000	89.972	-54.8930
9120.000000	89.381	-44.8747
9250.000000	88.967	-33.4390
9380.000000	88.794	-22.4760
9500.000000	88.763	-13.2906
9620.000000	88.789	-4.8826
9750.000000	88.858	3.5325
9880.000000	88.964	11.2361
10000.000000	89.084	17.6442
10150.000000	89.230	24.6099
10300.000000	89.321	30.4090
10440.000000	89.307	34.9328
10600.000000	89.125	39.4679
10750.000000	88.773	43.6433
10900.000000	88.258	48.2984
11060.000000	87.577	54.3127
11200.000000	86.934	60.7773
11380.000000	86.152	70.7951
11500.000000	85.709	78.3616
11720.000000	85.142	93.5973
11800.000000	85.029	99.3333
12060.000000	84.933	117.6438
12200.000000	85.006	127.2342
12410.000000	85.236	141.2221
12500.000000	85.371	147.0816
12650.000000	85.643	156.7099
12800.000000	85.979	166.1703
13150.000000	87.059	-172.9015
13200.000000	87.246	-170.1144
13400.000000	88.079	-159.5066
13600.000000	89.094	-149.8069
13800.000000	90.362	-141.8636
14000.000000	91.853	-137.0123
14300.000000	94.122	-138.2166
14500.000000	95.163	-145.1428
14750.000000	95.383	-157.2612
15000.000000	94.566	-167.5103
15250.000000	93.522	-173.7730
15500.000000	92.864	-178.7582
15750.000000	92.614	174.4387
16000.000000	92.543	164.7297
16250.000000	92.446	152.2103
16500.000000	92.145	137.5600
16750.000000	91.524	121.9663
17000.000000	90.602	106.6032
17250.000000	89.506	91.9440
17500.000000	88.390	77.5441
17750.000000	87.354	62.2375
18000.000000	86.416	44.4849
18250.000000	85.504	22.6503
18500.000000	84.445	-4.6234
18750.000000	82.983	-38.0716
19000.000000	80.892	-77.8048
19250.000000	78.083	-123.9669
19500.000000	74.576	-177.4825
19750.000000	70.482	118.7060
20000.000000	66.859	44.5066
