* Measurement data measured by REW V5.31.3
* Source: USB-C to 3.5mm Headphone Jack Adapter, no input selected, 0, volume: no control
* Format: 256k Log Swept Sine, 4 sweeps at -12.0 dBFS with no timing reference
* Dated: Aug 31, 2025 6:21:06 PM
* REW Settings:
*  C-weighting compensation: Off
*  Target level: 75.0 dB
* Note: ; 
* Measurement: Symphonium Titan Velvet L
* Smoothing: 1/24 octave
* Frequency Step: 1/48 octave
* Start Frequency: 20.300 Hz
*
* Freq(Hz)	SPL(dB)	Phase(degrees)
20.299999	107.610	158.5270
20.600000	107.571	157.6760
20.900000	107.522	156.8004
21.200001	107.475	155.9646
21.400000	107.448	155.4192
21.799999	107.404	154.3141
22.000000	107.386	153.7386
22.400000	107.349	152.5328
22.700001	107.315	151.6024
23.000000	107.273	150.6869
23.299999	107.225	149.8201
23.600000	107.176	149.0197
24.000000	107.119	148.0403
24.299999	107.085	147.3325
24.700001	107.049	146.3596
25.000000	107.021	145.5870
25.400000	106.972	144.5198
25.799999	106.906	143.4722
26.200001	106.830	142.5007
26.500000	106.773	141.8238
26.900000	106.706	140.9486
27.200001	106.663	140.2764
27.600000	106.609	139.3311
28.000000	106.551	138.3500
28.500000	106.466	137.1623
29.000000	106.376	136.0952
29.500000	106.296	135.1226
30.000000	106.225	134.1488
30.400000	106.169	133.3293
30.700001	106.125	132.6957
31.100000	106.062	131.8482
31.500000	105.997	131.0171
32.000000	105.919	129.9999
32.500000	105.845	128.9794
33.000000	105.767	127.9516
33.500000	105.682	126.9604
34.000000	105.593	126.0483
34.500000	105.511	125.1976
35.000000	105.433	124.3440
35.500000	105.350	123.4548
36.000000	105.257	122.5639
36.500000	105.162	121.7124
37.000000	105.077	120.8759
37.500000	105.003	119.9933
38.200001	104.893	118.7215
38.700001	104.802	117.9460
39.500000	104.678	116.9998
40.000000	104.625	116.3511
40.599998	104.551	115.3184
41.200001	104.432	114.1968
41.799999	104.289	113.2993
42.500000	104.160	112.5324
43.099998	104.085	111.7964
43.700001	104.003	110.8567
44.400002	103.869	109.7119
45.000000	103.744	108.8777
45.500000	103.653	108.2859
46.200001	103.551	107.4900
46.799999	103.472	106.7445
47.500000	103.365	105.7803
48.200001	103.231	104.8051
48.700001	103.128	104.1667
49.400002	102.991	103.3690
50.000000	102.886	102.7317
50.799999	102.758	101.8806
51.500000	102.657	101.0732
52.200001	102.555	100.1806
53.000000	102.421	99.2577
53.799999	102.290	98.6609
54.500000	102.201	98.2225
55.200001	102.120	97.5869
56.000000	102.004	96.6723
57.000000	101.853	95.6410
58.000000	101.728	94.6537
59.000000	101.569	93.4001
60.000000	101.354	92.3025
60.799999	101.213	91.7422
61.500000	101.123	91.3001
62.200001	101.034	90.8229
63.000000	100.924	90.2781
64.000000	100.794	89.5316
65.000000	100.641	88.7034
66.000000	100.435	88.0844
67.000000	100.241	87.5532
68.000000	100.112	86.7262
69.000000	100.037	85.7768
70.000000	99.950	84.9709
71.000000	99.783	84.3486
72.000000	99.568	83.5498
73.000000	99.348	82.5606
74.000000	99.213	82.1288
75.000000	99.198	81.9204
76.199997	99.134	81.0269
77.500000	99.023	79.9608
78.800003	98.957	79.0944
80.000000	98.774	78.6035
81.199997	98.564	78.1428
82.500000	98.402	77.6200
83.800003	98.271	77.3478
85.000000	98.113	76.7911
86.199997	97.940	76.1741
87.500000	97.788	75.4338
88.500000	97.691	74.6517
90.000000	97.549	73.6670
91.199997	97.417	73.4716
92.500000	97.261	73.3671
93.800003	97.101	72.7956
95.000000	96.966	71.9842
96.199997	96.843	71.4371
97.500000	96.705	71.6254
98.800003	96.587	71.6286
100.000000	96.491	70.9519
101.500000	96.427	70.0809
103.000000	96.390	69.1158
104.400002	96.234	68.4061
106.000000	96.028	68.5418
107.500000	95.845	68.4353
109.000000	95.721	67.8666
110.599998	95.611	67.0462
112.000000	95.472	66.6635
113.800003	95.327	66.3881
115.000000	95.297	66.0645
117.199997	95.258	65.7888
118.000000	95.214	65.7599
120.599998	94.929	63.9947
122.000000	94.815	63.3904
124.099998	94.670	63.4047
125.000000	94.604	63.2031
126.500000	94.492	62.7779
128.000000	94.398	62.0863
131.500000	94.272	60.8106
132.000000	94.230	60.7340
134.000000	94.032	60.4184
136.000000	93.872	60.0308
138.000000	93.751	59.5550
140.000000	93.654	59.2146
143.000000	93.536	58.5263
145.000000	93.438	57.9049
147.500000	93.100	57.5182
150.000000	92.584	56.7468
152.500000	92.624	55.3110
155.000000	92.575	53.7759
157.500000	92.669	54.7015
160.000000	92.648	55.2891
162.500000	92.545	55.0259
165.000000	92.431	54.6768
167.500000	92.310	54.3415
170.000000	92.207	53.9362
172.500000	92.122	53.5880
175.000000	92.029	53.2031
177.500000	91.933	52.8209
180.000000	91.841	52.4454
182.500000	91.752	52.1188
185.000000	91.673	51.7913
187.500000	91.591	51.4373
190.000000	91.513	51.0885
192.500000	91.439	50.7889
195.000000	91.376	50.5048
197.500000	91.313	50.2367
200.000000	91.233	50.0579
203.000000	91.129	49.7340
206.000000	91.041	49.3327
209.000000	90.968	48.9087
212.000000	90.894	48.5734
214.000000	90.843	48.3947
218.000000	90.748	48.0000
220.000000	90.693	47.7582
224.000000	90.568	47.2414
227.000000	90.512	46.9606
230.000000	90.469	46.6688
233.000000	90.419	46.3476
236.000000	90.359	46.0545
240.000000	90.278	45.7036
243.000000	90.220	45.4714
247.000000	90.147	45.1789
250.000000	90.093	44.9725
254.000000	90.029	44.6491
258.000000	89.968	44.2986
262.000000	89.900	43.9984
265.000000	89.848	43.7730
269.000000	89.785	43.4609
272.000000	89.745	43.2516
276.000000	89.696	42.9445
280.000000	89.643	42.6781
285.000000	89.572	42.4040
290.000000	89.509	42.0741
295.000000	89.458	41.7632
300.000000	89.409	41.4564
304.000000	89.358	41.2376
307.000000	89.320	41.0933
311.000000	89.275	40.8850
315.000000	89.234	40.6897
320.000000	89.188	40.4327
325.000000	89.140	40.2053
330.000000	89.088	39.9558
335.000000	89.043	39.7241
340.000000	89.000	39.5644
345.000000	88.958	39.4082
350.000000	88.917	39.2671
355.000000	88.884	39.0636
360.000000	88.852	38.8881
365.000000	88.816	38.6941
370.000000	88.766	38.4538
375.000000	88.719	38.2652
382.000000	88.697	38.2157
387.000000	88.671	38.1157
395.000000	88.623	37.9022
400.000000	88.597	37.7832
406.000000	88.574	37.6750
412.000000	88.546	37.5603
418.000000	88.517	37.4584
425.000000	88.489	37.3601
431.000000	88.463	37.2774
437.000000	88.438	37.1973
444.000000	88.410	37.1140
450.000000	88.387	37.0451
455.000000	88.369	37.0027
462.000000	88.347	36.9493
468.000000	88.330	36.9074
475.000000	88.312	36.8720
482.000000	88.292	36.8615
487.000000	88.277	36.8684
494.000000	88.257	36.8837
500.000000	88.242	36.8817
508.000000	88.228	36.8773
515.000000	88.216	36.9195
522.000000	88.204	36.9763
530.000000	88.190	36.9876
538.000000	88.177	37.0226
545.000000	88.167	37.0932
552.000000	88.160	37.1691
560.000000	88.152	37.2416
570.000000	88.142	37.3482
580.000000	88.135	37.4734
590.000000	88.130	37.6052
600.000000	88.127	37.7584
608.000000	88.129	37.9014
615.000000	88.130	38.0299
622.000000	88.132	38.1647
630.000000	88.133	38.3256
640.000000	88.138	38.5295
650.000000	88.145	38.7438
660.000000	88.155	38.9754
670.000000	88.168	39.2136
680.000000	88.182	39.4458
690.000000	88.197	39.6825
700.000000	88.214	39.9232
710.000000	88.231	40.1722
720.000000	88.249	40.4319
730.000000	88.269	40.7182
740.000000	88.291	41.0188
750.000000	88.315	41.3140
762.000000	88.348	41.6902
775.000000	88.387	42.1058
788.000000	88.430	42.5293
800.000000	88.472	42.9229
812.000000	88.516	43.3323
825.000000	88.569	43.7917
838.000000	88.626	44.2557
850.000000	88.683	44.6887
862.000000	88.745	45.1227
875.000000	88.816	45.5868
885.000000	88.874	45.9430
900.000000	88.967	46.4700
912.000000	89.046	46.8851
925.000000	89.137	47.3203
938.000000	89.233	47.7403
950.000000	89.325	48.1150
962.000000	89.422	48.4707
975.000000	89.531	48.8270
988.000000	89.643	49.1580
1000.000000	89.748	49.4416
1015.000000	89.884	49.7567
1030.000000	90.023	50.0259
1044.000000	90.155	50.2349
1060.000000	90.306	50.4194
1075.000000	90.449	50.5483
1090.000000	90.590	50.6286
1106.000000	90.740	50.6577
1120.000000	90.869	50.6464
1138.000000	91.033	50.5903
1150.000000	91.139	50.5252
1172.000000	91.327	50.3545
1180.000000	91.394	50.2813
1206.000000	91.602	50.0016
1220.000000	91.710	49.8249
1241.000000	91.866	49.5334
1250.000000	91.930	49.3985
1265.000000	92.034	49.1654
1280.000000	92.134	48.9281
1315.000000	92.355	48.3582
1320.000000	92.385	48.2750
1340.000000	92.500	47.9445
1360.000000	92.611	47.6250
1380.000000	92.716	47.3143
1400.000000	92.818	47.0126
1430.000000	92.964	46.5725
1450.000000	93.059	46.2916
1475.000000	93.173	45.9600
1500.000000	93.285	45.6439
1525.000000	93.394	45.3420
1550.000000	93.501	45.0548
1575.000000	93.608	44.7828
1600.000000	93.714	44.5193
1625.000000	93.820	44.2625
1650.000000	93.926	44.0128
1675.000000	94.033	43.7693
1700.000000	94.140	43.5217
1725.000000	94.247	43.2697
1750.000000	94.356	43.0128
1775.000000	94.464	42.7526
1800.000000	94.574	42.4803
1825.000000	94.683	42.1974
1850.000000	94.791	41.9028
1875.000000	94.900	41.5963
1900.000000	95.009	41.2776
1925.000000	95.118	40.9447
1950.000000	95.227	40.5968
1975.000000	95.337	40.2297
2000.000000	95.446	39.8436
2030.000000	95.576	39.3519
2060.000000	95.705	38.8276
2090.000000	95.832	38.2718
2120.000000	95.958	37.6841
2140.000000	96.041	37.2731
2180.000000	96.203	36.4007
2200.000000	96.282	35.9397
2240.000000	96.435	34.9693
2270.000000	96.546	34.2009
2300.000000	96.652	33.3988
2330.000000	96.753	32.5649
2360.000000	96.850	31.6977
2400.000000	96.970	30.4899
2430.000000	97.053	29.5473
2470.000000	97.153	28.2426
2500.000000	97.220	27.2339
2540.000000	97.297	25.8555
2580.000000	97.360	24.4460
2620.000000	97.409	23.0124
2650.000000	97.435	21.9248
2690.000000	97.456	20.4678
2720.000000	97.463	19.3768
2760.000000	97.458	17.9351
2800.000000	97.438	16.5181
2850.000000	97.395	14.8003
2900.000000	97.336	13.1657
2950.000000	97.268	11.6233
3000.000000	97.197	10.1523
3040.000000	97.143	8.9873
3070.000000	97.103	8.0918
3110.000000	97.046	6.8470
3150.000000	96.978	5.5457
3200.000000	96.872	3.8815
3250.000000	96.740	2.2303
3300.000000	96.584	0.6400
3350.000000	96.409	-0.8662
3400.000000	96.217	-2.2846
3450.000000	96.010	-3.6117
3500.000000	95.789	-4.8484
3550.000000	95.554	-5.9916
3600.000000	95.304	-7.0369
3650.000000	95.037	-7.9726
3700.000000	94.752	-8.7789
3750.000000	94.447	-9.4245
3820.000000	93.988	-9.9825
3870.000000	93.638	-10.0725
3950.000000	93.050	-9.5164
4000.000000	92.677	-8.6219
4060.000000	92.245	-6.8762
4120.000000	91.867	-4.3303
4180.000000	91.592	-1.0200
4250.000000	91.466	3.5107
4310.000000	91.560	7.5269
4370.000000	91.836	11.1649
4440.000000	92.340	14.4014
4500.000000	92.861	16.0683
4550.000000	93.315	16.6547
4620.000000	93.924	16.3759
4680.000000	94.389	15.3012
4750.000000	94.836	13.3353
4820.000000	95.170	10.8668
4870.000000	95.338	8.9310
4940.000000	95.478	6.1349
5000.000000	95.518	3.7726
5080.000000	95.472	0.8137
5150.000000	95.352	-1.5073
5220.000000	95.172	-3.5187
5300.000000	94.912	-5.3975
5380.000000	94.609	-6.8152
5450.000000	94.321	-7.6833
5520.000000	94.020	-8.2190
5600.000000	93.670	-8.4483
5700.000000	93.236	-8.2118
5800.000000	92.815	-7.4595
5900.000000	92.416	-6.2560
6000.000000	92.045	-4.6722
6080.000000	91.771	-3.1700
6150.000000	91.548	-1.7126
6220.000000	91.343	-0.1395
6300.000000	91.130	1.7773
6400.000000	90.899	4.3168
6500.000000	90.707	6.9694
6600.000000	90.556	9.6825
6700.000000	90.445	12.4108
6800.000000	90.374	15.0966
6900.000000	90.344	17.6800
7000.000000	90.351	20.0938
7100.000000	90.387	22.2582
7200.000000	90.433	24.1314
7300.000000	90.469	25.8568
7400.000000	90.518	27.7605
7500.000000	90.663	29.7228
7620.000000	90.955	31.1440
7750.000000	91.255	31.2952
7880.000000	91.466	30.7942
8000.000000	91.631	30.2785
8120.000000	91.848	29.7120
8250.000000	92.200	28.5223
8380.000000	92.647	26.0622
8500.000000	93.061	22.3524
8620.000000	93.393	17.3354
8750.000000	93.587	10.8225
8850.000000	93.593	5.4235
9000.000000	93.371	-2.5920
9120.000000	93.032	-8.4466
9250.000000	92.563	-13.8980
9380.000000	92.048	-18.2985
9500.000000	91.577	-21.3866
9620.000000	91.160	-23.6407
9750.000000	90.792	-25.4918
9880.000000	90.493	-26.9022
10000.000000	90.273	-27.8869
10150.000000	90.067	-28.8421
10300.000000	89.923	-29.6546
10440.000000	89.826	-30.4221
10600.000000	89.729	-31.4279
10750.000000	89.621	-32.5701
10900.000000	89.463	-33.9140
11060.000000	89.202	-35.4756
11200.000000	88.873	-36.7816
11380.000000	88.299	-37.9261
11500.000000	87.859	-38.0851
11720.000000	87.068	-37.5778
11800.000000	86.778	-37.3988
12060.000000	85.711	-36.5038
12200.000000	85.076	-35.5155
12410.000000	84.108	-33.3953
12500.000000	83.701	-32.3267
12650.000000	83.042	-30.4459
12800.000000	82.414	-28.5713
13150.000000	81.100	-25.1881
13200.000000	80.931	-24.9326
13400.000000	80.314	-24.8376
13600.000000	79.800	-26.8338
13800.000000	79.425	-31.9440
14000.000000	79.276	-41.5184
14300.000000	79.853	-67.5321
14500.000000	80.878	-93.3882
14750.000000	82.258	-130.8921
15000.000000	82.943	-166.0311
15250.000000	82.843	166.6609
15500.000000	82.432	147.6469
15750.000000	82.107	134.3021
16000.000000	81.970	123.3802
16250.000000	81.864	112.7470
16500.000000	81.651	102.2633
16750.000000	81.445	91.7982
17000.000000	81.297	80.2867
17250.000000	81.156	67.0070
17500.000000	80.991	51.4805
17750.000000	80.790	33.1179
18000.000000	80.538	11.1208
18250.000000	80.201	-15.5542
18500.000000	79.683	-48.1357
18750.000000	78.781	-87.8235
19000.000000	77.135	-135.1044
19250.000000	74.314	171.3529
19500.000000	70.069	118.0989
19750.000000	65.005	103.7572
20000.000000	61.648	98.0279
