* Measurement data measured by REW V5.31.3
* Source: USB-C to 3.5mm Headphone Jack Adapter, no input selected, 0, volume: no control
* Format: 256k Log Swept Sine, 4 sweeps at -12.0 dBFS with no timing reference
* Dated: Mar 3, 2026 1:12:50 AM
* REW Settings:
*  C-weighting compensation: Off
*  Target level: 75.0 dB
* Note: ; 
* Measurement: Symphonium Meteor Coreir L
* Smoothing: 1/24 octave
* Frequency Step: 1/48 octave
* Start Frequency: 20.300 Hz
*
* Freq(Hz)	SPL(dB)	Phase(degrees)
20.299999	103.326	-174.2025
20.600000	103.333	-174.7132
20.900000	103.340	-175.2704
21.200001	103.347	-175.8464
21.400000	103.353	-176.2433
21.799999	103.364	-177.0626
22.000000	103.370	-177.4765
22.400000	103.377	-178.2838
22.700001	103.382	-178.8524
23.000000	103.386	-179.3840
23.299999	103.392	-179.8881
23.600000	103.399	179.6178
24.000000	103.408	178.9451
24.299999	103.410	178.4213
24.700001	103.404	177.7097
25.000000	103.395	177.1844
25.400000	103.383	176.5166
25.799999	103.377	175.8835
26.200001	103.382	175.2556
26.500000	103.392	174.7677
26.900000	103.408	174.0859
27.200001	103.418	173.5615
27.600000	103.426	172.8754
28.000000	103.429	172.2330
28.500000	103.431	171.4972
29.000000	103.436	170.7911
29.500000	103.440	170.0626
30.000000	103.436	169.3032
30.400000	103.427	168.6905
30.700001	103.419	168.2364
31.100000	103.408	167.6403
31.500000	103.399	167.0511
32.000000	103.393	166.3185
32.500000	103.389	165.5931
33.000000	103.385	164.8844
33.500000	103.379	164.1973
34.000000	103.370	163.5283
34.500000	103.359	162.8688
35.000000	103.349	162.2089
35.500000	103.341	161.5420
36.000000	103.339	160.8690
36.500000	103.339	160.1982
37.000000	103.338	159.5408
37.500000	103.331	158.9065
38.200001	103.308	158.0615
38.700001	103.285	157.4724
39.500000	103.252	156.4975
40.000000	103.237	155.8637
40.599998	103.225	155.1175
41.200001	103.215	154.4169
41.799999	103.200	153.7501
42.500000	103.170	152.9747
43.099998	103.142	152.2778
43.700001	103.122	151.5330
44.400002	103.106	150.6695
45.000000	103.096	150.0226
45.500000	103.086	149.5272
46.200001	103.058	148.7704
46.799999	103.016	148.0664
47.500000	102.997	147.2727
48.200001	103.065	146.2994
48.700001	103.128	145.3730
49.400002	103.135	144.0960
50.000000	103.052	143.5216
50.799999	102.931	143.4767
51.500000	102.875	143.2834
52.200001	102.826	142.6125
53.000000	102.772	141.7198
53.799999	102.752	140.9355
54.500000	102.745	140.2760
55.200001	102.733	139.6301
56.000000	102.712	138.8669
57.000000	102.661	137.8739
58.000000	102.597	136.9662
59.000000	102.554	136.0507
60.000000	102.524	135.0857
60.799999	102.498	134.3209
61.500000	102.466	133.6635
62.200001	102.429	133.0139
63.000000	102.387	132.2694
64.000000	102.338	131.3389
65.000000	102.296	130.4487
66.000000	102.259	129.5724
67.000000	102.208	128.7107
68.000000	102.150	127.8660
69.000000	102.101	126.9938
70.000000	102.061	126.1421
71.000000	102.006	125.3327
72.000000	101.943	124.4074
73.000000	101.893	123.1431
74.000000	101.831	122.0322
75.000000	101.783	121.5756
76.199997	101.739	121.1259
77.500000	101.669	120.2934
78.800003	101.621	119.2970
80.000000	101.558	118.3696
81.199997	101.477	117.5044
82.500000	101.402	116.5842
83.800003	101.338	115.6451
85.000000	101.282	114.7969
86.199997	101.222	113.9948
87.500000	101.150	113.1363
88.500000	101.098	112.4359
90.000000	101.019	111.3529
91.199997	100.950	110.5508
92.500000	100.879	109.7357
93.800003	100.810	108.9464
95.000000	100.747	108.2053
96.199997	100.685	107.4475
97.500000	100.621	106.6402
98.800003	100.559	105.8606
100.000000	100.501	105.1410
101.500000	100.421	104.2348
103.000000	100.339	103.3401
104.400002	100.262	102.5341
106.000000	100.171	101.6260
107.500000	100.090	100.7894
109.000000	100.009	99.9777
110.599998	99.924	99.1260
112.000000	99.850	98.4005
113.800003	99.754	97.4800
115.000000	99.689	96.8770
117.199997	99.570	95.7841
118.000000	99.528	95.3898
120.599998	99.393	94.1664
122.000000	99.319	93.5348
124.099998	99.209	92.6003
125.000000	99.161	92.2066
126.500000	99.083	91.5588
128.000000	99.005	90.9197
131.500000	98.832	89.5010
132.000000	98.807	89.3058
134.000000	98.707	88.5247
136.000000	98.611	87.7645
138.000000	98.518	87.0468
140.000000	98.428	86.3531
143.000000	98.316	85.3431
145.000000	98.250	84.5350
147.500000	98.179	83.3116
150.000000	98.033	82.6233
152.500000	97.911	81.9433
155.000000	97.815	81.1135
157.500000	97.712	80.2954
160.000000	97.603	79.5163
162.500000	97.501	78.7592
165.000000	97.396	78.0650
167.500000	97.293	77.4218
170.000000	97.199	76.7318
172.500000	97.106	76.0342
175.000000	97.008	75.3857
177.500000	96.908	74.7812
180.000000	96.812	74.2027
182.500000	96.720	73.6338
185.000000	96.629	73.0831
187.500000	96.542	72.5526
190.000000	96.455	72.0451
192.500000	96.370	71.5538
195.000000	96.287	71.0750
197.500000	96.205	70.6121
200.000000	96.126	70.1691
203.000000	96.031	69.6600
206.000000	95.941	69.1642
209.000000	95.852	68.6866
212.000000	95.766	68.2614
214.000000	95.711	67.9952
218.000000	95.607	67.4252
220.000000	95.554	67.1353
224.000000	95.449	66.6255
227.000000	95.376	66.2556
230.000000	95.306	65.8879
233.000000	95.236	65.5417
236.000000	95.168	65.2228
240.000000	95.080	64.8147
243.000000	95.017	64.5130
247.000000	94.935	64.1234
250.000000	94.875	63.8644
254.000000	94.800	63.5681
258.000000	94.728	63.2681
262.000000	94.656	63.0032
265.000000	94.603	62.8244
269.000000	94.538	62.6076
272.000000	94.494	62.4804
276.000000	94.441	62.3676
280.000000	94.397	62.3020
285.000000	94.361	62.1180
290.000000	94.343	61.8624
295.000000	94.318	61.4913
300.000000	94.283	61.1520
304.000000	94.254	60.9163
307.000000	94.233	60.7354
311.000000	94.207	60.4958
315.000000	94.179	60.2669
320.000000	94.145	59.9840
325.000000	94.114	59.7201
330.000000	94.086	59.4763
335.000000	94.055	59.2316
340.000000	94.026	58.9883
345.000000	93.998	58.7722
350.000000	93.970	58.5966
355.000000	93.947	58.4157
360.000000	93.930	58.2477
365.000000	93.913	58.0769
370.000000	93.895	57.9160
375.000000	93.878	57.7683
382.000000	93.859	57.5573
387.000000	93.848	57.4074
395.000000	93.831	57.1788
400.000000	93.821	57.0447
406.000000	93.808	56.8939
412.000000	93.795	56.7499
418.000000	93.781	56.6371
425.000000	93.764	56.4833
431.000000	93.751	56.3368
437.000000	93.738	56.1950
444.000000	93.727	56.0330
450.000000	93.721	55.9102
455.000000	93.719	55.8157
462.000000	93.717	55.7171
468.000000	93.713	55.6687
475.000000	93.706	55.6205
482.000000	93.700	55.5667
487.000000	93.700	55.5315
494.000000	93.702	55.4825
500.000000	93.703	55.4350
508.000000	93.706	55.3629
515.000000	93.710	55.2970
522.000000	93.714	55.2216
530.000000	93.715	55.1174
538.000000	93.714	55.0027
545.000000	93.712	54.9055
552.000000	93.707	54.8262
560.000000	93.697	54.7637
570.000000	93.682	54.7115
580.000000	93.667	54.6860
590.000000	93.651	54.6888
600.000000	93.636	54.7147
608.000000	93.623	54.7542
615.000000	93.612	54.8051
622.000000	93.601	54.8679
630.000000	93.588	54.9493
640.000000	93.574	55.0682
650.000000	93.559	55.2143
660.000000	93.544	55.3848
670.000000	93.529	55.5739
680.000000	93.516	55.7824
690.000000	93.503	56.0109
700.000000	93.491	56.2600
710.000000	93.480	56.5314
720.000000	93.471	56.8221
730.000000	93.463	57.1293
740.000000	93.456	57.4567
750.000000	93.451	57.8044
762.000000	93.445	58.2489
775.000000	93.442	58.7569
788.000000	93.444	59.2931
800.000000	93.448	59.8133
812.000000	93.456	60.3473
825.000000	93.469	60.9448
838.000000	93.486	61.5693
850.000000	93.505	62.1659
862.000000	93.531	62.7502
875.000000	93.565	63.3953
885.000000	93.593	63.9002
900.000000	93.641	64.6618
912.000000	93.684	65.2710
925.000000	93.737	65.9250
938.000000	93.794	66.5684
950.000000	93.852	67.1517
962.000000	93.912	67.7262
975.000000	93.982	68.3301
988.000000	94.056	68.9093
1000.000000	94.127	69.4251
1015.000000	94.220	70.0427
1030.000000	94.315	70.6225
1044.000000	94.405	71.1301
1060.000000	94.511	71.6693
1075.000000	94.612	72.1362
1090.000000	94.712	72.5668
1106.000000	94.818	72.9892
1120.000000	94.910	73.3289
1138.000000	95.026	73.7263
1150.000000	95.102	73.9669
1172.000000	95.234	74.3596
1180.000000	95.281	74.4940
1206.000000	95.426	74.9019
1220.000000	95.501	75.1039
1241.000000	95.607	75.3985
1250.000000	95.651	75.5215
1265.000000	95.721	75.7217
1280.000000	95.789	75.9208
1315.000000	95.938	76.3958
1320.000000	95.959	76.4666
1340.000000	96.038	76.7569
1360.000000	96.115	77.0549
1380.000000	96.190	77.3609
1400.000000	96.264	77.6833
1430.000000	96.372	78.1944
1450.000000	96.444	78.5507
1475.000000	96.537	78.9962
1500.000000	96.631	79.4583
1525.000000	96.726	79.9219
1550.000000	96.824	80.3857
1575.000000	96.925	80.8561
1600.000000	97.028	81.3214
1625.000000	97.135	81.7743
1650.000000	97.246	82.2133
1675.000000	97.360	82.6342
1700.000000	97.478	83.0330
1725.000000	97.599	83.4036
1750.000000	97.723	83.7399
1775.000000	97.850	84.0401
1800.000000	97.980	84.2986
1825.000000	98.112	84.5114
1850.000000	98.247	84.6741
1875.000000	98.383	84.7852
1900.000000	98.519	84.8380
1925.000000	98.655	84.8282
1950.000000	98.790	84.7530
1975.000000	98.924	84.6097
2000.000000	99.056	84.3984
2030.000000	99.208	84.0491
2060.000000	99.354	83.5983
2090.000000	99.490	83.0459
2120.000000	99.614	82.3935
2140.000000	99.689	81.9046
2180.000000	99.820	80.8058
2200.000000	99.874	80.2039
2240.000000	99.956	78.9100
2270.000000	99.993	77.8790
2300.000000	100.009	76.8169
2330.000000	100.003	75.7383
2360.000000	99.975	74.6575
2400.000000	99.903	73.2437
2430.000000	99.826	72.2245
2470.000000	99.693	70.9505
2500.000000	99.575	70.0749
2540.000000	99.394	69.0335
2580.000000	99.193	68.1500
2620.000000	98.977	67.4341
2650.000000	98.809	67.0090
2690.000000	98.578	66.5886
2720.000000	98.404	66.3782
2760.000000	98.173	66.2269
2800.000000	97.946	66.2144
2850.000000	97.673	66.3613
2900.000000	97.414	66.6547
2950.000000	97.173	67.0483
3000.000000	96.951	67.4977
3040.000000	96.786	67.8644
3070.000000	96.667	68.1283
3110.000000	96.516	68.4573
3150.000000	96.368	68.7536
3200.000000	96.182	69.0941
3250.000000	95.992	69.4526
3300.000000	95.801	69.8939
3350.000000	95.621	70.4640
3400.000000	95.467	71.1544
3450.000000	95.354	71.9006
3500.000000	95.291	72.5966
3550.000000	95.279	73.1317
3600.000000	95.314	73.4044
3650.000000	95.393	73.3276
3700.000000	95.506	72.8239
3750.000000	95.645	71.8244
3820.000000	95.859	69.4776
3870.000000	96.006	67.0567
3950.000000	96.180	61.8499
4000.000000	96.219	57.8118
4060.000000	96.162	52.3231
4120.000000	95.968	46.3666
4180.000000	95.632	40.2433
4250.000000	95.078	33.2787
4310.000000	94.497	27.7173
4370.000000	93.858	22.6694
4440.000000	93.091	17.4596
4500.000000	92.454	13.5369
4550.000000	91.960	10.5951
4620.000000	91.347	6.8823
4680.000000	90.915	3.9914
4750.000000	90.535	0.8565
4820.000000	90.300	-2.1147
4870.000000	90.224	-4.1824
4940.000000	90.249	-7.0577
5000.000000	90.390	-9.5635
5080.000000	90.738	-13.0900
5150.000000	91.177	-16.4929
5220.000000	91.715	-20.3701
5300.000000	92.401	-25.6049
5380.000000	93.080	-31.8887
5450.000000	93.588	-38.2607
5520.000000	93.941	-45.2620
5600.000000	94.088	-53.5269
5700.000000	93.855	-63.1001
5800.000000	93.260	-70.4766
5900.000000	92.499	-75.1409
6000.000000	91.704	-77.3444
6080.000000	91.097	-77.5574
6150.000000	90.614	-76.8049
6220.000000	90.187	-75.3407
6300.000000	89.776	-72.9718
6400.000000	89.376	-69.2094
6500.000000	89.100	-64.7806
6600.000000	88.941	-59.8768
6700.000000	88.896	-54.6415
6800.000000	88.961	-49.1925
6900.000000	89.134	-43.6276
7000.000000	89.416	-38.0407
7100.000000	89.811	-32.5355
7200.000000	90.323	-27.2521
7300.000000	90.956	-22.3578
7400.000000	91.711	-18.0415
7500.000000	92.590	-14.5731
7620.000000	93.786	-12.0751
7750.000000	95.158	-12.2982
7880.000000	96.374	-16.2458
8000.000000	97.086	-22.8066
8120.000000	97.212	-30.6676
8250.000000	96.678	-38.2535
8380.000000	95.662	-43.0155
8500.000000	94.553	-44.4928
8620.000000	93.455	-43.6205
8750.000000	92.375	-40.7972
8850.000000	91.639	-37.7211
9000.000000	90.684	-32.0372
9120.000000	90.060	-26.6066
9250.000000	89.589	-19.9878
9380.000000	89.387	-13.4698
9500.000000	89.378	-8.3506
9620.000000	89.453	-4.1954
9750.000000	89.575	-0.5753
9880.000000	89.726	2.2407
10000.000000	89.881	4.1105
10150.000000	90.061	5.4122
10300.000000	90.176	5.6002
10440.000000	90.175	4.9541
10600.000000	89.999	3.6799
10750.000000	89.648	2.5290
10900.000000	89.137	2.0059
11060.000000	88.486	2.6970
11200.000000	87.918	4.4560
11380.000000	87.260	7.9590
11500.000000	86.888	11.0498
11720.000000	86.445	18.0335
11800.000000	86.382	20.7474
12060.000000	86.456	28.9625
12200.000000	86.603	32.9969
12410.000000	86.939	38.7709
12500.000000	87.128	41.1340
12650.000000	87.505	44.8996
12800.000000	87.970	48.4096
13150.000000	89.477	54.8593
13200.000000	89.746	55.4537
13400.000000	90.954	56.6397
13600.000000	92.382	55.3862
13800.000000	93.978	50.3234
14000.000000	95.428	40.0822
14300.000000	96.356	16.9597
14500.000000	95.896	0.7902
14750.000000	94.610	-15.9857
15000.000000	93.255	-29.2585
15250.000000	92.183	-41.2356
15500.000000	91.466	-53.5842
15750.000000	91.098	-67.4673
16000.000000	90.992	-83.7007
16250.000000	90.981	-102.5889
16500.000000	90.859	-123.7640
16750.000000	90.482	-146.2985
17000.000000	89.835	-169.2144
17250.000000	89.013	167.9091
17500.000000	88.143	144.7174
17750.000000	87.323	120.1663
18000.000000	86.573	92.8279
18250.000000	85.817	61.1642
18500.000000	84.863	23.9021
18750.000000	83.434	-19.5607
19000.000000	81.299	-69.2047
19250.000000	78.380	-125.1057
19500.000000	74.717	172.0017
19750.000000	70.446	98.6362
20000.000000	66.660	12.4980
