* Measurement data measured by REW V5.31.3
* Source: USB-C to 3.5mm Headphone Jack Adapter, USB-C to 3.5mm Headphone Jack Adapter, 0, volume: 0.295
* Format: 256k Log Swept Sine, 4 sweeps at -12.0 dBFS with no timing reference
* Dated: Sep 20, 2025 3:26:09 PM
* REW Settings:
*  C-weighting compensation: Off
*  Target level: 75.0 dB
* Note: ; 
* Measurement: Symphonium Helios Azla R
* Smoothing: 1/24 octave
* Frequency Step: 1/48 octave
* Start Frequency: 20.300 Hz
*
* Freq(Hz)	SPL(dB)	Phase(degrees)
20.299999	101.265	-173.1437
20.600000	101.269	-173.8883
20.900000	101.269	-174.6884
21.200001	101.266	-175.4832
21.400000	101.264	-176.0083
21.799999	101.258	-177.0483
22.000000	101.255	-177.5627
22.400000	101.246	-178.5762
22.700001	101.237	-179.3171
23.000000	101.224	179.9632
23.299999	101.209	179.2650
23.600000	101.193	178.5835
24.000000	101.173	177.6832
24.299999	101.159	176.9995
24.700001	101.144	176.0635
25.000000	101.131	175.3471
25.400000	101.110	174.3973
25.799999	101.084	173.4925
26.200001	101.056	172.6643
26.500000	101.034	172.0960
26.900000	101.007	171.3889
27.200001	100.987	170.8754
27.600000	100.959	170.1851
28.000000	100.929	169.4740
28.500000	100.885	168.5630
29.000000	100.840	167.6517
29.500000	100.797	166.7565
30.000000	100.757	165.8817
30.400000	100.725	165.2009
30.700001	100.699	164.7057
31.100000	100.663	164.0686
31.500000	100.626	163.4543
32.000000	100.579	162.7014
32.500000	100.533	161.9467
33.000000	100.486	161.1890
33.500000	100.438	160.4452
34.000000	100.389	159.7292
34.500000	100.342	159.0364
35.000000	100.297	158.3489
35.500000	100.252	157.6565
36.000000	100.206	156.9700
36.500000	100.158	156.3139
37.000000	100.111	155.7022
37.500000	100.064	155.1231
38.200001	99.996	154.3223
38.700001	99.942	153.7486
39.500000	99.854	152.8519
40.000000	99.804	152.2980
40.599998	99.748	151.6266
41.200001	99.687	150.9725
41.799999	99.624	150.3522
42.500000	99.553	149.6100
43.099998	99.493	148.9471
43.700001	99.436	148.3661
44.400002	99.390	147.8659
45.000000	99.367	147.4490
45.500000	99.337	147.0098
46.200001	99.249	146.2952
46.799999	99.147	145.6967
47.500000	99.041	145.0493
48.200001	98.967	144.4771
48.700001	98.932	144.1491
49.400002	98.899	143.7347
50.000000	98.861	143.2870
50.799999	98.761	142.5466
51.500000	98.651	141.9338
52.200001	98.565	141.3874
53.000000	98.496	140.7749
53.799999	98.425	140.2291
54.500000	98.354	139.8124
55.200001	98.278	139.3836
56.000000	98.194	138.8548
57.000000	98.098	138.1986
58.000000	98.005	137.6812
59.000000	97.932	137.2152
60.000000	97.860	136.5740
60.799999	97.787	136.0673
61.500000	97.720	135.6923
62.200001	97.652	135.3351
63.000000	97.565	134.9539
64.000000	97.461	134.5197
65.000000	97.372	134.0198
66.000000	97.293	133.5475
67.000000	97.227	133.0518
68.000000	97.142	132.4799
69.000000	97.045	132.0369
70.000000	96.956	131.7152
71.000000	96.868	131.3428
72.000000	96.778	130.8777
73.000000	96.713	130.6031
74.000000	96.669	130.4395
75.000000	96.580	129.9700
76.199997	96.410	128.4565
77.500000	96.215	127.3047
78.800003	96.212	127.8969
80.000000	96.164	128.1612
81.199997	96.046	128.0170
82.500000	95.956	127.4449
83.800003	95.858	126.9552
85.000000	95.760	126.6256
86.199997	95.668	126.3728
87.500000	95.583	126.1190
88.500000	95.519	125.8186
90.000000	95.419	125.3540
91.199997	95.343	125.0152
92.500000	95.257	124.6012
93.800003	95.162	124.2839
95.000000	95.078	124.0972
96.199997	94.997	123.9148
97.500000	94.915	123.6694
98.800003	94.838	123.3853
100.000000	94.772	123.0961
101.500000	94.686	122.7996
103.000000	94.594	122.5806
104.400002	94.508	122.3821
106.000000	94.411	122.1221
107.500000	94.326	121.8630
109.000000	94.248	121.6094
110.599998	94.168	121.3555
112.000000	94.097	121.1820
113.800003	94.001	120.9183
115.000000	93.943	120.7163
117.199997	93.831	120.5115
118.000000	93.790	120.4880
120.599998	93.665	120.2933
122.000000	93.588	120.0191
124.099998	93.495	119.6891
125.000000	93.465	119.6161
126.500000	93.408	119.5143
128.000000	93.343	119.3872
131.500000	93.188	118.7524
132.000000	93.174	118.6545
134.000000	93.143	118.1168
136.000000	93.204	116.8896
138.000000	93.186	116.7910
140.000000	92.981	117.7442
143.000000	92.839	117.7839
145.000000	92.776	117.6696
147.500000	92.689	117.6280
150.000000	92.621	117.4692
152.500000	92.531	117.1691
155.000000	92.453	117.0715
157.500000	92.392	116.8560
160.000000	92.319	116.7217
162.500000	92.250	116.5852
165.000000	92.189	116.4341
167.500000	92.130	116.2758
170.000000	92.074	116.1901
172.500000	92.010	116.0920
175.000000	91.933	115.9487
177.500000	91.867	115.7559
180.000000	91.824	115.6307
182.500000	91.779	115.5455
185.000000	91.728	115.4542
187.500000	91.680	115.3688
190.000000	91.641	115.2593
192.500000	91.602	115.1732
195.000000	91.561	115.1274
197.500000	91.519	115.0476
200.000000	91.480	114.9355
203.000000	91.444	114.7852
206.000000	91.420	114.6200
209.000000	91.391	114.5094
212.000000	91.365	114.4478
214.000000	91.349	114.3850
218.000000	91.322	114.1552
220.000000	91.310	114.0278
224.000000	91.285	113.8675
227.000000	91.263	113.8055
230.000000	91.246	113.7558
233.000000	91.234	113.6541
236.000000	91.219	113.5086
240.000000	91.205	113.3528
243.000000	91.199	113.2031
247.000000	91.191	113.0459
250.000000	91.188	112.9554
254.000000	91.189	112.8042
258.000000	91.192	112.5805
262.000000	91.198	112.3794
265.000000	91.197	112.3633
269.000000	91.200	112.3250
272.000000	91.209	112.2509
276.000000	91.208	111.9992
280.000000	91.205	111.7066
285.000000	91.220	111.4086
290.000000	91.239	111.1509
295.000000	91.258	110.9084
300.000000	91.282	110.6918
304.000000	91.307	110.4234
307.000000	91.326	110.2057
311.000000	91.358	109.9511
315.000000	91.393	109.7093
320.000000	91.424	109.4374
325.000000	91.450	109.2291
330.000000	91.493	108.9316
335.000000	91.538	108.5141
340.000000	91.583	108.2088
345.000000	91.635	107.9764
350.000000	91.686	107.6612
355.000000	91.721	107.1969
360.000000	91.750	106.8025
365.000000	91.795	106.4998
370.000000	91.855	106.2388
375.000000	91.907	105.8748
382.000000	91.958	105.2944
387.000000	92.011	104.9465
395.000000	92.119	104.2458
400.000000	92.180	103.7709
406.000000	92.246	103.2505
412.000000	92.310	102.7451
418.000000	92.372	102.2482
425.000000	92.449	101.6706
431.000000	92.514	101.1401
437.000000	92.579	100.5971
444.000000	92.653	99.9332
450.000000	92.713	99.3566
455.000000	92.764	98.8959
462.000000	92.834	98.2521
468.000000	92.893	97.6866
475.000000	92.963	97.0347
482.000000	93.033	96.3544
487.000000	93.082	95.8588
494.000000	93.149	95.1697
500.000000	93.203	94.5781
508.000000	93.274	93.7986
515.000000	93.338	93.1217
522.000000	93.399	92.4434
530.000000	93.464	91.6527
538.000000	93.526	90.8460
545.000000	93.580	90.1437
552.000000	93.633	89.4517
560.000000	93.693	88.6772
570.000000	93.764	87.7148
580.000000	93.830	86.7405
590.000000	93.892	85.7601
600.000000	93.949	84.7847
608.000000	93.989	84.0195
615.000000	94.022	83.3626
622.000000	94.054	82.7147
630.000000	94.088	81.9853
640.000000	94.126	81.0873
650.000000	94.160	80.2120
660.000000	94.190	79.3658
670.000000	94.215	78.5490
680.000000	94.238	77.7598
690.000000	94.258	77.0007
700.000000	94.276	76.2746
710.000000	94.290	75.5832
720.000000	94.304	74.9211
730.000000	94.317	74.2881
740.000000	94.328	73.6906
750.000000	94.339	73.1266
762.000000	94.350	72.4876
775.000000	94.361	71.8435
788.000000	94.374	71.2465
800.000000	94.384	70.7361
812.000000	94.392	70.2644
825.000000	94.400	69.7956
838.000000	94.408	69.3684
850.000000	94.418	69.0059
862.000000	94.432	68.6900
875.000000	94.451	68.3769
885.000000	94.468	68.1518
900.000000	94.496	67.8441
912.000000	94.523	67.6276
925.000000	94.556	67.4110
938.000000	94.595	67.2142
950.000000	94.634	67.0422
962.000000	94.676	66.8727
975.000000	94.725	66.6958
988.000000	94.779	66.5226
1000.000000	94.832	66.3597
1015.000000	94.902	66.1501
1030.000000	94.976	65.9304
1044.000000	95.049	65.7086
1060.000000	95.134	65.4518
1075.000000	95.216	65.1985
1090.000000	95.301	64.9245
1106.000000	95.393	64.6106
1120.000000	95.474	64.3152
1138.000000	95.579	63.9075
1150.000000	95.649	63.6217
1172.000000	95.776	63.0785
1180.000000	95.821	62.8716
1206.000000	95.966	62.1672
1220.000000	96.041	61.7745
1241.000000	96.151	61.1821
1250.000000	96.199	60.9265
1265.000000	96.280	60.4935
1280.000000	96.362	60.0580
1315.000000	96.547	59.0487
1320.000000	96.572	58.9053
1340.000000	96.672	58.3347
1360.000000	96.769	57.7794
1380.000000	96.862	57.2393
1400.000000	96.953	56.7090
1430.000000	97.087	55.9382
1450.000000	97.175	55.4395
1475.000000	97.284	54.8334
1500.000000	97.392	54.2468
1525.000000	97.500	53.6759
1550.000000	97.608	53.1196
1575.000000	97.715	52.5704
1600.000000	97.821	52.0306
1625.000000	97.923	51.4966
1650.000000	98.025	50.9672
1675.000000	98.128	50.4340
1700.000000	98.232	49.8975
1725.000000	98.337	49.3600
1750.000000	98.443	48.8168
1775.000000	98.549	48.2572
1800.000000	98.657	47.6851
1825.000000	98.766	47.1005
1850.000000	98.874	46.5000
1875.000000	98.982	45.8793
1900.000000	99.090	45.2375
1925.000000	99.199	44.5754
1950.000000	99.306	43.8918
1975.000000	99.413	43.1809
2000.000000	99.520	42.4429
2030.000000	99.647	41.5193
2060.000000	99.772	40.5562
2090.000000	99.894	39.5497
2120.000000	100.011	38.4993
2140.000000	100.087	37.7763
2180.000000	100.228	36.2780
2200.000000	100.294	35.5025
2240.000000	100.415	33.8998
2270.000000	100.495	32.6561
2300.000000	100.566	31.3827
2330.000000	100.626	30.0856
2360.000000	100.676	28.7698
2400.000000	100.724	26.9974
2430.000000	100.748	25.6625
2470.000000	100.760	23.8881
2500.000000	100.757	22.5685
2540.000000	100.737	20.8372
2580.000000	100.698	19.1526
2620.000000	100.641	17.5314
2650.000000	100.588	16.3645
2690.000000	100.504	14.8811
2720.000000	100.432	13.8295
2760.000000	100.326	12.5148
2800.000000	100.211	11.3056
2850.000000	100.058	9.9481
2900.000000	99.898	8.7621
2950.000000	99.736	7.7477
3000.000000	99.575	6.8965
3040.000000	99.449	6.3243
3070.000000	99.357	5.9542
3110.000000	99.241	5.5333
3150.000000	99.131	5.1858
3200.000000	99.005	4.8379
3250.000000	98.891	4.5663
3300.000000	98.789	4.3552
3350.000000	98.697	4.1945
3400.000000	98.615	4.0826
3450.000000	98.543	4.0227
3500.000000	98.483	4.0137
3550.000000	98.438	4.0525
3600.000000	98.408	4.1208
3650.000000	98.396	4.1970
3700.000000	98.402	4.2585
3750.000000	98.426	4.2839
3820.000000	98.487	4.2189
3870.000000	98.548	4.0697
3950.000000	98.671	3.6049
4000.000000	98.757	3.1444
4060.000000	98.861	2.3895
4120.000000	98.963	1.3889
4180.000000	99.054	0.1239
4250.000000	99.132	-1.6907
4310.000000	99.161	-3.5235
4370.000000	99.139	-5.5691
4440.000000	99.031	-8.1177
4500.000000	98.855	-10.3043
4550.000000	98.645	-12.0098
4620.000000	98.254	-13.9960
4680.000000	97.844	-15.1062
4750.000000	97.311	-15.4335
4820.000000	96.782	-14.5032
4870.000000	96.457	-13.0447
4940.000000	96.149	-10.0912
5000.000000	96.080	-7.1519
5080.000000	96.285	-3.7177
5150.000000	96.665	-2.0836
5220.000000	97.092	-2.1476
5300.000000	97.475	-4.0557
5380.000000	97.634	-7.1389
5450.000000	97.567	-10.0753
5520.000000	97.335	-12.7245
5600.000000	96.924	-15.0480
5700.000000	96.291	-16.6989
5800.000000	95.620	-17.0495
5900.000000	94.971	-16.3418
6000.000000	94.375	-14.8306
6080.000000	93.943	-13.1911
6150.000000	93.601	-11.5217
6220.000000	93.295	-9.6869
6300.000000	92.994	-7.4453
6400.000000	92.696	-4.5107
6500.000000	92.468	-1.5350
6600.000000	92.283	1.3895
6700.000000	92.116	4.2587
6800.000000	91.956	7.3252
6900.000000	91.871	10.7073
7000.000000	91.862	13.6514
7100.000000	91.817	16.2248
7200.000000	91.729	19.2880
7300.000000	91.721	23.2411
7400.000000	91.903	27.4924
7500.000000	92.263	31.2114
7620.000000	92.848	34.5999
7750.000000	93.615	36.9162
7880.000000	94.490	37.6630
8000.000000	95.341	36.6478
8120.000000	96.153	33.6548
8250.000000	96.892	27.9771
8380.000000	97.327	20.1057
8500.000000	97.334	11.8688
8620.000000	96.928	4.0769
8750.000000	96.147	-2.1921
8850.000000	95.517	-5.0449
9000.000000	94.772	-7.5255
9120.000000	94.395	-8.7981
9250.000000	94.195	-10.6488
9380.000000	94.050	-13.7323
9500.000000	93.799	-17.3356
9620.000000	93.377	-20.7997
9750.000000	92.777	-23.6009
9880.000000	92.132	-25.1221
10000.000000	91.573	-25.5422
10150.000000	90.972	-25.1600
10300.000000	90.486	-24.1609
10440.000000	90.129	-22.9650
10600.000000	89.812	-21.5838
10750.000000	89.567	-20.4513
10900.000000	89.340	-19.5566
11060.000000	89.078	-18.8460
11200.000000	88.810	-18.2350
11380.000000	88.451	-17.2078
11500.000000	88.229	-16.6185
11720.000000	87.779	-16.1245
11800.000000	87.585	-16.0623
12060.000000	86.831	-15.9359
12200.000000	86.358	-15.8299
12410.000000	85.581	-15.5821
12500.000000	85.232	-15.4470
12650.000000	84.641	-15.2061
12800.000000	84.041	-14.9871
13150.000000	82.601	-14.9904
13200.000000	82.392	-15.0982
13400.000000	81.555	-15.9490
13600.000000	80.725	-17.7025
13800.000000	79.917	-20.6675
14000.000000	79.153	-25.1641
14300.000000	78.229	-35.3693
14500.000000	77.940	-44.7067
14750.000000	78.228	-59.1759
15000.000000	79.379	-76.4449
15250.000000	81.012	-96.7682
15500.000000	82.106	-118.8181
15750.000000	82.448	-134.8223
16000.000000	84.205	-142.9483
16250.000000	87.171	-157.6893
16500.000000	89.376	178.6051
16750.000000	90.323	151.5153
17000.000000	90.251	125.5167
17250.000000	89.839	102.2903
17500.000000	89.750	79.3146
17750.000000	89.843	52.5490
18000.000000	89.520	21.0956
18250.000000	88.571	-13.8542
18500.000000	87.138	-52.0983
18750.000000	85.357	-94.8663
19000.000000	83.213	-143.7490
19250.000000	80.616	159.5583
19500.000000	77.534	92.5415
19750.000000	74.146	7.4495
20000.000000	71.496	-101.7761
