* Measurement data measured by REW V5.31.3
* Source: USB-C to 3.5mm Headphone Jack Adapter, USB-C to 3.5mm Headphone Jack Adapter, 0, volume: 0.295
* Format: 256k Log Swept Sine, 4 sweeps at -12.0 dBFS with no timing reference
* Dated: Aug 31, 2025 5:59:40 PM
* REW Settings:
*  C-weighting compensation: Off
*  Target level: 75.0 dB
* Note: ; 
* Measurement: Symphonium Titan Prem L
* Smoothing: 1/24 octave
* Frequency Step: 1/48 octave
* Start Frequency: 20.300 Hz
*
* Freq(Hz)	SPL(dB)	Phase(degrees)
20.299999	106.696	158.9524
20.600000	106.671	158.1351
20.900000	106.641	157.2543
21.200001	106.611	156.3692
21.400000	106.592	155.7757
21.799999	106.556	154.5791
22.000000	106.537	153.9797
22.400000	106.498	152.7967
22.700001	106.466	151.9382
23.000000	106.435	151.1111
23.299999	106.405	150.3105
23.600000	106.378	149.5219
24.000000	106.348	148.4592
24.299999	106.325	147.6403
24.700001	106.289	146.5267
25.000000	106.255	145.6981
25.400000	106.198	144.6448
25.799999	106.136	143.6787
26.200001	106.077	142.7899
26.500000	106.036	142.1463
26.900000	105.986	141.2764
27.200001	105.949	140.5985
27.600000	105.896	139.6640
28.000000	105.837	138.7229
28.500000	105.760	137.5851
29.000000	105.685	136.5037
29.500000	105.617	135.4471
30.000000	105.551	134.3867
30.400000	105.494	133.5410
30.700001	105.450	132.9184
31.100000	105.390	132.1120
31.500000	105.331	131.3296
32.000000	105.260	130.3615
32.500000	105.190	129.3807
33.000000	105.114	128.3936
33.500000	105.032	127.4344
34.000000	104.948	126.5271
34.500000	104.868	125.6585
35.000000	104.794	124.7901
35.500000	104.722	123.8955
36.000000	104.646	122.9811
36.500000	104.567	122.0743
37.000000	104.486	121.1967
37.500000	104.407	120.3510
38.200001	104.300	119.2056
38.700001	104.221	118.4102
39.500000	104.089	117.1849
40.000000	104.005	116.4446
40.599998	103.909	115.5619
41.200001	103.821	114.6683
41.799999	103.733	113.7699
42.500000	103.626	112.7474
43.099998	103.528	111.9004
43.700001	103.430	111.0551
44.400002	103.319	110.0469
45.000000	103.224	109.2056
45.500000	103.142	108.5666
46.200001	103.027	107.7594
46.799999	102.929	107.0552
47.500000	102.818	106.1421
48.200001	102.723	105.1863
48.700001	102.667	104.5076
49.400002	102.572	103.6098
50.000000	102.437	103.0482
50.799999	102.208	102.8013
51.500000	102.064	102.6023
52.200001	101.997	101.7315
53.000000	101.927	100.1603
53.799999	101.830	98.9669
54.500000	101.744	98.4086
55.200001	101.644	97.9177
56.000000	101.504	97.1601
57.000000	101.337	95.9859
58.000000	101.197	94.8756
59.000000	101.039	93.9926
60.000000	100.865	93.1936
60.799999	100.760	92.4733
61.500000	100.698	91.7405
62.200001	100.629	91.0247
63.000000	100.517	90.3970
64.000000	100.351	89.7948
65.000000	100.209	88.9638
66.000000	100.090	87.8652
67.000000	99.949	86.9779
68.000000	99.797	86.4358
69.000000	99.661	85.8466
70.000000	99.535	85.1889
71.000000	99.415	84.6360
72.000000	99.289	84.1006
73.000000	99.157	83.5608
74.000000	99.041	83.1062
75.000000	98.931	82.5607
76.199997	98.756	81.6817
77.500000	98.569	80.7944
78.800003	98.411	80.0173
80.000000	98.253	79.2393
81.199997	98.089	78.4270
82.500000	97.962	77.7782
83.800003	97.855	77.2186
85.000000	97.715	76.7155
86.199997	97.566	76.1961
87.500000	97.424	75.4999
88.500000	97.308	74.9626
90.000000	97.145	74.4158
91.199997	97.040	73.8727
92.500000	96.901	73.3037
93.800003	96.751	72.7160
95.000000	96.630	72.1994
96.199997	96.536	71.7261
97.500000	96.403	71.2419
98.800003	96.273	70.5719
100.000000	96.170	69.8837
101.500000	96.024	69.7201
103.000000	95.864	69.8072
104.400002	95.758	69.2211
106.000000	95.633	68.2778
107.500000	95.501	67.7451
109.000000	95.376	67.3191
110.599998	95.240	66.8147
112.000000	95.115	66.4510
113.800003	94.949	66.0326
115.000000	94.864	65.6642
117.199997	94.746	64.8556
118.000000	94.694	64.6738
120.599998	94.551	64.2538
122.000000	94.466	64.0472
124.099998	94.309	63.6188
125.000000	94.239	63.3616
126.500000	94.144	62.9071
128.000000	94.051	62.4857
131.500000	93.815	61.6902
132.000000	93.785	61.5562
134.000000	93.688	60.9370
136.000000	93.623	60.4753
138.000000	93.517	60.0772
140.000000	93.379	59.5139
143.000000	93.203	58.7606
145.000000	93.092	58.3314
147.500000	92.916	57.8735
150.000000	92.686	57.4215
152.500000	92.751	56.5805
155.000000	92.871	54.7913
157.500000	92.611	55.4617
160.000000	92.387	55.6167
162.500000	92.271	55.2348
165.000000	92.169	54.7950
167.500000	92.062	54.3940
170.000000	91.956	54.0271
172.500000	91.835	53.8235
175.000000	91.708	53.6436
177.500000	91.618	53.1238
180.000000	91.535	52.6539
182.500000	91.455	52.3325
185.000000	91.383	51.9967
187.500000	91.305	51.6551
190.000000	91.226	51.3223
192.500000	91.147	51.0275
195.000000	91.069	50.7091
197.500000	90.996	50.4180
200.000000	90.919	50.1168
203.000000	90.826	49.6968
206.000000	90.737	49.3684
209.000000	90.672	49.1302
212.000000	90.613	48.8344
214.000000	90.568	48.5663
218.000000	90.472	48.1032
220.000000	90.426	47.9093
224.000000	90.331	47.6927
227.000000	90.272	47.4139
230.000000	90.216	47.0240
233.000000	90.151	46.7051
236.000000	90.089	46.4180
240.000000	90.017	46.0929
243.000000	89.965	45.8652
247.000000	89.897	45.6600
250.000000	89.852	45.5830
254.000000	89.788	45.1382
258.000000	89.723	44.7923
262.000000	89.664	44.4446
265.000000	89.623	44.1667
269.000000	89.561	43.8260
272.000000	89.514	43.6109
276.000000	89.452	43.3726
280.000000	89.400	43.1127
285.000000	89.341	42.7680
290.000000	89.286	42.4167
295.000000	89.225	42.0670
300.000000	89.162	41.6297
304.000000	89.120	41.4782
307.000000	89.088	41.3652
311.000000	89.046	41.1733
315.000000	89.009	41.0084
320.000000	88.961	40.7853
325.000000	88.911	40.5264
330.000000	88.869	40.3279
335.000000	88.832	40.1309
340.000000	88.793	39.9252
345.000000	88.755	39.7136
350.000000	88.720	39.5203
355.000000	88.686	39.3604
360.000000	88.653	39.2030
365.000000	88.619	39.0625
370.000000	88.585	38.9298
375.000000	88.554	38.8290
382.000000	88.511	38.6107
387.000000	88.484	38.4594
395.000000	88.442	38.2679
400.000000	88.419	38.1652
406.000000	88.390	38.0562
412.000000	88.361	37.9462
418.000000	88.334	37.8610
425.000000	88.309	37.7625
431.000000	88.287	37.6861
437.000000	88.265	37.6301
444.000000	88.241	37.5697
450.000000	88.224	37.5212
455.000000	88.213	37.4758
462.000000	88.195	37.4161
468.000000	88.178	37.3759
475.000000	88.161	37.3529
482.000000	88.144	37.3260
487.000000	88.132	37.2972
494.000000	88.116	37.2697
500.000000	88.102	37.2596
508.000000	88.089	37.2840
515.000000	88.077	37.3214
522.000000	88.066	37.3661
530.000000	88.056	37.4300
538.000000	88.046	37.4780
545.000000	88.040	37.5364
552.000000	88.036	37.6174
560.000000	88.032	37.7359
570.000000	88.029	37.8987
580.000000	88.031	38.0499
590.000000	88.038	38.2081
600.000000	88.048	38.3629
608.000000	88.056	38.4638
615.000000	88.062	38.5517
622.000000	88.065	38.6535
630.000000	88.070	38.7876
640.000000	88.080	38.9862
650.000000	88.093	39.1932
660.000000	88.110	39.4029
670.000000	88.128	39.6170
680.000000	88.145	39.8300
690.000000	88.163	40.0510
700.000000	88.182	40.2907
710.000000	88.201	40.5341
720.000000	88.224	40.7882
730.000000	88.248	41.0611
740.000000	88.272	41.3463
750.000000	88.299	41.6340
762.000000	88.335	41.9882
775.000000	88.377	42.3952
788.000000	88.422	42.8078
800.000000	88.465	43.2033
812.000000	88.508	43.6085
825.000000	88.558	44.0531
838.000000	88.613	44.5050
850.000000	88.667	44.9223
862.000000	88.724	45.3512
875.000000	88.792	45.8125
885.000000	88.847	46.1596
900.000000	88.935	46.6739
912.000000	89.011	47.0741
925.000000	89.097	47.4995
938.000000	89.189	47.9101
950.000000	89.277	48.2702
962.000000	89.368	48.6104
975.000000	89.471	48.9543
988.000000	89.577	49.2702
1000.000000	89.678	49.5400
1015.000000	89.806	49.8445
1030.000000	89.937	50.1043
1044.000000	90.061	50.2989
1060.000000	90.203	50.4770
1075.000000	90.336	50.6026
1090.000000	90.470	50.6836
1106.000000	90.611	50.7214
1120.000000	90.732	50.7134
1138.000000	90.885	50.6581
1150.000000	90.984	50.5977
1172.000000	91.161	50.4459
1180.000000	91.224	50.3772
1206.000000	91.420	50.1154
1220.000000	91.521	49.9553
1241.000000	91.669	49.6902
1250.000000	91.732	49.5687
1265.000000	91.838	49.3578
1280.000000	91.942	49.1418
1315.000000	92.173	48.6273
1320.000000	92.205	48.5527
1340.000000	92.327	48.2545
1360.000000	92.445	47.9641
1380.000000	92.559	47.6803
1400.000000	92.668	47.4013
1430.000000	92.826	47.0067
1450.000000	92.928	46.7567
1475.000000	93.053	46.4614
1500.000000	93.175	46.1837
1525.000000	93.296	45.9166
1550.000000	93.414	45.6603
1575.000000	93.532	45.4155
1600.000000	93.647	45.1794
1625.000000	93.757	44.9518
1650.000000	93.866	44.7276
1675.000000	93.975	44.5029
1700.000000	94.085	44.2776
1725.000000	94.194	44.0500
1750.000000	94.305	43.8212
1775.000000	94.417	43.5831
1800.000000	94.528	43.3329
1825.000000	94.641	43.0702
1850.000000	94.753	42.7968
1875.000000	94.866	42.5089
1900.000000	94.979	42.2043
1925.000000	95.091	41.8852
1950.000000	95.204	41.5487
1975.000000	95.316	41.1949
2000.000000	95.429	40.8228
2030.000000	95.566	40.3505
2060.000000	95.703	39.8453
2090.000000	95.839	39.3063
2120.000000	95.973	38.7329
2140.000000	96.062	38.3304
2180.000000	96.235	37.4801
2200.000000	96.319	37.0327
2240.000000	96.483	36.0913
2270.000000	96.602	35.3422
2300.000000	96.717	34.5578
2330.000000	96.828	33.7379
2360.000000	96.934	32.8822
2400.000000	97.065	31.6855
2430.000000	97.157	30.7514
2470.000000	97.269	29.4641
2500.000000	97.347	28.4673
2540.000000	97.440	27.1013
2580.000000	97.520	25.7006
2620.000000	97.587	24.2705
2650.000000	97.628	23.1821
2690.000000	97.670	21.7169
2720.000000	97.692	20.6104
2760.000000	97.709	19.1319
2800.000000	97.712	17.6564
2850.000000	97.697	15.8285
2900.000000	97.661	14.0248
2950.000000	97.606	12.2566
3000.000000	97.532	10.5336
3040.000000	97.462	9.1905
3070.000000	97.402	8.2055
3110.000000	97.314	6.9229
3150.000000	97.218	5.6776
3200.000000	97.086	4.1771
3250.000000	96.942	2.7404
3300.000000	96.785	1.3685
3350.000000	96.618	0.0641
3400.000000	96.439	-1.1721
3450.000000	96.249	-2.3408
3500.000000	96.045	-3.4368
3550.000000	95.829	-4.4536
3600.000000	95.598	-5.3795
3650.000000	95.350	-6.1950
3700.000000	95.085	-6.8777
3750.000000	94.802	-7.4011
3820.000000	94.373	-7.7922
3870.000000	94.046	-7.7608
3950.000000	93.500	-6.9994
4000.000000	93.155	-5.9791
4060.000000	92.758	-4.1066
4120.000000	92.416	-1.4701
4180.000000	92.176	1.9005
4250.000000	92.090	6.4867
4310.000000	92.220	10.5274
4370.000000	92.532	14.1604
4440.000000	93.075	17.3547
4500.000000	93.627	18.9639
4550.000000	94.103	19.4969
4620.000000	94.742	19.1435
4680.000000	95.230	18.0040
4750.000000	95.704	15.9561
4820.000000	96.064	13.3967
4870.000000	96.250	11.3892
4940.000000	96.415	8.4828
5000.000000	96.475	6.0150
5080.000000	96.452	2.9056
5150.000000	96.352	0.4486
5220.000000	96.191	-1.7031
5300.000000	95.949	-3.7539
5380.000000	95.664	-5.3605
5450.000000	95.389	-6.4146
5520.000000	95.097	-7.1605
5600.000000	94.750	-7.6515
5700.000000	94.302	-7.7336
5800.000000	93.849	-7.2187
5900.000000	93.407	-6.1002
6000.000000	93.000	-4.4301
6080.000000	92.710	-2.7742
6150.000000	92.486	-1.1547
6220.000000	92.292	0.5845
6300.000000	92.113	2.6805
6400.000000	91.962	5.4097
6500.000000	91.879	8.1889
6600.000000	91.852	10.9461
6700.000000	91.877	13.6220
6800.000000	91.954	16.1420
6900.000000	92.082	18.4220
7000.000000	92.256	20.3584
7100.000000	92.464	21.8200
7200.000000	92.679	22.7028
7300.000000	92.862	23.1199
7400.000000	93.020	23.4537
7500.000000	93.236	23.7100
7620.000000	93.567	22.8036
7750.000000	93.780	20.0627
7880.000000	93.713	16.9484
8000.000000	93.479	14.9124
8120.000000	93.229	13.8650
8250.000000	93.099	13.0711
8380.000000	93.138	11.5742
8500.000000	93.238	9.0596
8620.000000	93.307	5.4961
8750.000000	93.276	0.8493
8850.000000	93.160	-2.9432
9000.000000	92.849	-8.4287
9120.000000	92.515	-12.3200
9250.000000	92.112	-15.8487
9380.000000	91.704	-18.6081
9500.000000	91.349	-20.4352
9620.000000	91.053	-21.6499
9750.000000	90.810	-22.5959
9880.000000	90.627	-23.2925
10000.000000	90.504	-23.7470
10150.000000	90.408	-24.1787
10300.000000	90.362	-24.5999
10440.000000	90.343	-25.1078
10600.000000	90.320	-25.9246
10750.000000	90.266	-26.9746
10900.000000	90.150	-28.2936
11060.000000	89.922	-29.8844
11200.000000	89.611	-31.2345
11380.000000	89.058	-32.4353
11500.000000	88.634	-32.6459
11720.000000	87.885	-32.3561
11800.000000	87.613	-32.3057
12060.000000	86.613	-32.0202
12200.000000	86.025	-31.5249
12410.000000	85.153	-30.4515
12500.000000	84.802	-29.9704
12650.000000	84.264	-29.3085
12800.000000	83.787	-29.0274
13150.000000	82.967	-31.5552
13200.000000	82.892	-32.4984
13400.000000	82.730	-38.4716
13600.000000	82.837	-49.1854
13800.000000	83.229	-66.1877
14000.000000	83.756	-89.8906
14300.000000	84.142	-132.5309
14500.000000	83.878	-159.1636
14750.000000	83.151	175.0593
15000.000000	82.398	157.9555
15250.000000	81.851	146.9899
15500.000000	81.546	139.4905
15750.000000	81.478	133.4022
16000.000000	81.640	127.0147
16250.000000	81.901	119.2657
16500.000000	82.061	110.7072
16750.000000	82.213	101.7307
17000.000000	82.431	91.3787
17250.000000	82.663	78.8686
17500.000000	82.873	63.6647
17750.000000	83.045	45.0969
18000.000000	83.159	22.2572
18250.000000	83.151	-6.1320
18500.000000	82.870	-41.6030
18750.000000	81.997	-85.3702
19000.000000	80.086	-137.3688
19250.000000	76.971	165.0997
19500.000000	73.602	-150.2386
19750.000000	71.302	176.8951
20000.000000	70.001	111.4724
