* Measurement data measured by REW V5.31.3
* Source: USB-C to 3.5mm Headphone Jack Adapter, USB-C to 3.5mm Headphone Jack Adapter, 0, volume: 0.295
* Format: 256k Log Swept Sine, 4 sweeps at -12.0 dBFS with no timing reference
* Dated: Oct 6, 2025 7:06:24 PM
* REW Settings:
*  C-weighting compensation: Off
*  Target level: 75.0 dB
* Note: ; 
* Measurement: Symphonium Helios Prism R
* Smoothing: 1/24 octave
* Frequency Step: 1/48 octave
* Start Frequency: 20.300 Hz
*
* Freq(Hz)	SPL(dB)	Phase(degrees)
20.299999	101.771	-173.5545
20.600000	101.771	-174.3013
20.900000	101.766	-175.0935
21.200001	101.759	-175.8736
21.400000	101.755	-176.3880
21.799999	101.747	-177.4097
22.000000	101.744	-177.9178
22.400000	101.738	-178.9245
22.700001	101.731	-179.6645
23.000000	101.723	179.6139
23.299999	101.712	178.9121
23.600000	101.701	178.2272
24.000000	101.683	177.3289
24.299999	101.669	176.6578
24.700001	101.648	175.7595
25.000000	101.629	175.0853
25.400000	101.602	174.1964
25.799999	101.573	173.3311
26.200001	101.546	172.4951
26.500000	101.527	171.8849
26.900000	101.503	171.0865
27.200001	101.485	170.4958
27.600000	101.460	169.7194
28.000000	101.431	168.9599
28.500000	101.393	168.0397
29.000000	101.351	167.1490
29.500000	101.308	166.2791
30.000000	101.264	165.4266
30.400000	101.228	164.7567
30.700001	101.202	164.2597
31.100000	101.169	163.6010
31.500000	101.136	162.9444
32.000000	101.095	162.1320
32.500000	101.051	161.3458
33.000000	101.006	160.6005
33.500000	100.959	159.8931
34.000000	100.912	159.2062
34.500000	100.863	158.5208
35.000000	100.815	157.8256
35.500000	100.766	157.1239
36.000000	100.718	156.4337
36.500000	100.671	155.7768
37.000000	100.625	155.1554
37.500000	100.578	154.5439
38.200001	100.499	153.6680
38.700001	100.428	153.0641
39.500000	100.315	152.2335
40.000000	100.266	151.7521
40.599998	100.228	151.0973
41.200001	100.188	150.3541
41.799999	100.134	149.6318
42.500000	100.062	148.8982
43.099998	100.003	148.3120
43.700001	99.942	147.7247
44.400002	99.868	147.0543
45.000000	99.805	146.4938
45.500000	99.752	146.0286
46.200001	99.680	145.3952
46.799999	99.624	144.8795
47.500000	99.563	144.2954
48.200001	99.493	143.7631
48.700001	99.439	143.4476
49.400002	99.368	143.0533
50.000000	99.321	142.6567
50.799999	99.264	141.9609
51.500000	99.205	141.2687
52.200001	99.128	140.6119
53.000000	99.023	139.9900
53.799999	98.920	139.4740
54.500000	98.846	139.0106
55.200001	98.778	138.5074
56.000000	98.698	137.9671
57.000000	98.603	137.3968
58.000000	98.519	136.7528
59.000000	98.417	136.0656
60.000000	98.310	135.5375
60.799999	98.236	135.1076
61.500000	98.170	134.6907
62.200001	98.104	134.3035
63.000000	98.035	133.8915
64.000000	97.949	133.3461
65.000000	97.853	132.8599
66.000000	97.766	132.4412
67.000000	97.679	131.9873
68.000000	97.585	131.5228
69.000000	97.496	131.0695
70.000000	97.413	130.6348
71.000000	97.329	130.2457
72.000000	97.243	129.8564
73.000000	97.155	129.4315
74.000000	97.070	129.0019
75.000000	96.988	128.6035
76.199997	96.886	128.1938
77.500000	96.767	127.8091
78.800003	96.659	127.4703
80.000000	96.575	127.1510
81.199997	96.496	126.7299
82.500000	96.397	126.1383
83.800003	96.298	125.6591
85.000000	96.208	125.2963
86.199997	96.117	124.9730
87.500000	96.030	124.6701
88.500000	95.961	124.4618
90.000000	95.845	124.1027
91.199997	95.761	123.7521
92.500000	95.674	123.3900
93.800003	95.584	123.0556
95.000000	95.504	122.8254
96.199997	95.411	122.6517
97.500000	95.361	122.3224
98.800003	95.454	122.1212
100.000000	95.498	121.7547
101.500000	95.202	121.4100
103.000000	94.912	121.2490
104.400002	94.803	121.1471
106.000000	94.754	120.8361
107.500000	94.709	120.4821
109.000000	94.628	120.2524
110.599998	94.511	120.0087
112.000000	94.380	120.1271
113.800003	94.293	120.3321
115.000000	94.285	120.4990
117.199997	94.035	120.3810
118.000000	93.901	119.0833
120.599998	93.914	118.2237
122.000000	93.932	118.8938
124.099998	93.885	117.7683
125.000000	93.911	117.1743
126.500000	93.886	116.7856
128.000000	93.795	117.1775
131.500000	93.587	117.5538
132.000000	93.570	117.4716
134.000000	93.511	117.1085
136.000000	93.433	116.8960
138.000000	93.350	116.7597
140.000000	93.279	116.6303
143.000000	93.167	116.4161
145.000000	93.096	116.3718
147.500000	93.023	116.3884
150.000000	92.935	116.1575
152.500000	92.849	115.6369
155.000000	92.766	115.6779
157.500000	92.698	115.6874
160.000000	92.624	115.4196
162.500000	92.546	115.1635
165.000000	92.482	115.0425
167.500000	92.418	114.9007
170.000000	92.353	114.8342
172.500000	92.296	114.8645
175.000000	92.238	114.8325
177.500000	92.186	114.6724
180.000000	92.135	114.4683
182.500000	92.065	114.3141
185.000000	92.007	114.2940
187.500000	91.965	114.1812
190.000000	91.918	114.0391
192.500000	91.881	113.9455
195.000000	91.847	113.8866
197.500000	91.805	113.8171
200.000000	91.771	113.7111
203.000000	91.761	113.7091
206.000000	91.810	113.9554
209.000000	91.758	113.7619
212.000000	91.645	113.3841
214.000000	91.606	113.2469
218.000000	91.566	113.0555
220.000000	91.550	112.9544
224.000000	91.505	112.7960
227.000000	91.480	112.7362
230.000000	91.472	112.6470
233.000000	91.463	112.5472
236.000000	91.451	112.4539
240.000000	91.440	112.3072
243.000000	91.435	112.2358
247.000000	91.431	112.1347
250.000000	91.423	111.9824
254.000000	91.406	111.7963
258.000000	91.388	111.5892
262.000000	91.394	111.4756
265.000000	91.403	111.3994
269.000000	91.409	111.2765
272.000000	91.413	111.2339
276.000000	91.426	111.2749
280.000000	91.441	111.0723
285.000000	91.450	110.6262
290.000000	91.463	110.3494
295.000000	91.486	110.1398
300.000000	91.512	109.8905
304.000000	91.535	109.6985
307.000000	91.554	109.5383
311.000000	91.578	109.3087
315.000000	91.595	109.1372
320.000000	91.623	108.9468
325.000000	91.661	108.7004
330.000000	91.702	108.4284
335.000000	91.741	108.1096
340.000000	91.783	107.8217
345.000000	91.832	107.4956
350.000000	91.881	107.1646
355.000000	91.929	106.9149
360.000000	91.973	106.6439
365.000000	92.018	106.3389
370.000000	92.071	106.0117
375.000000	92.129	105.7069
382.000000	92.193	105.2391
387.000000	92.235	104.8658
395.000000	92.323	104.2678
400.000000	92.381	103.9095
406.000000	92.450	103.4535
412.000000	92.520	103.0108
418.000000	92.596	102.5113
425.000000	92.689	101.8887
431.000000	92.759	101.3909
437.000000	92.822	100.8727
444.000000	92.894	100.2427
450.000000	92.957	99.6921
455.000000	93.010	99.2253
462.000000	93.083	98.6132
468.000000	93.146	98.0827
475.000000	93.218	97.3970
482.000000	93.287	96.7782
487.000000	93.333	96.4018
494.000000	93.403	95.7715
500.000000	93.466	95.2222
508.000000	93.552	94.4896
515.000000	93.628	93.8199
522.000000	93.703	93.1522
530.000000	93.782	92.3147
538.000000	93.854	91.4678
545.000000	93.910	90.7461
552.000000	93.962	90.0433
560.000000	94.018	89.2379
570.000000	94.085	88.2507
580.000000	94.147	87.2766
590.000000	94.207	86.3113
600.000000	94.261	85.3678
608.000000	94.303	84.6312
615.000000	94.337	83.9922
622.000000	94.370	83.3615
630.000000	94.405	82.6502
640.000000	94.444	81.7761
650.000000	94.478	80.9249
660.000000	94.511	80.0885
670.000000	94.540	79.2802
680.000000	94.565	78.5019
690.000000	94.586	77.7554
700.000000	94.604	77.0390
710.000000	94.621	76.3561
720.000000	94.636	75.7063
730.000000	94.649	75.0884
740.000000	94.661	74.4994
750.000000	94.673	73.9396
762.000000	94.684	73.3153
775.000000	94.697	72.6807
788.000000	94.709	72.0917
800.000000	94.719	71.5929
812.000000	94.727	71.1372
825.000000	94.735	70.6856
838.000000	94.744	70.2747
850.000000	94.755	69.9304
862.000000	94.770	69.6222
875.000000	94.790	69.3179
885.000000	94.807	69.1043
900.000000	94.836	68.8159
912.000000	94.865	68.6064
925.000000	94.900	68.3995
938.000000	94.940	68.2086
950.000000	94.980	68.0434
962.000000	95.023	67.8849
975.000000	95.073	67.7158
988.000000	95.128	67.5497
1000.000000	95.182	67.3953
1015.000000	95.253	67.1954
1030.000000	95.328	66.9851
1044.000000	95.401	66.7764
1060.000000	95.488	66.5239
1075.000000	95.573	66.2704
1090.000000	95.659	65.9978
1106.000000	95.752	65.6851
1120.000000	95.834	65.3924
1138.000000	95.940	64.9908
1150.000000	96.011	64.7052
1172.000000	96.139	64.1449
1180.000000	96.184	63.9316
1206.000000	96.328	63.2104
1220.000000	96.403	62.8094
1241.000000	96.512	62.1964
1250.000000	96.559	61.9314
1265.000000	96.638	61.4870
1280.000000	96.717	61.0436
1315.000000	96.894	60.0290
1320.000000	96.918	59.8871
1340.000000	97.014	59.3249
1360.000000	97.106	58.7783
1380.000000	97.196	58.2509
1400.000000	97.284	57.7383
1430.000000	97.414	56.9961
1450.000000	97.499	56.5172
1475.000000	97.605	55.9371
1500.000000	97.710	55.3751
1525.000000	97.816	54.8290
1550.000000	97.921	54.2980
1575.000000	98.026	53.7778
1600.000000	98.131	53.2667
1625.000000	98.233	52.7599
1650.000000	98.334	52.2547
1675.000000	98.437	51.7500
1700.000000	98.540	51.2423
1725.000000	98.645	50.7301
1750.000000	98.751	50.2094
1775.000000	98.859	49.6779
1800.000000	98.967	49.1324
1825.000000	99.076	48.5695
1850.000000	99.185	47.9888
1875.000000	99.295	47.3912
1900.000000	99.406	46.7698
1925.000000	99.516	46.1243
1950.000000	99.626	45.4540
1975.000000	99.735	44.7538
2000.000000	99.843	44.0260
2030.000000	99.973	43.1172
2060.000000	100.101	42.1649
2090.000000	100.226	41.1684
2120.000000	100.346	40.1277
2140.000000	100.423	39.4078
2180.000000	100.569	37.9055
2200.000000	100.637	37.1252
2240.000000	100.762	35.5088
2270.000000	100.844	34.2516
2300.000000	100.917	32.9615
2330.000000	100.978	31.6443
2360.000000	101.029	30.3080
2400.000000	101.078	28.5070
2430.000000	101.100	27.1495
2470.000000	101.111	25.3427
2500.000000	101.106	24.0001
2540.000000	101.082	22.2411
2580.000000	101.039	20.5301
2620.000000	100.978	18.8854
2650.000000	100.921	17.7037
2690.000000	100.832	16.2026
2720.000000	100.756	15.1377
2760.000000	100.645	13.8041
2800.000000	100.524	12.5760
2850.000000	100.363	11.1990
2900.000000	100.196	10.0006
2950.000000	100.026	8.9789
3000.000000	99.858	8.1238
3040.000000	99.727	7.5521
3070.000000	99.631	7.1843
3110.000000	99.509	6.7670
3150.000000	99.394	6.4229
3200.000000	99.262	6.0789
3250.000000	99.142	5.8132
3300.000000	99.033	5.6111
3350.000000	98.934	5.4662
3400.000000	98.845	5.3810
3450.000000	98.767	5.3574
3500.000000	98.703	5.3901
3550.000000	98.654	5.4668
3600.000000	98.623	5.5709
3650.000000	98.612	5.6786
3700.000000	98.619	5.7673
3750.000000	98.644	5.8153
3820.000000	98.708	5.7721
3870.000000	98.772	5.6341
3950.000000	98.900	5.1786
4000.000000	98.991	4.7189
4060.000000	99.102	3.9517
4120.000000	99.211	2.9227
4180.000000	99.312	1.6094
4250.000000	99.402	-0.2968
4310.000000	99.440	-2.2438
4370.000000	99.426	-4.4453
4440.000000	99.322	-7.2372
4500.000000	99.144	-9.6865
4550.000000	98.924	-11.6473
4620.000000	98.506	-14.0388
4680.000000	98.054	-15.5241
4750.000000	97.445	-16.2886
4820.000000	96.803	-15.7167
4870.000000	96.371	-14.3888
4940.000000	95.885	-11.2925
5000.000000	95.654	-7.7886
5080.000000	95.694	-2.9147
5150.000000	96.030	0.3849
5220.000000	96.525	1.9507
5300.000000	97.090	1.4249
5380.000000	97.483	-1.0054
5450.000000	97.616	-3.9368
5520.000000	97.550	-6.9674
5600.000000	97.276	-9.9858
5700.000000	96.739	-12.6066
5800.000000	96.105	-13.8426
5900.000000	95.458	-13.8644
6000.000000	94.848	-12.9341
6080.000000	94.401	-11.6690
6150.000000	94.046	-10.2753
6220.000000	93.726	-8.6748
6300.000000	93.411	-6.6603
6400.000000	93.100	-3.9749
6500.000000	92.858	-1.2184
6600.000000	92.661	1.5153
6700.000000	92.481	4.2284
6800.000000	92.313	7.1855
6900.000000	92.223	10.4939
7000.000000	92.218	13.4312
7100.000000	92.200	16.0079
7200.000000	92.154	18.9042
7300.000000	92.170	22.5062
7400.000000	92.350	26.5153
7500.000000	92.722	30.1815
7620.000000	93.350	33.4624
7750.000000	94.179	35.4909
7880.000000	95.120	35.7821
8000.000000	96.027	34.1785
8120.000000	96.881	30.4088
8250.000000	97.625	23.7147
8380.000000	98.006	14.8160
8500.000000	97.914	5.8486
8620.000000	97.397	-2.3207
8750.000000	96.534	-8.7438
8850.000000	95.876	-11.8558
9000.000000	95.077	-15.1479
9120.000000	94.603	-17.3668
9250.000000	94.196	-20.2231
9380.000000	93.746	-23.6741
9500.000000	93.208	-26.7581
9620.000000	92.567	-29.0890
9750.000000	91.840	-30.4520
9880.000000	91.159	-30.7185
10000.000000	90.612	-30.2792
10150.000000	90.045	-29.2017
10300.000000	89.591	-27.8068
10440.000000	89.250	-26.4069
10600.000000	88.936	-24.8681
10750.000000	88.688	-23.6006
10900.000000	88.459	-22.5798
11060.000000	88.201	-21.7827
11200.000000	87.936	-21.1971
11380.000000	87.559	-20.2708
11500.000000	87.314	-19.6454
11720.000000	86.841	-18.9978
11800.000000	86.641	-18.8884
12060.000000	85.873	-18.6260
12200.000000	85.394	-18.4409
12410.000000	84.614	-18.0609
12500.000000	84.265	-17.8687
12650.000000	83.676	-17.5380
12800.000000	83.080	-17.2278
13150.000000	81.657	-16.9801
13200.000000	81.451	-17.0475
13400.000000	80.627	-17.7111
13600.000000	79.808	-19.2037
13800.000000	79.004	-21.8392
14000.000000	78.238	-25.9149
14300.000000	77.285	-35.3337
14500.000000	76.940	-44.1480
14750.000000	77.090	-58.1262
15000.000000	78.083	-75.1499
15250.000000	79.666	-95.3408
15500.000000	80.890	-117.7918
15750.000000	81.285	-135.8848
16000.000000	82.658	-145.5486
16250.000000	85.505	-158.6988
16500.000000	87.970	179.2130
16750.000000	89.286	152.4419
17000.000000	89.575	125.6221
17250.000000	89.450	100.6271
17500.000000	89.363	75.2678
17750.000000	88.949	46.9032
18000.000000	87.625	16.0225
18250.000000	85.198	-15.9518
18500.000000	81.690	-48.8493
18750.000000	77.115	-83.2588
19000.000000	71.449	-119.5672
19250.000000	64.703	-157.7931
19500.000000	56.988	162.8431
19750.000000	48.527	128.0239
20000.000000	40.219	99.9790
