* Measurement data measured by REW V5.31.3
* Source: USB-C to 3.5mm Headphone Jack Adapter, no input selected, 0, volume: no control
* Format: 256k Log Swept Sine, 4 sweeps at -12.0 dBFS with no timing reference
* Dated: Mar 3, 2026 1:15:46 AM
* REW Settings:
*  C-weighting compensation: Off
*  Target level: 75.0 dB
* Note: ; 
* Measurement: Symphonium Meteor Coreir R
* Smoothing: 1/24 octave
* Frequency Step: 1/48 octave
* Start Frequency: 20.300 Hz
*
* Freq(Hz)	SPL(dB)	Phase(degrees)
20.299999	102.821	-173.4843
20.600000	102.828	-174.0034
20.900000	102.836	-174.5697
21.200001	102.844	-175.1473
21.400000	102.851	-175.5388
21.799999	102.866	-176.3345
22.000000	102.874	-176.7345
22.400000	102.886	-177.5215
22.700001	102.891	-178.0840
23.000000	102.892	-178.6101
23.299999	102.891	-179.0970
23.600000	102.891	-179.5535
24.000000	102.899	179.8479
24.299999	102.911	179.3735
24.700001	102.930	178.6778
25.000000	102.942	178.1190
25.400000	102.946	177.3838
25.799999	102.939	176.7374
26.200001	102.932	176.2080
26.500000	102.933	175.8457
26.900000	102.944	175.2991
27.200001	102.952	174.7773
27.600000	102.946	173.9208
28.000000	102.910	172.9879
28.500000	102.835	171.9883
29.000000	102.780	171.3633
29.500000	102.792	170.9788
30.000000	102.857	170.5255
30.400000	102.911	170.0164
30.700001	102.935	169.5809
31.100000	102.942	169.0056
31.500000	102.930	168.4890
32.000000	102.913	167.8982
32.500000	102.907	167.2672
33.000000	102.906	166.5566
33.500000	102.905	165.8313
34.000000	102.904	165.1543
34.500000	102.905	164.5164
35.000000	102.900	163.8788
35.500000	102.887	163.2376
36.000000	102.868	162.6156
36.500000	102.852	162.0175
37.000000	102.844	161.4244
37.500000	102.839	160.8257
38.200001	102.831	159.9976
38.700001	102.822	159.4185
39.500000	102.804	158.4833
40.000000	102.792	157.8922
40.599998	102.776	157.1941
41.200001	102.762	156.5094
41.799999	102.745	155.8268
42.500000	102.724	155.0253
43.099998	102.707	154.3257
43.700001	102.696	153.6268
44.400002	102.690	152.8799
45.000000	102.697	152.3084
45.500000	102.710	151.8160
46.200001	102.707	151.0335
46.799999	102.670	150.3653
47.500000	102.609	149.7173
48.200001	102.565	149.1104
48.700001	102.544	148.6254
49.400002	102.513	147.9218
50.000000	102.486	147.3546
50.799999	102.452	146.5993
51.500000	102.427	145.8828
52.200001	102.412	145.1157
53.000000	102.395	144.2950
53.799999	102.367	143.6967
54.500000	102.332	143.1642
55.200001	102.249	142.5602
56.000000	102.147	142.4370
57.000000	102.301	142.6879
58.000000	102.512	141.0502
59.000000	102.342	139.0840
60.000000	102.128	138.2319
60.799999	102.077	137.4736
61.500000	102.060	136.7214
62.200001	102.044	136.0923
63.000000	102.019	135.4681
64.000000	101.974	134.6931
65.000000	101.928	133.8684
66.000000	101.879	133.0005
67.000000	101.844	132.1121
68.000000	101.808	131.2297
69.000000	101.759	130.3790
70.000000	101.711	129.4167
71.000000	101.666	128.6918
72.000000	101.571	128.2725
73.000000	101.330	128.1147
74.000000	101.165	128.0787
75.000000	101.262	126.9104
76.199997	101.377	125.0435
77.500000	101.363	124.1240
78.800003	101.292	123.1433
80.000000	101.246	122.2154
81.199997	101.189	121.4472
82.500000	101.112	120.6065
83.800003	101.039	119.7814
85.000000	100.974	119.0766
86.199997	100.905	118.3722
87.500000	100.848	117.5179
88.500000	100.807	116.7684
90.000000	100.735	115.7580
91.199997	100.676	115.0104
92.500000	100.613	114.2242
93.800003	100.553	113.4796
95.000000	100.494	112.7798
96.199997	100.430	112.0402
97.500000	100.361	111.2702
98.800003	100.299	110.5339
100.000000	100.238	109.8710
101.500000	100.161	109.0455
103.000000	100.084	108.2099
104.400002	100.013	107.4622
106.000000	99.934	106.5902
107.500000	99.854	105.8247
109.000000	99.776	105.3022
110.599998	99.699	104.5732
112.000000	99.630	103.7647
113.800003	99.504	102.4995
115.000000	99.411	101.5502
117.199997	99.349	101.1054
118.000000	99.329	101.0075
120.599998	99.185	100.0007
122.000000	99.125	99.5375
124.099998	99.015	98.8821
125.000000	98.967	98.5627
126.500000	98.913	98.0060
128.000000	98.881	97.5568
131.500000	98.799	96.5360
132.000000	98.782	96.3093
134.000000	98.721	94.8871
136.000000	98.715	93.3996
138.000000	98.717	92.6320
140.000000	98.641	92.3962
143.000000	98.447	91.7945
145.000000	98.309	91.0017
147.500000	98.192	89.6957
150.000000	98.068	88.9959
152.500000	97.948	88.2782
155.000000	97.838	87.5230
157.500000	97.729	86.7934
160.000000	97.626	86.0999
162.500000	97.524	85.4663
165.000000	97.424	84.8384
167.500000	97.326	84.2030
170.000000	97.226	83.6139
172.500000	97.125	83.0320
175.000000	97.036	82.4877
177.500000	96.953	81.9864
180.000000	96.867	81.4918
182.500000	96.780	81.0036
185.000000	96.696	80.5344
187.500000	96.613	80.0812
190.000000	96.532	79.6445
192.500000	96.452	79.2281
195.000000	96.374	78.8329
197.500000	96.297	78.4553
200.000000	96.222	78.0878
203.000000	96.135	77.6617
206.000000	96.050	77.2537
209.000000	95.968	76.8719
212.000000	95.887	76.5068
214.000000	95.834	76.2798
218.000000	95.731	75.8622
220.000000	95.682	75.6538
224.000000	95.587	75.2402
227.000000	95.517	74.9472
230.000000	95.449	74.6864
233.000000	95.383	74.4365
236.000000	95.320	74.2004
240.000000	95.240	73.9173
243.000000	95.183	73.7452
247.000000	95.107	73.5569
250.000000	95.051	73.4056
254.000000	94.986	73.1987
258.000000	94.927	73.0229
262.000000	94.873	72.8398
265.000000	94.833	72.6953
269.000000	94.784	72.5343
272.000000	94.750	72.4060
276.000000	94.704	72.2411
280.000000	94.658	72.0798
285.000000	94.603	71.8865
290.000000	94.548	71.6956
295.000000	94.496	71.5215
300.000000	94.447	71.4530
304.000000	94.410	71.4195
307.000000	94.384	71.3771
311.000000	94.349	71.3004
315.000000	94.323	71.2248
320.000000	94.295	71.1632
325.000000	94.265	71.1064
330.000000	94.235	71.0467
335.000000	94.205	70.9950
340.000000	94.176	70.9479
345.000000	94.150	70.9157
350.000000	94.124	70.9049
355.000000	94.102	70.9171
360.000000	94.084	70.9205
365.000000	94.068	70.9354
370.000000	94.053	70.9601
375.000000	94.039	70.9806
382.000000	94.018	71.0074
387.000000	94.007	71.0212
395.000000	93.993	71.0684
400.000000	93.983	71.1065
406.000000	93.971	71.1532
412.000000	93.961	71.1940
418.000000	93.950	71.2469
425.000000	93.938	71.3275
431.000000	93.931	71.4053
437.000000	93.924	71.4668
444.000000	93.916	71.5666
450.000000	93.909	71.6702
455.000000	93.903	71.7274
462.000000	93.894	71.8257
468.000000	93.885	71.9310
475.000000	93.875	72.0313
482.000000	93.865	72.1615
487.000000	93.857	72.2595
494.000000	93.844	72.4155
500.000000	93.834	72.5603
508.000000	93.823	72.7432
515.000000	93.812	72.9223
522.000000	93.801	73.1151
530.000000	93.788	73.3521
538.000000	93.775	73.5967
545.000000	93.761	73.8405
552.000000	93.749	74.0923
560.000000	93.737	74.3566
570.000000	93.722	74.7209
580.000000	93.705	75.1169
590.000000	93.688	75.5380
600.000000	93.672	75.9778
608.000000	93.659	76.3447
615.000000	93.647	76.6732
622.000000	93.636	77.0124
630.000000	93.624	77.4143
640.000000	93.609	77.9309
650.000000	93.594	78.4676
660.000000	93.580	79.0208
670.000000	93.567	79.5910
680.000000	93.553	80.1824
690.000000	93.539	80.7939
700.000000	93.526	81.4282
710.000000	93.515	82.0856
720.000000	93.505	82.7617
730.000000	93.496	83.4590
740.000000	93.488	84.1751
750.000000	93.483	84.9097
762.000000	93.478	85.8108
775.000000	93.476	86.8113
788.000000	93.478	87.8382
800.000000	93.483	88.8129
812.000000	93.491	89.8048
825.000000	93.505	90.8976
838.000000	93.524	92.0139
850.000000	93.546	93.0575
862.000000	93.571	94.0920
875.000000	93.602	95.2268
885.000000	93.631	96.1092
900.000000	93.679	97.4319
912.000000	93.724	98.4871
925.000000	93.776	99.6237
938.000000	93.834	100.7594
950.000000	93.891	101.7978
962.000000	93.952	102.8135
975.000000	94.022	103.8943
988.000000	94.096	104.9560
1000.000000	94.167	105.9203
1015.000000	94.259	107.0895
1030.000000	94.355	108.2222
1044.000000	94.446	109.2473
1060.000000	94.552	110.3752
1075.000000	94.652	111.3906
1090.000000	94.752	112.3691
1106.000000	94.858	113.3736
1120.000000	94.948	114.2225
1138.000000	95.063	115.2753
1150.000000	95.138	115.9535
1172.000000	95.267	117.1641
1180.000000	95.313	117.5938
1206.000000	95.457	118.9574
1220.000000	95.530	119.6762
1241.000000	95.635	120.7482
1250.000000	95.678	121.2043
1265.000000	95.747	121.9577
1280.000000	95.813	122.7108
1315.000000	95.960	124.4817
1320.000000	95.980	124.7363
1340.000000	96.059	125.7595
1360.000000	96.135	126.7924
1380.000000	96.209	127.8344
1400.000000	96.282	128.8882
1430.000000	96.389	130.4874
1450.000000	96.461	131.5627
1475.000000	96.551	132.9126
1500.000000	96.643	134.2742
1525.000000	96.735	135.6406
1550.000000	96.830	137.0019
1575.000000	96.928	138.3661
1600.000000	97.028	139.7222
1625.000000	97.130	141.0637
1650.000000	97.236	142.3857
1675.000000	97.346	143.6878
1700.000000	97.458	144.9621
1725.000000	97.572	146.2036
1750.000000	97.689	147.4104
1775.000000	97.808	148.5795
1800.000000	97.928	149.7034
1825.000000	98.050	150.7791
1850.000000	98.173	151.8021
1875.000000	98.295	152.7691
1900.000000	98.417	153.6778
1925.000000	98.537	154.5256
1950.000000	98.654	155.3102
1975.000000	98.768	156.0319
2000.000000	98.877	156.6902
2030.000000	99.001	157.3942
2060.000000	99.115	158.0042
2090.000000	99.217	158.5253
2120.000000	99.306	158.9648
2140.000000	99.356	159.2163
2180.000000	99.435	159.6326
2200.000000	99.462	159.8031
2240.000000	99.490	160.0893
2270.000000	99.488	160.2759
2300.000000	99.466	160.4546
2330.000000	99.423	160.6411
2360.000000	99.360	160.8504
2400.000000	99.247	161.1891
2430.000000	99.142	161.5037
2470.000000	98.978	162.0275
2500.000000	98.839	162.5100
2540.000000	98.638	163.2860
2580.000000	98.421	164.2205
2620.000000	98.194	165.3180
2650.000000	98.020	166.2478
2690.000000	97.785	167.6211
2720.000000	97.608	168.7449
2760.000000	97.376	170.3592
2800.000000	97.149	172.0956
2850.000000	96.876	174.4095
2900.000000	96.617	176.8391
2950.000000	96.375	179.3490
3000.000000	96.147	-178.0999
3040.000000	95.974	-176.0551
3070.000000	95.848	-174.5275
3110.000000	95.683	-172.5000
3150.000000	95.519	-170.4701
3200.000000	95.312	-167.8968
3250.000000	95.107	-165.2313
3300.000000	94.913	-162.4287
3350.000000	94.743	-159.4902
3400.000000	94.612	-156.4671
3450.000000	94.526	-153.4442
3500.000000	94.490	-150.5170
3550.000000	94.501	-147.7703
3600.000000	94.558	-145.2807
3650.000000	94.656	-143.1124
3700.000000	94.791	-141.3315
3750.000000	94.956	-139.9990
3820.000000	95.224	-139.0144
3870.000000	95.427	-139.0289
3950.000000	95.728	-140.4297
4000.000000	95.871	-142.1859
4060.000000	95.959	-145.1287
4120.000000	95.920	-148.8049
4180.000000	95.731	-152.9245
4250.000000	95.316	-157.8311
4310.000000	94.813	-161.7587
4370.000000	94.212	-165.1860
4440.000000	93.443	-168.4068
4500.000000	92.775	-170.4828
4550.000000	92.239	-171.7716
4620.000000	91.551	-172.9981
4680.000000	91.042	-173.6167
4750.000000	90.562	-173.9436
4820.000000	90.218	-173.9421
4870.000000	90.062	-173.7855
4940.000000	89.973	-173.4063
5000.000000	90.017	-172.9774
5080.000000	90.245	-172.3477
5150.000000	90.595	-171.8416
5220.000000	91.076	-171.5097
5300.000000	91.764	-171.5487
5380.000000	92.563	-172.3109
5450.000000	93.308	-173.8201
5520.000000	94.032	-176.2914
5600.000000	94.738	179.6922
5700.000000	95.284	173.4286
5800.000000	95.353	167.1068
5900.000000	94.980	162.3406
6000.000000	94.338	160.1926
6080.000000	93.747	160.4032
6150.000000	93.228	161.8681
6220.000000	92.738	164.3630
6300.000000	92.237	168.2443
6400.000000	91.722	174.2917
6500.000000	91.338	-178.6738
6600.000000	91.087	-170.9384
6700.000000	90.967	-162.7349
6800.000000	90.972	-154.2475
6900.000000	91.100	-145.6281
7000.000000	91.350	-137.0149
7100.000000	91.722	-128.5593
7200.000000	92.218	-120.4472
7300.000000	92.836	-112.9066
7400.000000	93.569	-106.2328
7500.000000	94.393	-100.8325
7620.000000	95.413	-96.6393
7750.000000	96.365	-95.3249
7880.000000	96.881	-96.9532
8000.000000	96.786	-99.4384
8120.000000	96.155	-100.8162
8250.000000	95.074	-99.5182
8380.000000	93.846	-95.0509
8500.000000	92.748	-88.6527
8620.000000	91.758	-80.7482
8750.000000	90.833	-71.1267
8850.000000	90.221	-63.2963
9000.000000	89.438	-51.1650
9120.000000	88.913	-41.1268
9250.000000	88.482	-29.8622
9380.000000	88.237	-18.8172
9500.000000	88.123	-9.4469
9620.000000	88.052	-0.8472
9750.000000	87.990	7.7770
9880.000000	87.925	15.7372
10000.000000	87.842	22.5234
10150.000000	87.669	30.3919
10300.000000	87.386	37.9361
10440.000000	87.014	45.1894
10600.000000	86.500	54.3879
10750.000000	86.023	64.3355
10900.000000	85.664	75.5781
11060.000000	85.514	88.5648
11200.000000	85.637	100.1789
11380.000000	86.138	114.1665
11500.000000	86.608	122.3157
11720.000000	87.527	134.7517
11800.000000	87.835	138.6537
12060.000000	88.658	150.3021
12200.000000	89.001	156.5193
12410.000000	89.458	166.3775
12500.000000	89.660	170.8524
12650.000000	90.039	178.6132
12800.000000	90.508	-173.3631
13150.000000	92.153	-154.9104
13200.000000	92.473	-152.4580
13400.000000	94.050	-143.8008
13600.000000	96.130	-139.1367
13800.000000	98.371	-141.9240
14000.000000	99.965	-153.3620
14300.000000	99.672	-177.3351
14500.000000	97.901	171.1906
14750.000000	95.170	165.5607
15000.000000	92.831	166.2120
15250.000000	91.194	168.7930
15500.000000	90.211	170.8138
15750.000000	89.794	170.9356
16000.000000	89.838	168.2598
16250.000000	90.184	162.1691
16500.000000	90.593	152.4728
16750.000000	90.805	139.7694
17000.000000	90.670	125.2842
17250.000000	90.200	110.0756
17500.000000	89.517	94.4020
17750.000000	88.760	77.4803
18000.000000	87.969	57.8102
18250.000000	87.024	33.9339
18500.000000	85.702	5.1227
18750.000000	83.827	-28.7234
19000.000000	81.354	-67.9348
19250.000000	78.265	-113.3968
19500.000000	74.499	-166.1762
19750.000000	70.067	131.1401
20000.000000	66.037	57.5368
