* Measurement data measured by REW V5.31.3
* Source: USB-C to 3.5mm Headphone Jack Adapter, USB-C to 3.5mm Headphone Jack Adapter, 0, volume: 0.295
* Format: 256k Log Swept Sine, 4 sweeps at -12.0 dBFS with no timing reference
* Dated: Sep 27, 2025 8:52:14 PM
* REW Settings:
*  C-weighting compensation: Off
*  Target level: 75.0 dB
* Note: ; 
* Measurement: Symphonium Helios Epro R
* Smoothing: 1/24 octave
* Frequency Step: 1/48 octave
* Start Frequency: 20.300 Hz
*
* Freq(Hz)	SPL(dB)	Phase(degrees)
20.299999	101.389	-173.3962
20.600000	101.384	-174.1679
20.900000	101.372	-174.9842
21.200001	101.357	-175.7683
21.400000	101.347	-176.2688
21.799999	101.338	-177.2298
22.000000	101.339	-177.7014
22.400000	101.349	-178.6546
22.700001	101.359	-179.3887
23.000000	101.365	179.8658
23.299999	101.364	179.1238
23.600000	101.355	178.4024
24.000000	101.334	177.4890
24.299999	101.315	176.8369
24.700001	101.290	175.9875
25.000000	101.273	175.3481
25.400000	101.251	174.4806
25.799999	101.228	173.6055
26.200001	101.203	172.7464
26.500000	101.184	172.1242
26.900000	101.159	171.3278
27.200001	101.141	170.7508
27.600000	101.115	169.9981
28.000000	101.087	169.2552
28.500000	101.048	168.3356
29.000000	101.006	167.4308
29.500000	100.961	166.5482
30.000000	100.918	165.6898
30.400000	100.884	165.0169
30.700001	100.860	164.5176
31.100000	100.827	163.8580
31.500000	100.793	163.2094
32.000000	100.749	162.4235
32.500000	100.706	161.6657
33.000000	100.665	160.9183
33.500000	100.625	160.1635
34.000000	100.582	159.4094
34.500000	100.533	158.6840
35.000000	100.483	158.0032
35.500000	100.432	157.3558
36.000000	100.381	156.7214
36.500000	100.330	156.0916
37.000000	100.280	155.4652
37.500000	100.234	154.8390
38.200001	100.173	153.9709
38.700001	100.126	153.3811
39.500000	100.045	152.4908
40.000000	99.989	151.9271
40.599998	99.916	151.2277
41.200001	99.852	150.5215
41.799999	99.816	149.7701
42.500000	99.796	148.7665
43.099998	99.759	147.9209
43.700001	99.687	147.3136
44.400002	99.584	146.9745
45.000000	99.500	146.7838
45.500000	99.436	146.5193
46.200001	99.350	145.8697
46.799999	99.279	145.1440
47.500000	99.213	144.4099
48.200001	99.204	143.9432
48.700001	99.229	143.6078
49.400002	99.238	142.9232
50.000000	99.159	142.2933
50.799999	98.971	141.8081
51.500000	98.831	141.5281
52.200001	98.738	141.0019
53.000000	98.650	140.2620
53.799999	98.575	139.7043
54.500000	98.515	139.3000
55.200001	98.444	138.8558
56.000000	98.358	138.2875
57.000000	98.272	137.5950
58.000000	98.205	137.0221
59.000000	98.097	136.5796
60.000000	97.974	136.2363
60.799999	97.907	135.7255
61.500000	97.850	135.1114
62.200001	97.787	134.5546
63.000000	97.712	134.0013
64.000000	97.581	133.3773
65.000000	97.454	133.1265
66.000000	97.400	132.9698
67.000000	97.360	132.5882
68.000000	97.301	132.0570
69.000000	97.214	131.4475
70.000000	97.110	130.9341
71.000000	97.014	130.5026
72.000000	96.934	130.0802
73.000000	96.860	129.6606
74.000000	96.772	129.2026
75.000000	96.663	128.8340
76.199997	96.555	128.6646
77.500000	96.461	128.2958
78.800003	96.342	128.0855
80.000000	96.245	127.9274
81.199997	96.089	127.0962
82.500000	95.989	126.5184
83.800003	96.020	126.5266
85.000000	95.764	125.9531
86.199997	95.382	125.5785
87.500000	95.435	124.9162
88.500000	95.556	124.3516
90.000000	95.547	124.2964
91.199997	95.460	124.0518
92.500000	95.365	123.8013
93.800003	95.257	123.5429
95.000000	95.150	123.1778
96.199997	95.058	122.8886
97.500000	94.987	122.6579
98.800003	94.908	122.5000
100.000000	94.810	122.5189
101.500000	94.712	122.3223
103.000000	94.646	122.1130
104.400002	94.575	121.9150
106.000000	94.575	121.5743
107.500000	94.680	122.1650
109.000000	94.631	122.1547
110.599998	94.451	120.9575
112.000000	94.333	120.4829
113.800003	94.221	120.4271
115.000000	94.189	120.3397
117.199997	94.069	119.9284
118.000000	93.995	119.7049
120.599998	93.839	119.0872
122.000000	93.778	118.8025
124.099998	93.678	118.5388
125.000000	93.629	118.4345
126.500000	93.552	118.2149
128.000000	93.486	118.0207
131.500000	93.345	117.6265
132.000000	93.324	117.5723
134.000000	93.237	117.3365
136.000000	93.152	117.1587
138.000000	93.077	116.9833
140.000000	93.008	116.8224
143.000000	92.883	116.6499
145.000000	92.813	116.4644
147.500000	92.716	116.2667
150.000000	92.609	116.0363
152.500000	92.556	115.9561
155.000000	92.496	115.7994
157.500000	92.425	115.6235
160.000000	92.352	115.4765
162.500000	92.274	115.3994
165.000000	92.194	115.3410
167.500000	92.127	115.2714
170.000000	92.069	115.1962
172.500000	92.017	115.1298
175.000000	91.971	114.9976
177.500000	91.917	114.8496
180.000000	91.852	114.7101
182.500000	91.792	114.5671
185.000000	91.745	114.4181
187.500000	91.700	114.2684
190.000000	91.647	114.1882
192.500000	91.595	114.1157
195.000000	91.551	114.0378
197.500000	91.516	113.9342
200.000000	91.480	113.8131
203.000000	91.430	113.7064
206.000000	91.380	113.6057
209.000000	91.350	113.5249
212.000000	91.328	113.4439
214.000000	91.310	113.4025
218.000000	91.276	113.3037
220.000000	91.263	113.2419
224.000000	91.230	113.1256
227.000000	91.208	113.0446
230.000000	91.193	112.9589
233.000000	91.183	112.8640
236.000000	91.172	112.7494
240.000000	91.151	112.6179
243.000000	91.137	112.4915
247.000000	91.128	112.3045
250.000000	91.124	112.2007
254.000000	91.118	112.0637
258.000000	91.116	111.8507
262.000000	91.113	111.7169
265.000000	91.115	111.6558
269.000000	91.123	111.5776
272.000000	91.125	111.5077
276.000000	91.128	111.3774
280.000000	91.136	111.1759
285.000000	91.152	110.9194
290.000000	91.169	110.6918
295.000000	91.190	110.4339
300.000000	91.209	110.2149
304.000000	91.234	110.0389
307.000000	91.254	109.8914
311.000000	91.281	109.6959
315.000000	91.306	109.5026
320.000000	91.344	109.2433
325.000000	91.387	108.9885
330.000000	91.425	108.7240
335.000000	91.463	108.4524
340.000000	91.503	108.1503
345.000000	91.542	107.8162
350.000000	91.586	107.4522
355.000000	91.631	107.1534
360.000000	91.676	106.8627
365.000000	91.722	106.5528
370.000000	91.770	106.2382
375.000000	91.818	105.9214
382.000000	91.887	105.4989
387.000000	91.939	105.1965
395.000000	92.029	104.7116
400.000000	92.091	104.4022
406.000000	92.170	103.9785
412.000000	92.249	103.5150
418.000000	92.328	103.0145
425.000000	92.418	102.4120
431.000000	92.493	101.8790
437.000000	92.565	101.3246
444.000000	92.642	100.6534
450.000000	92.705	100.0627
455.000000	92.763	99.5984
462.000000	92.845	98.9552
468.000000	92.910	98.3917
475.000000	92.984	97.7247
482.000000	93.055	97.0493
487.000000	93.106	96.5637
494.000000	93.176	95.8837
500.000000	93.235	95.3009
508.000000	93.310	94.5158
515.000000	93.375	93.8223
522.000000	93.439	93.1331
530.000000	93.508	92.3499
538.000000	93.576	91.5608
545.000000	93.633	90.8728
552.000000	93.688	90.1857
560.000000	93.747	89.3997
570.000000	93.816	88.4235
580.000000	93.882	87.4537
590.000000	93.944	86.4965
600.000000	94.000	85.5535
608.000000	94.042	84.8096
615.000000	94.077	84.1698
622.000000	94.109	83.5399
630.000000	94.144	82.8315
640.000000	94.184	81.9750
650.000000	94.221	81.1521
660.000000	94.254	80.3076
670.000000	94.283	79.5004
680.000000	94.309	78.7332
690.000000	94.332	77.9953
700.000000	94.353	77.2831
710.000000	94.372	76.6025
720.000000	94.389	75.9542
730.000000	94.405	75.3372
740.000000	94.419	74.7448
750.000000	94.433	74.1779
762.000000	94.447	73.5659
775.000000	94.462	72.9467
788.000000	94.477	72.3667
800.000000	94.490	71.8753
812.000000	94.500	71.4294
825.000000	94.511	70.9863
838.000000	94.523	70.5878
850.000000	94.536	70.2571
862.000000	94.554	69.9533
875.000000	94.577	69.6573
885.000000	94.597	69.4516
900.000000	94.631	69.1743
912.000000	94.663	68.9717
925.000000	94.701	68.7700
938.000000	94.745	68.5821
950.000000	94.789	68.4170
962.000000	94.836	68.2635
975.000000	94.890	68.1005
988.000000	94.949	67.9323
1000.000000	95.006	67.7746
1015.000000	95.081	67.5709
1030.000000	95.159	67.3565
1044.000000	95.236	67.1435
1060.000000	95.326	66.8777
1075.000000	95.412	66.6086
1090.000000	95.499	66.3219
1106.000000	95.593	65.9963
1120.000000	95.676	65.6948
1138.000000	95.782	65.2787
1150.000000	95.852	64.9892
1172.000000	95.977	64.4472
1180.000000	96.022	64.2422
1206.000000	96.163	63.5529
1220.000000	96.238	63.1738
1241.000000	96.347	62.5996
1250.000000	96.394	62.3521
1265.000000	96.475	61.9409
1280.000000	96.555	61.5313
1315.000000	96.739	60.5870
1320.000000	96.764	60.4539
1340.000000	96.864	59.9273
1360.000000	96.961	59.4166
1380.000000	97.057	58.9207
1400.000000	97.151	58.4347
1430.000000	97.289	57.7273
1450.000000	97.379	57.2702
1475.000000	97.493	56.7176
1500.000000	97.605	56.1810
1525.000000	97.718	55.6576
1550.000000	97.832	55.1458
1575.000000	97.945	54.6409
1600.000000	98.058	54.1448
1625.000000	98.167	53.6506
1650.000000	98.277	53.1534
1675.000000	98.387	52.6513
1700.000000	98.499	52.1414
1725.000000	98.611	51.6244
1750.000000	98.724	51.0969
1775.000000	98.838	50.5559
1800.000000	98.953	50.0013
1825.000000	99.069	49.4260
1850.000000	99.185	48.8294
1875.000000	99.301	48.2117
1900.000000	99.417	47.5682
1925.000000	99.531	46.8991
1950.000000	99.644	46.2024
1975.000000	99.756	45.4777
2000.000000	99.867	44.7270
2030.000000	99.999	43.7902
2060.000000	100.128	42.8163
2090.000000	100.252	41.8093
2120.000000	100.373	40.7656
2140.000000	100.452	40.0427
2180.000000	100.602	38.5178
2200.000000	100.672	37.7150
2240.000000	100.797	36.0452
2270.000000	100.877	34.7536
2300.000000	100.945	33.4389
2330.000000	101.001	32.1079
2360.000000	101.045	30.7672
2400.000000	101.086	28.9751
2430.000000	101.102	27.6367
2470.000000	101.105	25.8718
2500.000000	101.094	24.5714
2540.000000	101.064	22.8832
2580.000000	101.018	21.2595
2620.000000	100.955	19.7107
2650.000000	100.897	18.6056
2690.000000	100.810	17.2166
2720.000000	100.738	16.2423
2760.000000	100.633	15.0366
2800.000000	100.521	13.9395
2850.000000	100.376	12.7224
2900.000000	100.228	11.6700
2950.000000	100.079	10.7789
3000.000000	99.935	10.0388
3040.000000	99.825	9.5432
3070.000000	99.746	9.2224
3110.000000	99.646	8.8544
3150.000000	99.553	8.5461
3200.000000	99.446	8.2312
3250.000000	99.351	7.9810
3300.000000	99.264	7.7883
3350.000000	99.185	7.6555
3400.000000	99.116	7.5889
3450.000000	99.058	7.5925
3500.000000	99.015	7.6595
3550.000000	98.989	7.7726
3600.000000	98.984	7.9078
3650.000000	98.999	8.0387
3700.000000	99.034	8.1380
3750.000000	99.089	8.1812
3820.000000	99.195	8.1007
3870.000000	99.289	7.9135
3950.000000	99.464	7.3312
4000.000000	99.581	6.7601
4060.000000	99.720	5.8299
4120.000000	99.851	4.6094
4180.000000	99.964	3.0865
4250.000000	100.055	0.9366
4310.000000	100.080	-1.1831
4370.000000	100.042	-3.4771
4440.000000	99.901	-6.2122
4500.000000	99.691	-8.4244
4550.000000	99.457	-10.0367
4620.000000	99.054	-11.7245
4680.000000	98.666	-12.4697
4750.000000	98.219	-12.3943
4820.000000	97.846	-11.3565
4870.000000	97.665	-10.2058
4940.000000	97.561	-8.4744
5000.000000	97.604	-7.3558
5080.000000	97.764	-6.9968
5150.000000	97.892	-7.8726
5220.000000	97.917	-9.5614
5300.000000	97.774	-11.8621
5380.000000	97.459	-13.9332
5450.000000	97.081	-15.2374
5520.000000	96.650	-15.9584
5600.000000	96.133	-16.0793
5700.000000	95.501	-15.3188
5800.000000	94.918	-13.7669
5900.000000	94.400	-11.6462
6000.000000	93.952	-9.1425
6080.000000	93.645	-6.9683
6150.000000	93.412	-5.0044
6220.000000	93.213	-3.0278
6300.000000	93.030	-0.8049
6400.000000	92.866	1.8389
6500.000000	92.738	4.2528
6600.000000	92.603	6.4215
6700.000000	92.415	8.5867
6800.000000	92.194	11.4821
6900.000000	92.111	15.0970
7000.000000	92.135	17.9011
7100.000000	92.074	20.3264
7200.000000	91.966	23.9019
7300.000000	92.059	28.8569
7400.000000	92.475	33.7114
7500.000000	93.129	37.3235
7620.000000	94.087	39.7197
7750.000000	95.242	39.9001
7880.000000	96.423	37.3544
8000.000000	97.393	32.4024
8120.000000	98.083	25.1533
8250.000000	98.386	15.6558
8380.000000	98.194	6.0131
8500.000000	97.663	-1.7448
8620.000000	96.942	-7.8052
8750.000000	96.125	-12.4365
8850.000000	95.576	-15.1851
9000.000000	94.806	-19.3083
9120.000000	94.108	-22.4025
9250.000000	93.233	-24.8481
9380.000000	92.297	-25.7595
9500.000000	91.477	-25.1752
9620.000000	90.769	-23.5576
9750.000000	90.152	-21.1266
9880.000000	89.680	-18.3987
10000.000000	89.348	-15.8184
10150.000000	89.043	-12.6469
10300.000000	88.834	-9.6460
10440.000000	88.703	-7.0966
10600.000000	88.599	-4.5831
10750.000000	88.516	-2.6616
10900.000000	88.413	-1.1331
11060.000000	88.257	0.3223
11200.000000	88.113	1.6600
11380.000000	87.966	3.0356
11500.000000	87.860	3.4962
11720.000000	87.583	3.6606
11800.000000	87.455	3.5812
12060.000000	86.961	2.8884
12200.000000	86.662	2.2200
12410.000000	86.198	0.7285
12500.000000	86.003	-0.1407
12650.000000	85.697	-1.9790
12800.000000	85.418	-4.4096
13150.000000	84.896	-13.1608
13200.000000	84.839	-14.8353
13400.000000	84.666	-22.7446
13600.000000	84.576	-32.6356
13800.000000	84.559	-44.2867
14000.000000	84.601	-57.1190
14300.000000	84.780	-77.0050
14500.000000	84.985	-90.0696
14750.000000	85.237	-106.0626
15000.000000	85.267	-121.3231
15250.000000	84.937	-134.3843
15500.000000	84.510	-143.0448
15750.000000	84.857	-148.4336
16000.000000	86.058	-158.2299
16250.000000	86.933	-174.1805
16500.000000	87.087	168.3307
16750.000000	86.877	151.8003
17000.000000	86.811	135.6161
17250.000000	87.175	116.6356
17500.000000	87.643	91.3995
17750.000000	87.579	59.2932
18000.000000	86.671	21.6678
18250.000000	84.968	-20.8378
18500.000000	82.710	-69.3549
18750.000000	80.360	-127.4525
19000.000000	78.468	161.6714
19250.000000	77.138	82.9321
19500.000000	75.885	3.9574
19750.000000	74.256	-77.6268
20000.000000	72.780	-153.8848
