* Measurement data measured by REW V5.31.3
* Source: USB-C to 3.5mm Headphone Jack Adapter, USB-C to 3.5mm Headphone Jack Adapter, 0, volume: 0.295
* Format: 256k Log Swept Sine, 4 sweeps at -12.0 dBFS with no timing reference
* Dated: Oct 6, 2025 6:55:00 PM
* REW Settings:
*  C-weighting compensation: Off
*  Target level: 75.0 dB
* Note: ; 
* Measurement: Symphonium Helios Noble R
* Smoothing: 1/24 octave
* Frequency Step: 1/48 octave
* Start Frequency: 20.300 Hz
*
* Freq(Hz)	SPL(dB)	Phase(degrees)
20.299999	101.745	-173.1915
20.600000	101.745	-173.9281
20.900000	101.740	-174.7161
21.200001	101.733	-175.4998
21.400000	101.729	-176.0202
21.799999	101.722	-177.0595
22.000000	101.719	-177.5772
22.400000	101.711	-178.5983
22.700001	101.703	-179.3412
23.000000	101.692	179.9411
23.299999	101.681	179.2456
23.600000	101.669	178.5616
24.000000	101.652	177.6432
24.299999	101.638	176.9385
24.700001	101.616	175.9862
25.000000	101.597	175.2843
25.400000	101.570	174.4036
25.799999	101.550	173.6043
26.200001	101.542	172.8606
26.500000	101.542	172.3043
26.900000	101.541	171.5242
27.200001	101.532	170.9054
27.600000	101.502	170.0644
28.000000	101.453	169.2567
28.500000	101.379	168.3434
29.000000	101.315	167.5045
29.500000	101.268	166.6559
30.000000	101.230	165.7667
30.400000	101.199	165.0557
30.700001	101.174	164.5424
31.100000	101.141	163.8918
31.500000	101.108	163.2672
32.000000	101.066	162.4921
32.500000	101.019	161.7124
33.000000	100.967	160.9466
33.500000	100.916	160.2109
34.000000	100.868	159.4982
34.500000	100.825	158.7949
35.000000	100.780	158.1041
35.500000	100.733	157.4409
36.000000	100.684	156.8090
36.500000	100.635	156.1909
37.000000	100.586	155.5662
37.500000	100.536	154.9345
38.200001	100.463	154.0705
38.700001	100.414	153.4716
39.500000	100.337	152.4996
40.000000	100.284	151.8926
40.599998	100.216	151.2140
41.200001	100.157	150.5884
41.799999	100.105	149.9695
42.500000	100.034	149.2778
43.099998	99.964	148.7476
43.700001	99.894	148.1658
44.400002	99.799	147.2624
45.000000	99.692	146.4496
45.500000	99.605	145.9413
46.200001	99.540	145.5016
46.799999	99.533	145.1302
47.500000	99.519	144.5724
48.200001	99.466	144.0473
48.700001	99.421	143.7054
49.400002	99.355	143.1533
50.000000	99.287	142.6143
50.799999	99.185	141.9819
51.500000	99.106	141.5150
52.200001	99.035	141.0234
53.000000	98.954	140.4323
53.799999	98.876	139.8551
54.500000	98.807	139.3669
55.200001	98.736	138.9130
56.000000	98.656	138.4232
57.000000	98.559	137.8004
58.000000	98.464	137.1832
59.000000	98.377	136.5339
60.000000	98.284	135.8864
60.799999	98.205	135.4662
61.500000	98.138	135.1562
62.200001	98.074	134.8368
63.000000	98.001	134.4221
64.000000	97.908	133.8746
65.000000	97.817	133.3658
66.000000	97.726	132.8896
67.000000	97.632	132.4227
68.000000	97.541	131.9641
69.000000	97.455	131.5278
70.000000	97.372	131.1331
71.000000	97.290	130.7220
72.000000	97.206	130.2890
73.000000	97.125	129.8772
74.000000	97.041	129.4927
75.000000	96.955	129.1428
76.199997	96.858	128.7139
77.500000	96.752	128.2368
78.800003	96.646	127.6752
80.000000	96.573	127.1451
81.199997	96.531	126.6732
82.500000	96.425	126.2764
83.800003	96.273	126.1243
85.000000	96.167	125.8582
86.199997	96.079	125.6078
87.500000	95.989	125.3724
88.500000	95.930	125.1213
90.000000	95.874	124.9669
91.199997	95.827	124.8684
92.500000	95.685	124.2574
93.800003	95.544	123.6824
95.000000	95.455	123.4765
96.199997	95.346	123.4139
97.500000	95.254	123.2025
98.800003	95.251	123.1985
100.000000	95.247	123.4217
101.500000	95.123	123.1496
103.000000	94.982	122.2239
104.400002	94.925	121.7490
106.000000	94.872	121.7178
107.500000	94.772	121.3327
109.000000	94.699	120.5432
110.599998	94.628	120.1780
112.000000	94.524	120.2354
113.800003	94.399	120.0615
115.000000	94.334	119.9214
117.199997	94.204	119.7620
118.000000	94.159	119.6755
120.599998	94.044	119.2629
122.000000	93.980	119.0897
124.099998	93.877	118.8002
125.000000	93.835	118.6664
126.500000	93.766	118.4476
128.000000	93.702	118.3515
131.500000	93.579	118.1924
132.000000	93.557	118.1369
134.000000	93.453	117.9692
136.000000	93.322	117.9315
138.000000	93.256	117.7159
140.000000	93.249	117.3746
143.000000	93.153	117.1740
145.000000	93.070	117.0689
147.500000	92.995	116.9206
150.000000	92.920	116.7512
152.500000	92.827	116.4954
155.000000	92.736	116.2074
157.500000	92.683	116.0872
160.000000	92.627	115.9841
162.500000	92.568	115.8722
165.000000	92.500	115.7276
167.500000	92.422	115.6228
170.000000	92.361	115.5176
172.500000	92.308	115.4043
175.000000	92.245	115.3854
177.500000	92.181	115.3192
180.000000	92.123	115.0815
182.500000	92.064	114.8595
185.000000	92.002	114.8343
187.500000	91.952	114.8597
190.000000	91.902	114.8408
192.500000	91.855	114.7589
195.000000	91.813	114.6656
197.500000	91.756	114.6810
200.000000	91.695	114.7621
203.000000	91.675	114.5216
206.000000	91.658	114.3307
209.000000	91.624	114.1910
212.000000	91.591	114.0650
214.000000	91.569	113.9838
218.000000	91.528	113.8320
220.000000	91.512	113.7927
224.000000	91.475	113.7363
227.000000	91.441	113.6867
230.000000	91.432	113.6213
233.000000	91.427	113.5302
236.000000	91.410	113.4442
240.000000	91.382	113.4676
243.000000	91.353	113.5901
247.000000	91.332	113.6986
250.000000	91.341	113.5308
254.000000	91.349	113.3168
258.000000	91.355	113.1462
262.000000	91.358	113.0471
265.000000	91.382	112.9781
269.000000	91.420	112.8572
272.000000	91.421	112.7466
276.000000	91.415	112.4279
280.000000	91.448	112.0922
285.000000	91.469	111.8313
290.000000	91.479	111.6356
295.000000	91.520	111.4550
300.000000	91.560	111.1560
304.000000	91.592	110.9206
307.000000	91.613	110.7841
311.000000	91.638	110.5600
315.000000	91.661	110.2864
320.000000	91.691	109.9355
325.000000	91.725	109.6331
330.000000	91.763	109.3507
335.000000	91.797	109.0096
340.000000	91.831	108.7115
345.000000	91.868	108.4500
350.000000	91.915	108.1307
355.000000	91.966	107.7787
360.000000	92.011	107.4627
365.000000	92.057	107.1626
370.000000	92.106	106.7891
375.000000	92.155	106.4024
382.000000	92.217	105.9666
387.000000	92.271	105.6090
395.000000	92.367	105.0377
400.000000	92.425	104.6314
406.000000	92.488	104.1130
412.000000	92.558	103.6528
418.000000	92.630	103.1764
425.000000	92.709	102.6063
431.000000	92.775	102.1067
437.000000	92.842	101.5772
444.000000	92.917	100.9789
450.000000	92.981	100.4513
455.000000	93.035	99.9951
462.000000	93.115	99.3493
468.000000	93.180	98.8073
475.000000	93.255	98.1761
482.000000	93.335	97.5432
487.000000	93.390	97.0434
494.000000	93.455	96.3464
500.000000	93.511	95.7716
508.000000	93.592	94.9879
515.000000	93.664	94.2986
522.000000	93.731	93.5909
530.000000	93.806	92.7807
538.000000	93.879	91.9801
545.000000	93.937	91.2560
552.000000	93.991	90.5312
560.000000	94.051	89.7038
570.000000	94.120	88.6656
580.000000	94.182	87.6534
590.000000	94.239	86.6618
600.000000	94.293	85.6895
608.000000	94.334	84.9363
615.000000	94.368	84.2901
622.000000	94.399	83.6521
630.000000	94.433	82.9342
640.000000	94.471	82.0523
650.000000	94.506	81.1913
660.000000	94.537	80.3580
670.000000	94.564	79.5513
680.000000	94.588	78.7732
690.000000	94.609	78.0222
700.000000	94.628	77.3026
710.000000	94.645	76.6183
720.000000	94.660	75.9670
730.000000	94.673	75.3477
740.000000	94.686	74.7608
750.000000	94.697	74.1996
762.000000	94.709	73.5627
775.000000	94.722	72.9247
788.000000	94.734	72.3445
800.000000	94.745	71.8564
812.000000	94.752	71.4069
825.000000	94.759	70.9636
838.000000	94.769	70.5684
850.000000	94.781	70.2422
862.000000	94.795	69.9470
875.000000	94.815	69.6588
885.000000	94.833	69.4589
900.000000	94.863	69.1927
912.000000	94.893	68.9997
925.000000	94.930	68.8060
938.000000	94.970	68.6288
950.000000	95.011	68.4777
962.000000	95.056	68.3347
975.000000	95.108	68.1851
988.000000	95.164	68.0391
1000.000000	95.219	67.9050
1015.000000	95.293	67.7370
1030.000000	95.371	67.5601
1044.000000	95.449	67.3756
1060.000000	95.541	67.1390
1075.000000	95.630	66.8943
1090.000000	95.720	66.6285
1106.000000	95.817	66.3217
1120.000000	95.902	66.0337
1138.000000	96.010	65.6379
1150.000000	96.082	65.3615
1172.000000	96.210	64.8299
1180.000000	96.256	64.6302
1206.000000	96.401	63.9630
1220.000000	96.477	63.5912
1241.000000	96.589	63.0266
1250.000000	96.638	62.7843
1265.000000	96.720	62.3805
1280.000000	96.803	61.9778
1315.000000	96.990	61.0523
1320.000000	97.016	60.9223
1340.000000	97.118	60.4078
1360.000000	97.218	59.9056
1380.000000	97.316	59.4178
1400.000000	97.412	58.9445
1430.000000	97.554	58.2537
1450.000000	97.647	57.8101
1475.000000	97.763	57.2748
1500.000000	97.878	56.7564
1525.000000	97.994	56.2507
1550.000000	98.111	55.7592
1575.000000	98.227	55.2758
1600.000000	98.343	54.7970
1625.000000	98.457	54.3201
1650.000000	98.570	53.8440
1675.000000	98.684	53.3648
1700.000000	98.800	52.8765
1725.000000	98.917	52.3801
1750.000000	99.036	51.8735
1775.000000	99.155	51.3553
1800.000000	99.275	50.8225
1825.000000	99.397	50.2705
1850.000000	99.519	49.6988
1875.000000	99.641	49.1053
1900.000000	99.763	48.4868
1925.000000	99.884	47.8432
1950.000000	100.005	47.1732
1975.000000	100.125	46.4746
2000.000000	100.245	45.7451
2030.000000	100.388	44.8286
2060.000000	100.528	43.8673
2090.000000	100.664	42.8579
2120.000000	100.796	41.7997
2140.000000	100.880	41.0640
2180.000000	101.039	39.5178
2200.000000	101.112	38.7096
2240.000000	101.247	37.0314
2270.000000	101.336	35.7281
2300.000000	101.414	34.3927
2330.000000	101.481	33.0335
2360.000000	101.536	31.6570
2400.000000	101.589	29.8076
2430.000000	101.614	28.4189
2470.000000	101.629	26.5780
2500.000000	101.626	25.2159
2540.000000	101.606	23.4386
2580.000000	101.567	21.7201
2620.000000	101.510	20.0728
2650.000000	101.457	18.8940
2690.000000	101.373	17.4054
2720.000000	101.303	16.3546
2760.000000	101.200	15.0482
2800.000000	101.089	13.8522
2850.000000	100.943	12.5137
2900.000000	100.793	11.3478
2950.000000	100.641	10.3468
3000.000000	100.493	9.5011
3040.000000	100.378	8.9282
3070.000000	100.295	8.5536
3110.000000	100.189	8.1199
3150.000000	100.090	7.7528
3200.000000	99.976	7.3712
3250.000000	99.871	7.0601
3300.000000	99.775	6.8138
3350.000000	99.687	6.6340
3400.000000	99.607	6.5305
3450.000000	99.539	6.5073
3500.000000	99.485	6.5546
3550.000000	99.450	6.6557
3600.000000	99.435	6.7875
3650.000000	99.441	6.9216
3700.000000	99.469	7.0289
3750.000000	99.516	7.0837
3820.000000	99.615	7.0245
3870.000000	99.705	6.8525
3950.000000	99.877	6.2902
4000.000000	99.995	5.7223
4060.000000	100.137	4.7812
4120.000000	100.273	3.5273
4180.000000	100.392	1.9388
4250.000000	100.492	-0.3458
4310.000000	100.523	-2.6472
4370.000000	100.486	-5.2018
4440.000000	100.334	-8.3541
4500.000000	100.098	-11.0222
4550.000000	99.824	-13.0759
4620.000000	99.326	-15.4403
4680.000000	98.811	-16.7610
4750.000000	98.142	-17.2009
4820.000000	97.463	-16.2214
4870.000000	97.019	-14.5912
4940.000000	96.536	-11.1126
5000.000000	96.322	-7.3736
5080.000000	96.392	-2.3856
5150.000000	96.743	0.8073
5220.000000	97.222	2.1379
5300.000000	97.720	1.3648
5380.000000	98.005	-1.0774
5450.000000	98.032	-3.7234
5520.000000	97.872	-6.2017
5600.000000	97.524	-8.3696
5700.000000	96.955	-9.8113
5800.000000	96.347	-9.9266
5900.000000	95.768	-8.9971
6000.000000	95.251	-7.3253
6080.000000	94.891	-5.6240
6150.000000	94.615	-3.9696
6220.000000	94.378	-2.2266
6300.000000	94.158	-0.2039
6400.000000	93.958	2.2483
6500.000000	93.804	4.4755
6600.000000	93.647	6.4089
6700.000000	93.426	8.2843
6800.000000	93.152	10.9805
6900.000000	93.030	14.5909
7000.000000	93.030	17.2958
7100.000000	92.940	19.4156
7200.000000	92.760	22.5829
7300.000000	92.724	27.3020
7400.000000	92.998	32.4843
7500.000000	93.567	36.7483
7620.000000	94.481	39.7852
7750.000000	95.600	40.4045
7880.000000	96.730	38.1309
8000.000000	97.629	33.3586
8120.000000	98.211	26.3130
8250.000000	98.350	17.2285
8380.000000	97.952	8.4056
8500.000000	97.209	1.9358
8620.000000	96.275	-2.1797
8750.000000	95.266	-3.7592
8850.000000	94.651	-3.3486
9000.000000	94.089	-1.8594
9120.000000	93.915	-0.8725
9250.000000	93.894	-0.9683
9380.000000	93.853	-2.4378
9500.000000	93.675	-4.3245
9620.000000	93.356	-5.8900
9750.000000	92.923	-6.7026
9880.000000	92.489	-6.5586
10000.000000	92.135	-5.7852
10150.000000	91.781	-4.2881
10300.000000	91.524	-2.4891
10440.000000	91.363	-0.7689
10600.000000	91.253	1.0161
10750.000000	91.197	2.3761
10900.000000	91.161	3.3463
11060.000000	91.112	3.9215
11200.000000	91.036	4.1675
11380.000000	90.922	4.4601
11500.000000	90.872	4.5115
11720.000000	90.814	3.6883
11800.000000	90.789	3.0891
12060.000000	90.697	0.1561
12200.000000	90.662	-2.1332
12410.000000	90.666	-6.8167
12500.000000	90.701	-9.4147
12650.000000	90.808	-14.7553
12800.000000	90.957	-21.6136
13150.000000	91.169	-44.6431
13200.000000	91.141	-48.6957
13400.000000	90.776	-66.1279
13600.000000	89.962	-83.9991
13800.000000	88.805	-100.3831
14000.000000	87.529	-114.1647
14300.000000	85.830	-129.9479
14500.000000	84.948	-138.0737
14750.000000	84.054	-146.5298
15000.000000	83.268	-153.3988
15250.000000	82.554	-158.5223
15500.000000	82.037	-161.8070
15750.000000	81.990	-164.5514
16000.000000	82.435	-170.0848
16250.000000	82.873	-179.7043
16500.000000	82.923	168.7473
16750.000000	82.704	157.3132
17000.000000	82.584	146.0251
17250.000000	82.849	132.5958
17500.000000	83.316	113.6757
17750.000000	83.354	87.8292
18000.000000	82.490	55.7483
18250.000000	80.606	17.4040
18500.000000	77.808	-28.6036
18750.000000	74.179	-80.5165
19000.000000	69.471	-139.3818
19250.000000	63.634	153.5510
19500.000000	56.750	85.6774
19750.000000	48.962	25.8579
20000.000000	41.114	-20.1968
