* Measurement data measured by REW V5.31.3
* Source: USB-C to 3.5mm Headphone Jack Adapter, USB-C to 3.5mm Headphone Jack Adapter, 0, volume: 0.295
* Format: 256k Log Swept Sine, 4 sweeps at -12.0 dBFS with no timing reference
* Dated: May 24, 2025 10:50:20 AM
* REW Settings:
*  C-weighting compensation: Off
*  Target level: 75.0 dB
* Note: ; 
* Measurement: Symphonium Titan Epro R
* Smoothing: 1/24 octave
* Frequency Step: 1/48 octave
* Start Frequency: 20.300 Hz
*
* Freq(Hz)	SPL(dB)	Phase(degrees)
20.299999	106.590	150.1743
20.600000	106.555	149.3907
20.900000	106.512	148.5435
21.200001	106.468	147.6912
21.400000	106.440	147.1201
21.799999	106.387	145.9678
22.000000	106.362	145.3876
22.400000	106.313	144.2304
22.700001	106.276	143.3800
23.000000	106.236	142.5603
23.299999	106.194	141.7813
23.600000	106.150	141.0433
24.000000	106.092	140.0993
24.299999	106.049	139.3904
24.700001	105.990	138.3971
25.000000	105.942	137.6013
25.400000	105.867	136.4906
25.799999	105.781	135.3835
26.200001	105.691	134.3522
26.500000	105.630	133.6516
26.900000	105.563	132.8015
27.200001	105.525	132.1973
27.600000	105.485	131.3878
28.000000	105.446	130.5446
28.500000	105.382	129.4516
29.000000	105.297	128.3634
29.500000	105.196	127.3132
30.000000	105.095	126.2917
30.400000	105.018	125.4770
30.700001	104.964	124.8618
31.100000	104.896	124.0394
31.500000	104.831	123.2279
32.000000	104.750	122.2569
32.500000	104.672	121.3504
33.000000	104.597	120.4860
33.500000	104.524	119.6115
34.000000	104.446	118.6944
34.500000	104.355	117.7558
35.000000	104.255	116.8480
35.500000	104.153	115.9975
36.000000	104.058	115.1832
36.500000	103.967	114.3701
37.000000	103.875	113.5532
37.500000	103.782	112.7554
38.200001	103.655	111.6865
38.700001	103.573	110.9238
39.500000	103.445	109.6550
40.000000	103.356	108.8692
40.599998	103.240	107.9994
41.200001	103.123	107.2093
41.799999	103.016	106.4219
42.500000	102.898	105.4261
43.099998	102.795	104.5634
43.700001	102.689	103.7908
44.400002	102.570	102.9819
45.000000	102.466	102.2321
45.500000	102.371	101.5271
46.200001	102.230	100.5124
46.799999	102.119	99.7195
47.500000	102.003	98.9514
48.200001	101.873	98.4541
48.700001	101.777	98.2726
49.400002	101.662	97.9725
50.000000	101.582	97.3172
50.799999	101.451	95.8825
51.500000	101.310	94.6856
52.200001	101.186	93.8746
53.000000	101.072	93.1627
53.799999	100.946	92.4301
54.500000	100.826	91.7765
55.200001	100.714	91.1085
56.000000	100.592	90.3440
57.000000	100.435	89.4680
58.000000	100.275	88.6107
59.000000	100.115	87.7289
60.000000	99.959	86.8969
60.799999	99.836	86.2485
61.500000	99.726	85.6831
62.200001	99.618	85.1299
63.000000	99.500	84.5013
64.000000	99.355	83.7159
65.000000	99.205	82.9788
66.000000	99.054	82.2892
67.000000	98.909	81.6203
68.000000	98.770	80.9280
69.000000	98.622	80.2806
70.000000	98.471	79.7147
71.000000	98.329	79.1212
72.000000	98.192	78.5164
73.000000	98.060	77.9245
74.000000	97.927	77.2936
75.000000	97.799	76.6365
76.199997	97.649	75.9588
77.500000	97.447	75.3799
78.800003	97.199	74.6560
80.000000	97.041	74.0394
81.199997	96.954	73.4040
82.500000	96.817	72.8154
83.800003	96.672	72.2141
85.000000	96.539	71.6192
86.199997	96.384	71.1108
87.500000	96.213	70.5729
88.500000	96.101	70.2583
90.000000	95.950	69.7799
91.199997	95.808	69.1343
92.500000	95.660	68.6807
93.800003	95.518	68.3143
95.000000	95.382	67.7172
96.199997	95.262	67.2822
97.500000	95.074	66.4236
98.800003	94.844	63.4362
100.000000	94.610	61.2359
101.500000	94.593	63.7125
103.000000	94.626	65.7745
104.400002	94.566	65.9098
106.000000	94.455	65.1604
107.500000	94.309	64.5059
109.000000	94.228	64.3605
110.599998	94.141	64.2881
112.000000	94.024	64.0922
113.800003	93.929	63.4302
115.000000	93.892	62.7708
117.199997	93.719	61.8454
118.000000	93.647	61.5768
120.599998	93.483	60.7986
122.000000	93.407	60.3155
124.099998	93.250	59.3963
125.000000	93.168	59.1479
126.500000	93.036	59.0415
128.000000	92.932	58.8316
131.500000	92.693	58.2058
132.000000	92.666	58.1805
134.000000	92.596	57.8912
136.000000	92.493	57.0275
138.000000	92.351	56.1333
140.000000	92.252	55.5821
143.000000	92.019	55.5442
145.000000	91.955	55.5207
147.500000	91.855	55.1999
150.000000	91.782	54.8586
152.500000	91.647	54.2109
155.000000	91.496	53.6979
157.500000	91.383	53.3974
160.000000	91.251	53.0483
162.500000	91.112	52.7611
165.000000	91.013	52.6849
167.500000	90.957	52.1373
170.000000	90.848	51.3150
172.500000	90.727	50.7638
175.000000	90.665	50.6814
177.500000	90.597	50.2843
180.000000	90.512	49.9341
182.500000	90.430	49.8842
185.000000	90.311	49.6438
187.500000	90.212	49.4331
190.000000	90.148	49.1284
192.500000	90.077	48.7585
195.000000	89.987	48.5759
197.500000	89.923	48.4705
200.000000	89.863	48.1205
203.000000	89.769	47.5778
206.000000	89.703	47.2104
209.000000	89.617	46.9694
212.000000	89.586	46.9413
214.000000	89.559	46.7205
218.000000	89.455	46.4247
220.000000	89.398	46.0802
224.000000	89.277	45.5403
227.000000	89.227	45.1450
230.000000	89.169	44.9469
233.000000	89.108	44.8476
236.000000	89.057	44.6311
240.000000	88.982	44.3054
243.000000	88.957	43.8974
247.000000	88.934	43.8542
250.000000	88.851	43.7259
254.000000	88.739	43.3748
258.000000	88.638	42.7768
262.000000	88.618	42.4935
265.000000	88.624	42.6150
269.000000	88.560	42.6537
272.000000	88.464	42.5032
276.000000	88.335	42.2693
280.000000	88.258	41.8411
285.000000	88.283	40.9944
290.000000	88.247	40.8166
295.000000	88.151	41.0430
300.000000	88.094	40.6712
304.000000	88.049	40.4163
307.000000	88.013	40.4607
311.000000	87.973	40.2687
315.000000	87.928	40.1311
320.000000	87.935	40.3113
325.000000	87.975	40.2312
330.000000	87.956	39.9477
335.000000	87.915	39.5678
340.000000	87.886	39.6512
345.000000	87.862	39.6718
350.000000	87.849	39.6914
355.000000	87.840	39.5483
360.000000	87.832	39.3462
365.000000	87.821	39.1547
370.000000	87.810	38.7904
375.000000	87.800	38.4625
382.000000	87.793	37.9501
387.000000	87.773	37.7322
395.000000	87.704	37.5708
400.000000	87.650	37.4330
406.000000	87.596	37.2414
412.000000	87.568	37.1293
418.000000	87.554	37.0024
425.000000	87.527	37.0114
431.000000	87.507	36.9143
437.000000	87.490	36.7574
444.000000	87.464	36.6729
450.000000	87.438	36.6287
455.000000	87.424	36.5776
462.000000	87.416	36.5615
468.000000	87.402	36.5585
475.000000	87.375	36.5383
482.000000	87.360	36.5070
487.000000	87.352	36.4991
494.000000	87.341	36.4731
500.000000	87.332	36.4573
508.000000	87.315	36.4747
515.000000	87.301	36.5220
522.000000	87.293	36.5564
530.000000	87.283	36.6006
538.000000	87.272	36.6923
545.000000	87.261	36.8010
552.000000	87.254	36.8699
560.000000	87.256	36.8995
570.000000	87.253	37.0052
580.000000	87.251	37.1618
590.000000	87.254	37.3230
600.000000	87.256	37.4819
608.000000	87.259	37.6079
615.000000	87.261	37.7266
622.000000	87.262	37.8769
630.000000	87.265	38.0569
640.000000	87.271	38.2995
650.000000	87.285	38.5732
660.000000	87.298	38.7825
670.000000	87.310	39.0256
680.000000	87.322	39.2526
690.000000	87.335	39.5135
700.000000	87.355	39.8168
710.000000	87.378	40.0732
720.000000	87.400	40.3653
730.000000	87.426	40.7064
740.000000	87.454	41.0077
750.000000	87.487	41.3268
762.000000	87.525	41.7726
775.000000	87.567	42.1821
788.000000	87.623	42.6073
800.000000	87.670	43.0397
812.000000	87.714	43.4582
825.000000	87.766	43.9356
838.000000	87.822	44.3900
850.000000	87.875	44.7990
862.000000	87.935	45.2384
875.000000	88.004	45.7203
885.000000	88.057	46.1014
900.000000	88.142	46.5856
912.000000	88.220	46.9746
925.000000	88.307	47.4393
938.000000	88.391	47.8519
950.000000	88.477	48.1906
962.000000	88.569	48.5505
975.000000	88.671	48.9012
988.000000	88.775	49.2397
1000.000000	88.871	49.5263
1015.000000	88.995	49.8342
1030.000000	89.122	50.1133
1044.000000	89.243	50.3354
1060.000000	89.380	50.5410
1075.000000	89.507	50.6902
1090.000000	89.634	50.7923
1106.000000	89.770	50.8599
1120.000000	89.888	50.8941
1138.000000	90.036	50.8889
1150.000000	90.131	50.8611
1172.000000	90.302	50.7761
1180.000000	90.363	50.7306
1206.000000	90.550	50.5493
1220.000000	90.647	50.4294
1241.000000	90.789	50.2267
1250.000000	90.849	50.1318
1265.000000	90.949	49.9639
1280.000000	91.046	49.7895
1315.000000	91.264	49.4193
1320.000000	91.295	49.3703
1340.000000	91.415	49.1795
1360.000000	91.529	48.9881
1380.000000	91.639	48.8019
1400.000000	91.745	48.6320
1430.000000	91.900	48.3995
1450.000000	92.002	48.2590
1475.000000	92.128	48.0929
1500.000000	92.253	47.9627
1525.000000	92.379	47.8214
1550.000000	92.501	47.6704
1575.000000	92.617	47.5245
1600.000000	92.732	47.3750
1625.000000	92.844	47.2618
1650.000000	92.954	47.1601
1675.000000	93.063	47.0691
1700.000000	93.176	47.0077
1725.000000	93.294	46.9707
1750.000000	93.418	46.9405
1775.000000	93.553	46.8651
1800.000000	93.692	46.7195
1825.000000	93.831	46.4953
1850.000000	93.965	46.2079
1875.000000	94.095	45.8845
1900.000000	94.219	45.5744
1925.000000	94.337	45.2802
1950.000000	94.455	44.9566
1975.000000	94.572	44.6337
2000.000000	94.686	44.2954
2030.000000	94.828	43.8516
2060.000000	94.970	43.3726
2090.000000	95.110	42.8721
2120.000000	95.248	42.3354
2140.000000	95.340	41.9421
2180.000000	95.516	41.1434
2200.000000	95.604	40.7274
2240.000000	95.773	39.8267
2270.000000	95.893	39.1004
2300.000000	96.009	38.3413
2330.000000	96.120	37.5588
2360.000000	96.224	36.7440
2400.000000	96.353	35.6089
2430.000000	96.442	34.7197
2470.000000	96.550	33.4969
2500.000000	96.623	32.5552
2540.000000	96.709	31.2693
2580.000000	96.782	29.9553
2620.000000	96.840	28.6254
2650.000000	96.873	27.6294
2690.000000	96.903	26.3026
2720.000000	96.916	25.3196
2760.000000	96.919	24.0366
2800.000000	96.910	22.7916
2850.000000	96.883	21.3137
2900.000000	96.846	19.9543
2950.000000	96.810	18.6687
3000.000000	96.779	17.3760
3040.000000	96.751	16.2989
3070.000000	96.724	15.4591
3110.000000	96.672	14.3094
3150.000000	96.600	13.1807
3200.000000	96.490	11.8454
3250.000000	96.366	10.6594
3300.000000	96.234	9.6193
3350.000000	96.101	8.7216
3400.000000	95.973	7.9454
3450.000000	95.856	7.2484
3500.000000	95.752	6.5530
3550.000000	95.651	5.7905
3600.000000	95.540	4.9032
3650.000000	95.406	3.9639
3700.000000	95.237	3.0604
3750.000000	95.034	2.2796
3820.000000	94.703	1.5033
3870.000000	94.437	1.2461
3950.000000	93.968	1.4973
4000.000000	93.656	2.1743
4060.000000	93.277	3.6922
4120.000000	92.934	6.1228
4180.000000	92.690	9.4895
4250.000000	92.621	14.3055
4310.000000	92.798	18.6157
4370.000000	93.185	22.4496
4440.000000	93.829	25.7132
4500.000000	94.467	27.2559
4550.000000	95.012	27.6773
4620.000000	95.740	27.1173
4680.000000	96.300	25.7675
4750.000000	96.855	23.4346
4820.000000	97.289	20.5496
4870.000000	97.524	18.2899
4940.000000	97.751	15.0138
5000.000000	97.860	12.2178
5080.000000	97.897	8.6542
5150.000000	97.841	5.7823
5220.000000	97.715	3.2076
5300.000000	97.502	0.6905
5380.000000	97.234	-1.3268
5450.000000	96.967	-2.6601
5520.000000	96.685	-3.5869
5600.000000	96.359	-4.1727
5700.000000	95.966	-4.2861
5800.000000	95.608	-3.8338
5900.000000	95.291	-2.9226
6000.000000	95.028	-1.6428
6080.000000	94.863	-0.4142
6150.000000	94.756	0.7588
6220.000000	94.689	1.9788
6300.000000	94.675	3.3637
6400.000000	94.762	4.9498
6500.000000	94.947	6.2092
6600.000000	95.214	6.9667
6700.000000	95.556	7.0432
6800.000000	95.967	6.1873
6900.000000	96.425	4.0320
7000.000000	96.869	0.1775
7100.000000	97.184	-5.5998
7200.000000	97.220	-13.0214
7300.000000	96.854	-21.0904
7400.000000	96.103	-28.3558
7500.000000	95.145	-34.1331
7620.000000	93.867	-39.8038
7750.000000	92.265	-44.1856
7880.000000	90.546	-45.6307
8000.000000	89.056	-44.2707
8120.000000	87.796	-40.8762
8250.000000	86.806	-36.2658
8380.000000	86.226	-31.7831
8500.000000	85.988	-28.4998
8620.000000	85.915	-26.3625
8750.000000	85.896	-25.2642
8850.000000	85.868	-24.9173
9000.000000	85.804	-24.5801
9120.000000	85.732	-24.2791
9250.000000	85.635	-23.6010
9380.000000	85.562	-22.3030
9500.000000	85.537	-20.6583
9620.000000	85.557	-18.7573
9750.000000	85.619	-16.4533
9880.000000	85.726	-13.9521
10000.000000	85.870	-11.5384
10150.000000	86.110	-8.4896
10300.000000	86.405	-5.5300
10440.000000	86.724	-2.9993
10600.000000	87.129	-0.5732
10750.000000	87.526	1.0792
10900.000000	87.912	1.9677
11060.000000	88.265	1.9492
11200.000000	88.476	1.1312
11380.000000	88.554	-0.6763
11500.000000	88.482	-2.0843
11720.000000	88.114	-4.8396
11800.000000	87.902	-5.8308
12060.000000	86.968	-8.4800
12200.000000	86.360	-9.4111
12410.000000	85.404	-10.3115
12500.000000	85.004	-10.6302
12650.000000	84.378	-11.2838
12800.000000	83.818	-12.3499
13150.000000	82.877	-18.4956
13200.000000	82.802	-20.0228
13400.000000	82.712	-28.4015
13600.000000	83.044	-41.1751
13800.000000	83.806	-58.7434
14000.000000	84.780	-80.1980
14300.000000	85.887	-114.5928
14500.000000	86.102	-135.2328
14750.000000	85.894	-155.7137
15000.000000	85.521	-170.3967
15250.000000	85.243	178.7798
15500.000000	85.104	169.5739
15750.000000	84.993	159.9338
16000.000000	84.678	149.6160
16250.000000	84.187	140.5906
16500.000000	83.976	132.8064
16750.000000	84.140	122.8034
17000.000000	84.324	108.4543
17250.000000	84.128	89.4153
17500.000000	83.154	66.6245
17750.000000	81.063	42.5540
18000.000000	77.661	21.5723
18250.000000	73.096	12.0254
18500.000000	69.524	22.4000
18750.000000	70.372	21.6150
19000.000000	72.161	-3.0574
19250.000000	73.020	-42.3242
19500.000000	72.784	-92.4935
19750.000000	71.567	-153.6302
20000.000000	70.244	143.8875
