* Measurement data measured by REW V5.31.3
* Source: USB-C to 3.5mm Headphone Jack Adapter, USB-C to 3.5mm Headphone Jack Adapter, 0, volume: 0.295
* Format: 256k Log Swept Sine, 4 sweeps at -12.0 dBFS with no timing reference
* Dated: Sep 20, 2025 3:13:19 PM
* REW Settings:
*  C-weighting compensation: Off
*  Target level: 75.0 dB
* Note: ; 
* Measurement: Symphonium Helios Sancai R
* Smoothing: 1/24 octave
* Frequency Step: 1/48 octave
* Start Frequency: 20.300 Hz
*
* Freq(Hz)	SPL(dB)	Phase(degrees)
20.299999	101.365	-172.9232
20.600000	101.364	-173.6777
20.900000	101.360	-174.4826
21.200001	101.354	-175.2773
21.400000	101.350	-175.8002
21.799999	101.344	-176.8308
22.000000	101.341	-177.3377
22.400000	101.334	-178.3309
22.700001	101.327	-179.0551
23.000000	101.318	-179.7620
23.299999	101.307	179.5448
23.600000	101.295	178.8587
24.000000	101.277	177.9428
24.299999	101.262	177.2493
24.700001	101.242	176.3170
25.000000	101.225	175.6195
25.400000	101.200	174.7085
25.799999	101.175	173.8360
26.200001	101.149	173.0097
26.500000	101.130	172.4171
26.900000	101.104	171.6514
27.200001	101.084	171.0868
27.600000	101.055	170.3375
28.000000	101.024	169.5884
28.500000	100.984	168.6570
29.000000	100.943	167.7422
29.500000	100.903	166.8557
30.000000	100.863	166.0019
30.400000	100.831	165.3398
30.700001	100.807	164.8521
31.100000	100.772	164.2089
31.500000	100.736	163.5706
32.000000	100.689	162.7802
32.500000	100.640	162.0041
33.000000	100.593	161.2477
33.500000	100.547	160.5118
34.000000	100.503	159.7940
34.500000	100.459	159.0926
35.000000	100.413	158.4079
35.500000	100.364	157.7415
36.000000	100.313	157.0923
36.500000	100.263	156.4543
37.000000	100.213	155.8197
37.500000	100.165	155.1896
38.200001	100.098	154.3414
38.700001	100.051	153.7712
39.500000	99.978	152.8770
40.000000	99.929	152.3032
40.599998	99.864	151.6160
41.200001	99.800	150.9573
41.799999	99.741	150.3246
42.500000	99.669	149.6278
43.099998	99.601	149.0847
43.700001	99.534	148.5187
44.400002	99.453	147.6752
45.000000	99.366	146.8651
45.500000	99.286	146.3019
46.200001	99.205	145.7998
46.799999	99.176	145.4573
47.500000	99.145	144.9451
48.200001	99.083	144.4172
48.700001	99.033	144.0912
49.400002	98.976	143.6006
50.000000	98.928	143.0717
50.799999	98.841	142.3561
51.500000	98.757	141.8459
52.200001	98.681	141.3705
53.000000	98.602	140.7833
53.799999	98.523	140.2076
54.500000	98.458	139.7394
55.200001	98.393	139.2781
56.000000	98.316	138.7536
57.000000	98.221	138.1085
58.000000	98.129	137.4472
59.000000	98.031	136.8489
60.000000	97.938	136.3287
60.799999	97.862	135.9066
61.500000	97.792	135.5554
62.200001	97.726	135.2209
63.000000	97.657	134.8138
64.000000	97.571	134.2950
65.000000	97.484	133.7997
66.000000	97.394	133.2693
67.000000	97.301	132.7839
68.000000	97.216	132.3488
69.000000	97.131	131.9039
70.000000	97.044	131.4867
71.000000	96.957	131.0920
72.000000	96.871	130.6704
73.000000	96.794	130.1997
74.000000	96.722	129.7372
75.000000	96.637	129.4586
76.199997	96.532	129.2267
77.500000	96.420	128.5379
78.800003	96.314	127.9500
80.000000	96.227	127.6546
81.199997	96.130	127.4063
82.500000	96.036	127.0521
83.800003	95.945	126.7357
85.000000	95.859	126.4443
86.199997	95.771	126.0671
87.500000	95.672	125.6326
88.500000	95.600	125.3654
90.000000	95.498	124.9818
91.199997	95.413	124.6698
92.500000	95.325	124.3754
93.800003	95.241	124.0642
95.000000	95.161	123.7921
96.199997	95.084	123.5360
97.500000	95.002	123.2645
98.800003	94.932	122.9990
100.000000	94.873	122.7209
101.500000	94.780	122.4461
103.000000	94.679	122.2051
104.400002	94.592	121.9490
106.000000	94.491	121.6865
107.500000	94.398	121.4744
109.000000	94.320	121.2235
110.599998	94.239	120.9598
112.000000	94.168	120.7188
113.800003	94.079	120.4441
115.000000	94.010	120.2957
117.199997	93.887	120.0380
118.000000	93.850	119.9854
120.599998	93.729	120.0078
122.000000	93.689	119.7693
124.099998	93.602	119.1734
125.000000	93.557	118.9985
126.500000	93.483	118.8012
128.000000	93.416	118.6741
131.500000	93.277	118.4290
132.000000	93.255	118.3913
134.000000	93.180	118.1936
136.000000	93.116	117.9055
138.000000	93.044	117.5706
140.000000	92.958	117.5049
143.000000	92.851	117.3666
145.000000	92.786	117.2011
147.500000	92.725	116.9982
150.000000	92.682	116.8008
152.500000	92.576	116.6301
155.000000	92.483	116.4600
157.500000	92.407	116.3965
160.000000	92.334	116.3832
162.500000	92.269	116.2277
165.000000	92.214	116.0950
167.500000	92.154	115.9573
170.000000	92.081	115.7971
172.500000	92.015	115.6282
175.000000	91.959	115.5206
177.500000	91.902	115.4414
180.000000	91.847	115.3216
182.500000	91.795	115.1956
185.000000	91.744	115.0609
187.500000	91.691	114.9320
190.000000	91.643	114.8145
192.500000	91.601	114.6779
195.000000	91.557	114.5517
197.500000	91.509	114.4641
200.000000	91.463	114.3812
203.000000	91.435	114.3283
206.000000	91.412	114.2619
209.000000	91.380	114.1755
212.000000	91.343	114.0560
214.000000	91.319	113.9743
218.000000	91.290	113.8848
220.000000	91.280	113.8461
224.000000	91.259	113.7734
227.000000	91.238	113.6372
230.000000	91.222	113.4518
233.000000	91.208	113.2924
236.000000	91.195	113.1508
240.000000	91.179	113.0094
243.000000	91.168	112.8648
247.000000	91.153	112.7946
250.000000	91.140	112.7925
254.000000	91.133	112.5554
258.000000	91.133	112.2153
262.000000	91.133	112.0098
265.000000	91.135	111.9357
269.000000	91.144	111.8090
272.000000	91.148	111.6987
276.000000	91.148	111.5308
280.000000	91.156	111.3121
285.000000	91.177	111.0527
290.000000	91.198	110.8166
295.000000	91.217	110.6000
300.000000	91.237	110.3037
304.000000	91.257	110.0634
307.000000	91.271	109.8841
311.000000	91.289	109.6606
315.000000	91.316	109.4402
320.000000	91.354	109.1788
325.000000	91.392	108.8839
330.000000	91.427	108.5898
335.000000	91.458	108.3118
340.000000	91.494	108.0271
345.000000	91.536	107.7106
350.000000	91.577	107.3969
355.000000	91.619	107.1252
360.000000	91.665	106.8875
365.000000	91.714	106.6411
370.000000	91.764	106.3781
375.000000	91.818	106.1057
382.000000	91.917	105.6315
387.000000	91.995	105.2383
395.000000	92.104	104.5074
400.000000	92.161	104.0206
406.000000	92.228	103.4254
412.000000	92.293	102.8347
418.000000	92.355	102.2723
425.000000	92.426	101.6226
431.000000	92.488	101.0793
437.000000	92.550	100.5645
444.000000	92.621	99.9738
450.000000	92.687	99.4940
455.000000	92.741	99.0182
462.000000	92.814	98.2901
468.000000	92.873	97.6865
475.000000	92.943	96.9757
482.000000	93.016	96.2793
487.000000	93.067	95.7961
494.000000	93.135	95.0970
500.000000	93.190	94.4960
508.000000	93.259	93.7312
515.000000	93.319	93.0489
522.000000	93.382	92.3093
530.000000	93.452	91.4806
538.000000	93.521	90.7128
545.000000	93.572	89.9989
552.000000	93.620	89.2830
560.000000	93.674	88.4973
570.000000	93.738	87.5102
580.000000	93.801	86.5386
590.000000	93.866	85.5623
600.000000	93.923	84.6119
608.000000	93.963	83.8398
615.000000	93.994	83.1740
622.000000	94.023	82.5261
630.000000	94.055	81.7914
640.000000	94.093	80.8945
650.000000	94.126	80.0238
660.000000	94.158	79.1762
670.000000	94.186	78.3575
680.000000	94.210	77.5664
690.000000	94.230	76.8023
700.000000	94.248	76.0671
710.000000	94.264	75.3623
720.000000	94.278	74.6879
730.000000	94.290	74.0455
740.000000	94.300	73.4413
750.000000	94.309	72.8717
762.000000	94.320	72.2108
775.000000	94.332	71.5499
788.000000	94.343	70.9425
800.000000	94.352	70.4268
812.000000	94.358	69.9535
825.000000	94.364	69.4835
838.000000	94.373	69.0568
850.000000	94.382	68.7007
862.000000	94.395	68.3755
875.000000	94.412	68.0540
885.000000	94.428	67.8301
900.000000	94.456	67.5346
912.000000	94.481	67.3211
925.000000	94.513	67.1111
938.000000	94.550	66.9216
950.000000	94.588	66.7607
962.000000	94.632	66.6052
975.000000	94.684	66.4399
988.000000	94.740	66.2759
1000.000000	94.796	66.1194
1015.000000	94.869	65.9095
1030.000000	94.946	65.6835
1044.000000	95.020	65.4572
1060.000000	95.108	65.1852
1075.000000	95.191	64.9115
1090.000000	95.277	64.6160
1106.000000	95.369	64.2809
1120.000000	95.450	63.9742
1138.000000	95.555	63.5536
1150.000000	95.624	63.2578
1172.000000	95.749	62.7018
1180.000000	95.794	62.4925
1206.000000	95.935	61.7864
1220.000000	96.010	61.3942
1241.000000	96.120	60.7998
1250.000000	96.167	60.5454
1265.000000	96.248	60.1218
1280.000000	96.330	59.6972
1315.000000	96.518	58.6971
1320.000000	96.544	58.5548
1340.000000	96.645	57.9906
1360.000000	96.743	57.4302
1380.000000	96.839	56.8774
1400.000000	96.932	56.3383
1430.000000	97.068	55.5543
1450.000000	97.157	55.0490
1475.000000	97.267	54.4305
1500.000000	97.375	53.8282
1525.000000	97.483	53.2454
1550.000000	97.592	52.6804
1575.000000	97.699	52.1214
1600.000000	97.806	51.5705
1625.000000	97.909	51.0256
1650.000000	98.012	50.4821
1675.000000	98.115	49.9412
1700.000000	98.219	49.3982
1725.000000	98.324	48.8482
1750.000000	98.430	48.2905
1775.000000	98.537	47.7268
1800.000000	98.645	47.1532
1825.000000	98.753	46.5641
1850.000000	98.861	45.9574
1875.000000	98.971	45.3296
1900.000000	99.080	44.6817
1925.000000	99.189	44.0140
1950.000000	99.297	43.3233
1975.000000	99.405	42.6051
2000.000000	99.512	41.8586
2030.000000	99.640	40.9226
2060.000000	99.766	39.9470
2090.000000	99.889	38.9358
2120.000000	100.007	37.8788
2140.000000	100.083	37.1496
2180.000000	100.225	35.6351
2200.000000	100.292	34.8510
2240.000000	100.415	33.2357
2270.000000	100.497	31.9819
2300.000000	100.569	30.6956
2330.000000	100.631	29.3846
2360.000000	100.682	28.0538
2400.000000	100.733	26.2595
2430.000000	100.758	24.9069
2470.000000	100.772	23.1055
2500.000000	100.770	21.7626
2540.000000	100.751	19.9973
2580.000000	100.713	18.2806
2620.000000	100.657	16.6240
2650.000000	100.604	15.4291
2690.000000	100.519	13.9114
2720.000000	100.446	12.8333
2760.000000	100.340	11.4823
2800.000000	100.224	10.2343
2850.000000	100.068	8.8298
2900.000000	99.906	7.6008
2950.000000	99.740	6.5425
3000.000000	99.575	5.6489
3040.000000	99.446	5.0461
3070.000000	99.353	4.6538
3110.000000	99.232	4.2031
3150.000000	99.119	3.8260
3200.000000	98.988	3.4432
3250.000000	98.870	3.1399
3300.000000	98.763	2.9006
3350.000000	98.667	2.7131
3400.000000	98.581	2.5752
3450.000000	98.504	2.4882
3500.000000	98.439	2.4530
3550.000000	98.389	2.4624
3600.000000	98.354	2.5019
3650.000000	98.336	2.5508
3700.000000	98.336	2.5896
3750.000000	98.354	2.5950
3820.000000	98.406	2.5023
3870.000000	98.461	2.3397
3950.000000	98.574	1.8574
4000.000000	98.654	1.3912
4060.000000	98.751	0.6346
4120.000000	98.847	-0.3621
4180.000000	98.934	-1.6198
4250.000000	99.009	-3.4290
4310.000000	99.037	-5.2617
4370.000000	99.016	-7.3128
4440.000000	98.910	-9.8804
4500.000000	98.736	-12.0981
4550.000000	98.527	-13.8408
4620.000000	98.139	-15.8964
4680.000000	97.729	-17.0838
4750.000000	97.194	-17.5256
4820.000000	96.659	-16.7308
4870.000000	96.324	-15.3740
4940.000000	95.997	-12.5556
5000.000000	95.905	-9.7087
5080.000000	96.074	-6.3304
5150.000000	96.422	-4.6651
5220.000000	96.825	-4.6388
5300.000000	97.191	-6.4105
5380.000000	97.344	-9.3600
5450.000000	97.280	-12.2123
5520.000000	97.052	-14.8229
5600.000000	96.647	-17.1511
5700.000000	96.017	-18.8595
5800.000000	95.341	-19.2919
5900.000000	94.680	-18.6628
6000.000000	94.065	-17.2209
6080.000000	93.617	-15.6226
6150.000000	93.258	-13.9792
6220.000000	92.933	-12.1615
6300.000000	92.609	-9.9259
6400.000000	92.282	-6.9802
6500.000000	92.023	-3.9576
6600.000000	91.808	-0.9374
6700.000000	91.617	2.0559
6800.000000	91.441	5.2103
6900.000000	91.330	8.6111
7000.000000	91.286	11.6406
7100.000000	91.213	14.3618
7200.000000	91.105	17.5035
7300.000000	91.067	21.4257
7400.000000	91.195	25.6162
7500.000000	91.480	29.3355
7620.000000	91.954	32.8692
7750.000000	92.585	35.5533
7880.000000	93.313	36.9322
8000.000000	94.029	36.7937
8120.000000	94.725	34.9995
8250.000000	95.389	30.9365
8380.000000	95.832	24.7921
8500.000000	95.913	17.9593
8620.000000	95.612	11.2352
8750.000000	94.940	5.8739
8850.000000	94.382	3.6398
9000.000000	93.713	2.4165
9120.000000	93.456	2.7791
9250.000000	93.568	2.8815
9380.000000	93.942	0.8795
9500.000000	94.248	-3.2935
9620.000000	94.306	-8.8442
9750.000000	94.029	-14.8893
9880.000000	93.490	-19.7347
10000.000000	92.895	-22.7812
10150.000000	92.160	-24.9432
10300.000000	91.505	-25.8036
10440.000000	90.985	-25.8669
10600.000000	90.492	-25.4811
10750.000000	90.104	-24.9738
10900.000000	89.758	-24.5238
11060.000000	89.388	-24.1751
11200.000000	89.035	-23.8113
11380.000000	88.578	-23.0298
11500.000000	88.292	-22.5655
11720.000000	87.731	-22.2038
11800.000000	87.498	-22.1569
12060.000000	86.622	-21.9820
12200.000000	86.082	-21.7922
12410.000000	85.204	-21.3185
12500.000000	84.812	-21.0504
12650.000000	84.144	-20.5406
12800.000000	83.460	-19.9913
13150.000000	81.794	-18.8826
13200.000000	81.549	-18.7836
13400.000000	80.547	-18.6688
13600.000000	79.514	-19.1956
13800.000000	78.452	-20.6693
14000.000000	77.366	-23.4485
14300.000000	75.760	-31.0424
14500.000000	74.853	-39.2053
14750.000000	74.275	-53.7824
15000.000000	74.811	-73.0665
15250.000000	76.415	-95.8752
15500.000000	77.945	-120.2246
15750.000000	78.528	-139.1489
16000.000000	79.949	-147.2985
16250.000000	82.892	-157.2993
16500.000000	85.604	-175.2976
16750.000000	87.486	161.9684
17000.000000	88.502	137.4218
17250.000000	88.944	113.2531
17500.000000	89.394	89.0125
17750.000000	89.964	61.4148
18000.000000	90.140	28.7457
18250.000000	89.575	-8.0331
18500.000000	88.327	-47.9955
18750.000000	86.571	-91.6619
19000.000000	84.348	-140.2821
19250.000000	81.575	164.8109
19500.000000	78.166	102.1569
19750.000000	74.186	27.8777
20000.000000	70.728	-70.6515
