* Measurement data measured by REW V5.31.3
* Source: USB-C to 3.5mm Headphone Jack Adapter, USB-C to 3.5mm Headphone Jack Adapter, 0, volume: 0.295
* Format: 256k Log Swept Sine, 4 sweeps at -12.0 dBFS with no timing reference
* Dated: Sep 20, 2025 7:11:08 PM
* REW Settings:
*  C-weighting compensation: Off
*  Target level: 75.0 dB
* Note: ; 
* Measurement: Symphonium Titan ASMR R
* Smoothing: 1/24 octave
* Frequency Step: 1/48 octave
* Start Frequency: 20.300 Hz
*
* Freq(Hz)	SPL(dB)	Phase(degrees)
20.299999	106.606	151.0931
20.600000	106.571	150.2943
20.900000	106.526	149.4260
21.200001	106.479	148.5588
21.400000	106.447	147.9878
21.799999	106.391	146.8704
22.000000	106.366	146.3251
22.400000	106.325	145.2560
22.700001	106.298	144.4652
23.000000	106.271	143.6793
23.299999	106.240	142.9018
23.600000	106.202	142.1440
24.000000	106.141	141.1880
24.299999	106.091	140.5193
24.700001	106.027	139.6720
25.000000	105.983	139.0359
25.400000	105.931	138.1329
25.799999	105.879	137.1413
26.200001	105.818	136.0910
26.500000	105.766	135.3049
26.900000	105.695	134.3019
27.200001	105.645	133.5882
27.600000	105.588	132.6624
28.000000	105.538	131.7396
28.500000	105.470	130.6248
29.000000	105.389	129.6799
29.500000	105.312	128.9594
30.000000	105.257	128.3001
30.400000	105.224	127.6352
30.700001	105.193	127.0051
31.100000	105.129	126.0243
31.500000	105.038	124.9930
32.000000	104.904	123.8138
32.500000	104.785	122.8174
33.000000	104.700	121.9066
33.500000	104.631	120.9814
34.000000	104.558	120.0535
34.500000	104.472	119.1809
35.000000	104.382	118.3639
35.500000	104.295	117.5474
36.000000	104.208	116.7014
36.500000	104.119	115.8535
37.000000	104.031	115.0405
37.500000	103.947	114.2600
38.200001	103.832	113.1702
38.700001	103.747	112.3854
39.500000	103.607	111.1643
40.000000	103.522	110.4308
40.599998	103.422	109.5718
41.200001	103.319	108.7462
41.799999	103.213	107.9657
42.500000	103.091	107.0766
43.099998	102.989	106.2834
43.700001	102.884	105.4543
44.400002	102.760	104.4751
45.000000	102.656	103.6530
45.500000	102.572	102.9979
46.200001	102.458	102.1501
46.799999	102.361	101.4757
47.500000	102.235	100.7167
48.200001	102.092	99.9962
48.700001	101.993	99.4885
49.400002	101.877	98.6808
50.000000	101.792	97.8561
50.799999	101.673	96.7778
51.500000	101.566	96.0518
52.200001	101.464	95.4490
53.000000	101.338	94.7309
53.799999	101.200	93.9945
54.500000	101.086	93.3369
55.200001	100.975	92.6256
56.000000	100.840	91.8064
57.000000	100.676	90.8897
58.000000	100.540	90.0321
59.000000	100.415	89.2096
60.000000	100.272	88.3765
60.799999	100.136	87.6662
61.500000	100.015	87.0495
62.200001	99.905	86.4510
63.000000	99.790	85.7928
64.000000	99.636	85.0554
65.000000	99.464	84.3517
66.000000	99.282	83.6868
67.000000	99.139	83.1651
68.000000	99.048	82.4942
69.000000	98.938	81.6666
70.000000	98.780	80.9307
71.000000	98.613	80.1811
72.000000	98.504	79.3498
73.000000	98.474	78.8741
74.000000	98.509	78.6772
75.000000	98.442	77.6010
76.199997	98.074	76.3089
77.500000	97.808	76.2078
78.800003	97.602	75.8888
80.000000	97.426	75.6851
81.199997	97.303	74.9627
82.500000	97.130	74.4826
83.800003	96.965	73.8464
85.000000	96.814	72.7744
86.199997	96.651	72.0857
87.500000	96.549	71.8058
88.500000	96.490	71.3099
90.000000	96.334	70.6711
91.199997	96.191	70.4831
92.500000	96.029	70.1744
93.800003	95.854	69.5886
95.000000	95.738	68.9747
96.199997	95.667	68.3515
97.500000	95.570	67.5591
98.800003	95.462	66.8644
100.000000	95.400	66.4879
101.500000	95.284	66.6126
103.000000	95.104	66.6982
104.400002	94.894	66.0440
106.000000	94.725	64.9409
107.500000	94.626	64.5429
109.000000	94.515	64.0615
110.599998	94.360	63.3625
112.000000	94.284	63.1579
113.800003	94.206	62.7464
115.000000	94.146	62.5422
117.199997	93.975	62.2476
118.000000	93.890	62.0724
120.599998	93.673	61.4096
122.000000	93.577	61.1860
124.099998	93.447	60.3680
125.000000	93.405	60.0700
126.500000	93.345	59.6987
128.000000	93.249	59.3831
131.500000	92.989	58.7572
132.000000	92.955	58.6444
134.000000	92.826	58.2003
136.000000	92.717	57.9124
138.000000	92.614	57.6407
140.000000	92.500	57.0822
143.000000	92.337	56.4474
145.000000	92.260	56.1935
147.500000	92.205	56.2344
150.000000	92.123	56.8322
152.500000	91.917	55.4483
155.000000	91.809	54.5800
157.500000	91.690	54.1460
160.000000	91.562	53.4688
162.500000	91.492	53.0856
165.000000	91.402	52.8629
167.500000	91.283	52.5207
170.000000	91.175	52.1358
172.500000	91.065	51.7725
175.000000	90.957	51.4976
177.500000	90.868	51.1607
180.000000	90.789	50.7147
182.500000	90.707	50.3573
185.000000	90.619	50.0214
187.500000	90.528	49.6886
190.000000	90.445	49.3994
192.500000	90.369	49.1147
195.000000	90.295	48.8181
197.500000	90.219	48.5524
200.000000	90.146	48.2982
203.000000	90.068	47.9509
206.000000	89.997	47.6094
209.000000	89.930	47.3010
212.000000	89.857	46.9996
214.000000	89.808	46.7755
218.000000	89.714	46.3620
220.000000	89.669	46.1596
224.000000	89.576	45.7121
227.000000	89.512	45.4521
230.000000	89.454	45.2117
233.000000	89.398	44.9493
236.000000	89.343	44.6802
240.000000	89.271	44.3448
243.000000	89.219	44.1165
247.000000	89.149	43.8218
250.000000	89.098	43.5836
254.000000	89.034	43.2792
258.000000	88.971	42.9944
262.000000	88.907	42.7278
265.000000	88.861	42.5143
269.000000	88.801	42.2346
272.000000	88.760	42.0415
276.000000	88.709	41.7918
280.000000	88.656	41.5585
285.000000	88.590	41.2837
290.000000	88.527	41.0160
295.000000	88.469	40.7555
300.000000	88.414	40.5103
304.000000	88.371	40.3269
307.000000	88.339	40.1951
311.000000	88.299	40.0208
315.000000	88.260	39.8549
320.000000	88.213	39.6637
325.000000	88.170	39.5009
330.000000	88.126	39.3293
335.000000	88.083	39.1654
340.000000	88.043	39.0326
345.000000	88.007	38.9148
350.000000	87.974	38.7956
355.000000	87.946	38.7041
360.000000	87.923	38.6202
365.000000	87.906	38.5433
370.000000	87.892	38.4156
375.000000	87.877	38.2238
382.000000	87.860	37.9832
387.000000	87.843	37.8209
395.000000	87.809	37.5568
400.000000	87.785	37.4068
406.000000	87.756	37.2467
412.000000	87.728	37.1094
418.000000	87.701	36.9824
425.000000	87.673	36.8609
431.000000	87.650	36.7719
437.000000	87.627	36.6969
444.000000	87.604	36.6076
450.000000	87.584	36.5182
455.000000	87.566	36.4780
462.000000	87.544	36.4679
468.000000	87.525	36.4597
475.000000	87.503	36.4601
482.000000	87.486	36.4563
487.000000	87.476	36.4557
494.000000	87.463	36.4633
500.000000	87.452	36.4771
508.000000	87.438	36.5249
515.000000	87.428	36.5772
522.000000	87.421	36.6447
530.000000	87.415	36.7081
538.000000	87.410	36.7580
545.000000	87.406	36.8123
552.000000	87.403	36.8755
560.000000	87.401	36.9467
570.000000	87.399	37.0468
580.000000	87.396	37.1593
590.000000	87.394	37.2825
600.000000	87.392	37.4375
608.000000	87.393	37.5735
615.000000	87.393	37.7021
622.000000	87.395	37.8401
630.000000	87.398	38.0029
640.000000	87.404	38.2117
650.000000	87.413	38.4309
660.000000	87.422	38.6651
670.000000	87.433	38.9210
680.000000	87.447	39.1902
690.000000	87.462	39.4658
700.000000	87.479	39.7515
710.000000	87.499	40.0427
720.000000	87.521	40.3414
730.000000	87.546	40.6488
740.000000	87.572	40.9634
750.000000	87.599	41.2865
762.000000	87.636	41.6960
775.000000	87.681	42.1515
788.000000	87.728	42.6041
800.000000	87.774	43.0284
812.000000	87.820	43.4610
825.000000	87.871	43.9252
838.000000	87.927	44.3930
850.000000	87.982	44.8340
862.000000	88.042	45.2726
875.000000	88.112	45.7377
885.000000	88.169	46.0978
900.000000	88.261	46.6313
912.000000	88.338	47.0450
925.000000	88.423	47.4846
938.000000	88.512	47.9159
950.000000	88.599	48.2876
962.000000	88.691	48.6287
975.000000	88.793	48.9706
988.000000	88.900	49.2913
1000.000000	89.001	49.5652
1015.000000	89.126	49.8708
1030.000000	89.253	50.1358
1044.000000	89.375	50.3471
1060.000000	89.515	50.5386
1075.000000	89.647	50.6631
1090.000000	89.778	50.7524
1106.000000	89.916	50.8006
1120.000000	90.033	50.8031
1138.000000	90.180	50.7576
1150.000000	90.277	50.6971
1172.000000	90.448	50.5442
1180.000000	90.508	50.4760
1206.000000	90.695	50.2261
1220.000000	90.790	50.0751
1241.000000	90.928	49.8358
1250.000000	90.987	49.7300
1265.000000	91.085	49.5393
1280.000000	91.181	49.3413
1315.000000	91.395	48.8855
1320.000000	91.424	48.8228
1340.000000	91.537	48.5760
1360.000000	91.646	48.3310
1380.000000	91.750	48.0956
1400.000000	91.850	47.8715
1430.000000	91.996	47.5577
1450.000000	92.090	47.3660
1475.000000	92.204	47.1507
1500.000000	92.318	46.9490
1525.000000	92.431	46.7554
1550.000000	92.541	46.5728
1575.000000	92.650	46.3954
1600.000000	92.757	46.2164
1625.000000	92.859	46.0530
1650.000000	92.960	45.8905
1675.000000	93.060	45.7240
1700.000000	93.158	45.5546
1725.000000	93.256	45.3847
1750.000000	93.354	45.2075
1775.000000	93.452	45.0221
1800.000000	93.550	44.8296
1825.000000	93.647	44.6230
1850.000000	93.743	44.3983
1875.000000	93.837	44.1642
1900.000000	93.931	43.9168
1925.000000	94.022	43.6588
1950.000000	94.110	43.3846
1975.000000	94.195	43.0939
2000.000000	94.278	42.7813
2030.000000	94.374	42.3828
2060.000000	94.463	41.9753
2090.000000	94.543	41.5684
2120.000000	94.611	41.1671
2140.000000	94.651	40.9095
2180.000000	94.712	40.4611
2200.000000	94.733	40.2918
2240.000000	94.754	40.1281
2270.000000	94.756	40.2631
2300.000000	94.762	40.7486
2330.000000	94.806	41.6808
2360.000000	94.948	42.9972
2400.000000	95.363	44.3933
2430.000000	95.763	44.1772
2470.000000	96.128	42.3290
2500.000000	96.223	41.1105
2540.000000	96.344	40.9517
2580.000000	96.706	41.1666
2620.000000	97.200	39.8130
2650.000000	97.498	37.7653
2690.000000	97.726	34.5455
2720.000000	97.791	32.2016
2760.000000	97.788	29.4214
2800.000000	97.726	27.0664
2850.000000	97.608	24.6311
2900.000000	97.460	22.6361
2950.000000	97.285	21.1199
3000.000000	97.118	20.2622
3040.000000	97.038	20.0200
3070.000000	97.032	19.9270
3110.000000	97.095	19.6143
3150.000000	97.202	18.8189
3200.000000	97.319	17.1204
3250.000000	97.361	14.9851
3300.000000	97.323	12.7834
3350.000000	97.225	10.7106
3400.000000	97.090	8.8250
3450.000000	96.932	7.1111
3500.000000	96.757	5.5468
3550.000000	96.567	4.1068
3600.000000	96.362	2.7740
3650.000000	96.141	1.5487
3700.000000	95.901	0.4468
3750.000000	95.640	-0.5069
3820.000000	95.239	-1.5435
3870.000000	94.926	-2.0242
3950.000000	94.378	-2.1832
4000.000000	94.008	-1.7647
4060.000000	93.551	-0.5527
4120.000000	93.119	1.5910
4180.000000	92.771	4.7345
4250.000000	92.565	9.4584
4310.000000	92.624	13.9048
4370.000000	92.910	18.0600
4440.000000	93.472	21.8033
4500.000000	94.068	23.7448
4550.000000	94.592	24.4463
4620.000000	95.303	24.1817
4680.000000	95.856	23.0019
4750.000000	96.405	20.7807
4820.000000	96.834	17.9167
4870.000000	97.063	15.6192
4940.000000	97.276	12.2244
5000.000000	97.361	9.2876
5080.000000	97.351	5.5386
5150.000000	97.241	2.5613
5220.000000	97.059	-0.0436
5300.000000	96.784	-2.5210
5380.000000	96.460	-4.4621
5450.000000	96.150	-5.7317
5520.000000	95.825	-6.6155
5600.000000	95.446	-7.1811
5700.000000	94.977	-7.2797
5800.000000	94.528	-6.7853
5900.000000	94.111	-5.8003
6000.000000	93.728	-4.4178
6080.000000	93.448	-3.0735
6150.000000	93.223	-1.7386
6220.000000	93.020	-0.2631
6300.000000	92.828	1.5849
6400.000000	92.663	4.0875
6500.000000	92.579	6.6966
6600.000000	92.568	9.2850
6700.000000	92.627	11.7328
6800.000000	92.754	13.9187
6900.000000	92.945	15.7231
7000.000000	93.194	17.0005
7100.000000	93.485	17.5654
7200.000000	93.784	17.2327
7300.000000	94.032	15.9641
7400.000000	94.177	14.1005
7500.000000	94.253	12.1312
7620.000000	94.341	9.1909
7750.000000	94.276	4.5188
7880.000000	93.858	-0.3913
8000.000000	93.222	-3.6860
8120.000000	92.503	-5.3547
8250.000000	91.832	-5.7670
8380.000000	91.392	-5.7123
8500.000000	91.180	-6.1240
8620.000000	91.072	-7.4256
8750.000000	90.968	-9.8125
8850.000000	90.847	-12.0881
9000.000000	90.566	-15.6178
9120.000000	90.269	-18.1370
9250.000000	89.906	-20.2642
9380.000000	89.538	-21.5665
9500.000000	89.243	-22.0186
9620.000000	89.014	-21.9891
9750.000000	88.831	-21.5559
9880.000000	88.714	-20.7455
10000.000000	88.670	-19.7429
10150.000000	88.703	-18.2892
10300.000000	88.824	-16.7930
10440.000000	89.006	-15.5314
10600.000000	89.280	-14.4512
10750.000000	89.580	-13.9880
10900.000000	89.891	-14.2468
11060.000000	90.188	-15.4900
11200.000000	90.364	-17.4239
11380.000000	90.399	-20.7767
11500.000000	90.291	-23.2444
11720.000000	89.848	-27.9022
11800.000000	89.609	-29.5785
12060.000000	88.577	-34.4667
12200.000000	87.914	-36.6201
12410.000000	86.872	-39.4145
12500.000000	86.433	-40.5862
12650.000000	85.738	-42.7456
12800.000000	85.100	-45.4676
13150.000000	83.899	-56.4902
13200.000000	83.768	-58.8723
13400.000000	83.362	-71.1096
13600.000000	83.141	-88.1472
13800.000000	83.040	-109.4333
14000.000000	82.938	-132.6030
14300.000000	82.617	-164.0984
14500.000000	82.316	179.7879
14750.000000	81.949	165.3643
15000.000000	81.679	155.8064
15250.000000	81.563	149.2737
15500.000000	81.636	144.1073
15750.000000	81.893	138.7074
16000.000000	82.236	131.8441
16250.000000	82.558	123.9630
16500.000000	83.006	115.6591
16750.000000	83.710	104.9417
17000.000000	84.465	89.6023
17250.000000	84.878	68.5815
17500.000000	84.413	42.5862
17750.000000	82.576	14.9715
18000.000000	79.228	-8.5360
18250.000000	74.835	-21.1497
18500.000000	71.310	-21.7846
18750.000000	70.979	-29.2825
19000.000000	71.865	-53.5140
19250.000000	72.268	-91.1761
19500.000000	71.777	-139.7227
19750.000000	70.400	160.5393
20000.000000	68.981	99.1232
