* Measurement data measured by REW V5.31.3
* Source: USB-C to 3.5mm Headphone Jack Adapter, no input selected, 0, volume: no control
* Format: 256k Log Swept Sine, 4 sweeps at -12.0 dBFS with no timing reference
* Dated: Aug 31, 2025 6:06:11 PM
* REW Settings:
*  C-weighting compensation: Off
*  Target level: 75.0 dB
* Note: ; 
* Measurement: Symphonium Titan RDMZ R
* Smoothing: 1/24 octave
* Frequency Step: 1/48 octave
* Start Frequency: 20.300 Hz
*
* Freq(Hz)	SPL(dB)	Phase(degrees)
20.299999	107.557	151.8837
20.600000	107.526	151.1513
20.900000	107.493	150.3739
21.200001	107.463	149.5853
21.400000	107.444	149.0452
21.799999	107.397	147.9312
22.000000	107.368	147.3681
22.400000	107.301	146.2660
22.700001	107.247	145.4749
23.000000	107.196	144.7020
23.299999	107.152	143.9150
23.600000	107.114	143.0799
24.000000	107.062	141.8724
24.299999	107.012	140.9291
24.700001	106.926	139.7291
25.000000	106.850	138.9486
25.400000	106.749	138.1210
25.799999	106.669	137.4845
26.200001	106.618	136.8932
26.500000	106.594	136.3908
26.900000	106.565	135.5880
27.200001	106.538	134.8983
27.600000	106.487	133.9224
28.000000	106.424	132.9482
28.500000	106.339	131.7820
29.000000	106.253	130.6665
29.500000	106.164	129.5925
30.000000	106.073	128.5801
30.400000	106.001	127.8225
30.700001	105.951	127.2744
31.100000	105.890	126.5420
31.500000	105.835	125.7737
32.000000	105.766	124.7367
32.500000	105.684	123.6484
33.000000	105.585	122.5976
33.500000	105.478	121.6587
34.000000	105.378	120.8258
34.500000	105.290	120.0229
35.000000	105.207	119.1886
35.500000	105.118	118.3400
36.000000	105.025	117.5396
36.500000	104.935	116.8123
37.000000	104.855	116.1190
37.500000	104.777	115.4083
38.200001	104.651	114.3762
38.700001	104.546	113.6478
39.500000	104.368	112.5151
40.000000	104.265	111.8069
40.599998	104.158	110.9399
41.200001	104.063	110.0539
41.799999	103.965	109.1713
42.500000	103.836	108.1767
43.099998	103.724	107.3201
43.700001	103.622	106.4168
44.400002	103.516	105.3711
45.000000	103.434	104.5807
45.500000	103.364	103.9970
46.200001	103.241	103.2233
46.799999	103.116	102.5475
47.500000	102.987	101.6093
48.200001	102.894	100.3621
48.700001	102.828	99.3774
49.400002	102.715	98.1673
50.000000	102.599	97.3656
50.799999	102.413	96.4448
51.500000	102.229	95.8351
52.200001	102.094	95.5566
53.000000	102.038	95.3229
53.799999	101.987	94.8712
54.500000	101.883	94.4258
55.200001	101.750	93.9543
56.000000	101.602	93.1764
57.000000	101.419	91.8496
58.000000	101.235	90.6627
59.000000	101.119	89.5905
60.000000	101.005	88.3287
60.799999	100.859	87.7792
61.500000	100.742	87.7116
62.200001	100.647	87.5548
63.000000	100.524	87.0495
64.000000	100.356	86.3092
65.000000	100.192	85.5569
66.000000	99.994	84.9278
67.000000	99.836	84.3133
68.000000	99.735	83.2719
69.000000	99.634	82.2867
70.000000	99.527	81.7533
71.000000	99.371	81.3600
72.000000	99.171	80.8075
73.000000	99.029	79.7888
74.000000	98.952	78.4092
75.000000	98.821	77.6005
76.199997	98.612	77.7811
77.500000	98.540	77.5920
78.800003	98.589	76.3574
80.000000	98.450	75.4055
81.199997	98.169	75.0805
82.500000	97.909	74.3514
83.800003	97.697	73.4119
85.000000	97.554	73.0767
86.199997	97.475	72.7853
87.500000	97.376	72.3325
88.500000	97.265	72.1549
90.000000	97.030	71.9301
91.199997	96.908	71.2365
92.500000	96.826	70.5492
93.800003	96.710	70.7570
95.000000	96.593	70.9193
96.199997	96.451	70.7238
97.500000	96.273	70.3578
98.800003	96.169	69.5128
100.000000	96.086	68.4161
101.500000	96.019	66.4455
103.000000	96.061	63.7070
104.400002	95.852	64.2494
106.000000	95.483	66.3049
107.500000	95.291	66.3332
109.000000	95.250	65.8259
110.599998	95.114	65.8152
112.000000	94.994	65.7154
113.800003	94.897	64.2431
115.000000	94.875	63.6398
117.199997	94.761	62.1047
118.000000	94.707	61.1021
120.599998	94.579	61.0573
122.000000	94.465	61.3082
124.099998	94.233	60.9411
125.000000	94.144	60.7264
126.500000	94.029	60.3348
128.000000	93.942	59.9893
131.500000	93.734	58.9159
132.000000	93.704	58.7917
134.000000	93.598	58.3468
136.000000	93.507	57.8780
138.000000	93.369	57.4972
140.000000	93.211	57.1590
143.000000	93.049	56.8761
145.000000	92.967	56.3892
147.500000	92.908	54.4074
150.000000	92.933	51.6506
152.500000	92.567	53.0972
155.000000	92.176	54.6174
157.500000	92.215	54.5233
160.000000	92.201	54.1249
162.500000	92.112	53.5690
165.000000	92.013	53.1448
167.500000	91.912	52.7644
170.000000	91.814	52.4403
172.500000	91.709	52.0422
175.000000	91.614	51.6283
177.500000	91.516	51.4057
180.000000	91.426	51.1107
182.500000	91.348	50.7629
185.000000	91.267	50.4000
187.500000	91.193	50.0570
190.000000	91.118	49.7750
192.500000	91.036	49.5099
195.000000	90.952	49.1529
197.500000	90.878	48.7849
200.000000	90.817	48.5126
203.000000	90.748	48.1214
206.000000	90.673	47.6673
209.000000	90.595	47.4005
212.000000	90.520	47.1871
214.000000	90.470	47.0012
218.000000	90.370	46.5843
220.000000	90.322	46.3531
224.000000	90.229	45.9098
227.000000	90.164	45.6924
230.000000	90.105	45.5036
233.000000	90.045	45.2855
236.000000	89.990	45.0653
240.000000	89.923	44.7663
243.000000	89.863	44.4761
247.000000	89.780	44.0364
250.000000	89.729	43.6739
254.000000	89.674	43.4325
258.000000	89.610	43.2025
262.000000	89.548	42.9048
265.000000	89.505	42.6954
269.000000	89.447	42.4454
272.000000	89.407	42.2766
276.000000	89.359	42.0142
280.000000	89.304	41.7323
285.000000	89.234	41.4047
290.000000	89.173	41.1177
295.000000	89.119	40.8611
300.000000	89.066	40.6219
304.000000	89.022	40.3794
307.000000	88.991	40.2166
311.000000	88.950	40.0243
315.000000	88.911	39.8348
320.000000	88.864	39.6103
325.000000	88.819	39.4094
330.000000	88.776	39.2025
335.000000	88.734	38.9990
340.000000	88.694	38.8134
345.000000	88.657	38.6291
350.000000	88.621	38.4577
355.000000	88.585	38.3063
360.000000	88.551	38.1517
365.000000	88.517	38.0111
370.000000	88.486	37.8674
375.000000	88.454	37.7333
382.000000	88.416	37.6009
387.000000	88.389	37.5190
395.000000	88.349	37.3775
400.000000	88.326	37.2907
406.000000	88.301	37.2135
412.000000	88.280	37.1370
418.000000	88.262	37.0517
425.000000	88.239	36.9529
431.000000	88.220	36.8763
437.000000	88.202	36.7962
444.000000	88.180	36.7140
450.000000	88.161	36.6377
455.000000	88.150	36.5767
462.000000	88.135	36.5099
468.000000	88.119	36.4663
475.000000	88.101	36.4167
482.000000	88.085	36.3757
487.000000	88.075	36.3502
494.000000	88.059	36.3240
500.000000	88.046	36.3105
508.000000	88.032	36.3191
515.000000	88.021	36.3409
522.000000	88.011	36.3686
530.000000	87.997	36.3844
538.000000	87.985	36.4261
545.000000	87.977	36.4720
552.000000	87.969	36.5329
560.000000	87.961	36.6238
570.000000	87.954	36.7452
580.000000	87.946	36.8642
590.000000	87.939	37.0054
600.000000	87.934	37.1647
608.000000	87.932	37.2931
615.000000	87.931	37.4087
622.000000	87.931	37.5356
630.000000	87.933	37.6985
640.000000	87.938	37.9103
650.000000	87.941	38.1344
660.000000	87.948	38.3694
670.000000	87.957	38.6082
680.000000	87.967	38.8606
690.000000	87.981	39.1383
700.000000	87.997	39.4249
710.000000	88.012	39.7262
720.000000	88.031	40.0238
730.000000	88.053	40.3271
740.000000	88.077	40.6404
750.000000	88.104	40.9637
762.000000	88.139	41.3623
775.000000	88.180	41.7972
788.000000	88.225	42.2496
800.000000	88.269	42.6783
812.000000	88.317	43.1019
825.000000	88.375	43.5628
838.000000	88.435	44.0256
850.000000	88.495	44.4583
862.000000	88.559	44.8961
875.000000	88.632	45.3671
885.000000	88.690	45.7213
900.000000	88.783	46.2394
912.000000	88.861	46.6522
925.000000	88.952	47.0926
938.000000	89.047	47.5100
950.000000	89.137	47.8712
962.000000	89.231	48.2212
975.000000	89.337	48.5830
988.000000	89.447	48.9192
1000.000000	89.552	49.2020
1015.000000	89.684	49.5166
1030.000000	89.818	49.7988
1044.000000	89.945	50.0274
1060.000000	90.092	50.2339
1075.000000	90.230	50.3814
1090.000000	90.368	50.4872
1106.000000	90.514	50.5528
1120.000000	90.640	50.5702
1138.000000	90.799	50.5497
1150.000000	90.903	50.5112
1172.000000	91.087	50.3948
1180.000000	91.151	50.3396
1206.000000	91.354	50.1127
1220.000000	91.459	49.9670
1241.000000	91.609	49.7334
1250.000000	91.671	49.6266
1265.000000	91.771	49.4395
1280.000000	91.868	49.2489
1315.000000	92.080	48.7967
1320.000000	92.109	48.7316
1340.000000	92.221	48.4772
1360.000000	92.329	48.2320
1380.000000	92.432	47.9988
1400.000000	92.532	47.7729
1430.000000	92.676	47.4508
1450.000000	92.769	47.2493
1475.000000	92.883	47.0243
1500.000000	92.994	46.8161
1525.000000	93.104	46.6169
1550.000000	93.213	46.4278
1575.000000	93.321	46.2559
1600.000000	93.430	46.1009
1625.000000	93.538	45.9522
1650.000000	93.648	45.8149
1675.000000	93.758	45.6909
1700.000000	93.871	45.5743
1725.000000	93.988	45.4517
1750.000000	94.107	45.3144
1775.000000	94.230	45.1496
1800.000000	94.355	44.9538
1825.000000	94.479	44.7252
1850.000000	94.601	44.4661
1875.000000	94.721	44.1858
1900.000000	94.839	43.8916
1925.000000	94.956	43.5863
1950.000000	95.072	43.2655
1975.000000	95.188	42.9283
2000.000000	95.303	42.5759
2030.000000	95.439	42.1278
2060.000000	95.574	41.6497
2090.000000	95.707	41.1409
2120.000000	95.839	40.6021
2140.000000	95.926	40.2234
2180.000000	96.096	39.4212
2200.000000	96.179	38.9978
2240.000000	96.342	38.1007
2270.000000	96.460	37.3828
2300.000000	96.574	36.6253
2330.000000	96.683	35.8249
2360.000000	96.787	34.9811
2400.000000	96.915	33.7974
2430.000000	97.002	32.8724
2470.000000	97.107	31.5969
2500.000000	97.176	30.6161
2540.000000	97.256	29.2807
2580.000000	97.321	27.9153
2620.000000	97.372	26.5288
2650.000000	97.399	25.4837
2690.000000	97.423	24.0906
2720.000000	97.432	23.0490
2760.000000	97.432	21.6697
2800.000000	97.417	20.3092
2850.000000	97.381	18.6478
2900.000000	97.326	17.0377
2950.000000	97.255	15.4906
3000.000000	97.171	14.0156
3040.000000	97.095	12.8913
3070.000000	97.034	12.0789
3110.000000	96.948	11.0348
3150.000000	96.858	10.0311
3200.000000	96.741	8.8372
3250.000000	96.622	7.6997
3300.000000	96.500	6.5855
3350.000000	96.374	5.4808
3400.000000	96.241	4.3752
3450.000000	96.098	3.2705
3500.000000	95.939	2.1845
3550.000000	95.764	1.1407
3600.000000	95.572	0.1608
3650.000000	95.365	-0.7383
3700.000000	95.139	-1.5441
3750.000000	94.894	-2.2400
3820.000000	94.512	-2.9690
3870.000000	94.209	-3.2405
3950.000000	93.674	-3.0383
4000.000000	93.317	-2.3710
4060.000000	92.888	-0.8393
4120.000000	92.497	1.6213
4180.000000	92.207	5.0296
4250.000000	92.084	9.9052
4310.000000	92.214	14.2882
4370.000000	92.556	18.2169
4440.000000	93.151	21.5992
4500.000000	93.746	23.2473
4550.000000	94.255	23.7652
4620.000000	94.934	23.3695
4680.000000	95.455	22.1956
4750.000000	95.969	20.1114
4820.000000	96.373	17.4949
4870.000000	96.593	15.4216
4940.000000	96.806	12.3768
5000.000000	96.906	9.7407
5080.000000	96.930	6.3417
5150.000000	96.860	3.5883
5220.000000	96.720	1.1258
5300.000000	96.491	-1.2635
5380.000000	96.208	-3.1624
5450.000000	95.930	-4.4145
5520.000000	95.636	-5.2949
5600.000000	95.291	-5.8697
5700.000000	94.863	-5.9958
5800.000000	94.451	-5.5419
5900.000000	94.069	-4.5885
6000.000000	93.724	-3.2152
6080.000000	93.479	-1.8690
6150.000000	93.291	-0.5432
6220.000000	93.130	0.8914
6300.000000	92.980	2.6304
6400.000000	92.848	4.8870
6500.000000	92.781	7.1436
6600.000000	92.780	9.3015
6700.000000	92.848	11.2518
6800.000000	92.985	12.8558
6900.000000	93.188	13.9589
7000.000000	93.444	14.3822
7100.000000	93.734	13.9196
7200.000000	94.016	12.3869
7300.000000	94.224	9.7678
7400.000000	94.305	6.4200
7500.000000	94.291	2.7257
7620.000000	94.179	-2.6901
7750.000000	93.717	-9.8581
7880.000000	92.767	-16.2990
8000.000000	91.620	-19.9991
8120.000000	90.451	-21.2105
8250.000000	89.388	-20.3414
8380.000000	88.667	-18.4487
8500.000000	88.298	-16.9637
8620.000000	88.124	-16.4162
8750.000000	88.027	-16.9961
8850.000000	87.950	-18.0545
9000.000000	87.776	-20.0633
9120.000000	87.587	-21.6034
9250.000000	87.350	-22.8821
9380.000000	87.106	-23.5071
9500.000000	86.921	-23.4347
9620.000000	86.798	-22.9683
9750.000000	86.721	-22.1345
9880.000000	86.698	-20.9677
10000.000000	86.728	-19.6596
10150.000000	86.837	-17.8442
10300.000000	87.019	-15.9740
10440.000000	87.245	-14.3129
10600.000000	87.558	-12.7171
10750.000000	87.884	-11.6997
10900.000000	88.215	-11.3025
11060.000000	88.531	-11.6964
11200.000000	88.730	-12.7569
11380.000000	88.814	-14.8241
11500.000000	88.758	-16.3708
11720.000000	88.445	-19.3615
11800.000000	88.260	-20.4585
12060.000000	87.403	-23.4813
12200.000000	86.823	-24.5681
12410.000000	85.883	-25.5081
12500.000000	85.474	-25.7338
12650.000000	84.805	-26.0353
12800.000000	84.172	-26.4520
13150.000000	82.932	-29.5361
13200.000000	82.792	-30.4166
13400.000000	82.365	-35.6593
13600.000000	82.215	-44.6373
13800.000000	82.422	-58.6315
14000.000000	82.968	-78.2319
14300.000000	83.929	-115.2192
14500.000000	84.223	-140.4038
14750.000000	84.016	-167.1047
15000.000000	83.479	173.6403
15250.000000	82.991	160.6525
15500.000000	82.729	151.3520
15750.000000	82.680	143.2051
16000.000000	82.650	134.5992
16250.000000	82.473	126.0380
16500.000000	82.381	118.0975
16750.000000	82.588	108.8375
17000.000000	82.989	96.3496
17250.000000	83.430	79.4918
17500.000000	83.733	57.2057
17750.000000	83.575	28.6511
18000.000000	82.441	-5.7666
18250.000000	79.793	-43.2048
18500.000000	75.359	-77.7338
18750.000000	69.560	-83.9557
19000.000000	66.605	-45.4077
19250.000000	67.551	-76.5166
19500.000000	67.831	-127.8492
19750.000000	66.770	169.3146
20000.000000	65.431	105.5992
