* Measurement data measured by REW V5.31.3
* Source: USB-C to 3.5mm Headphone Jack Adapter, USB-C to 3.5mm Headphone Jack Adapter, 0, volume: 0.295
* Format: 256k Log Swept Sine, 4 sweeps at -12.0 dBFS with no timing reference
* Dated: Oct 7, 2025 7:40:08 PM
* REW Settings:
*  C-weighting compensation: Off
*  Target level: 75.0 dB
* Note: ; 
* Measurement: Symphonium Helios Unfilter L
* Smoothing: 1/24 octave
* Frequency Step: 1/48 octave
* Start Frequency: 20.300 Hz
*
* Freq(Hz)	SPL(dB)	Phase(degrees)
20.299999	101.878	-171.3126
20.600000	101.882	-172.0524
20.900000	101.884	-172.8446
21.200001	101.883	-173.6379
21.400000	101.883	-174.1693
21.799999	101.881	-175.2398
22.000000	101.879	-175.7758
22.400000	101.872	-176.8336
22.700001	101.865	-177.6023
23.000000	101.856	-178.3444
23.299999	101.847	-179.0631
23.600000	101.839	-179.7670
24.000000	101.827	179.3013
24.299999	101.817	178.6018
24.700001	101.799	177.6738
25.000000	101.783	176.9905
25.400000	101.760	176.1073
25.799999	101.738	175.2531
26.200001	101.719	174.4113
26.500000	101.705	173.7779
26.900000	101.683	172.9289
27.200001	101.663	172.2967
27.600000	101.632	171.4772
28.000000	101.598	170.6974
28.500000	101.559	169.7738
29.000000	101.523	168.8781
29.500000	101.489	167.9875
30.000000	101.452	167.1034
30.400000	101.420	166.4070
30.700001	101.394	165.8914
31.100000	101.359	165.2110
31.500000	101.323	164.5390
32.000000	101.276	163.7193
32.500000	101.229	162.9339
33.000000	101.185	162.1808
33.500000	101.143	161.4433
34.000000	101.102	160.7092
34.500000	101.057	159.9830
35.000000	101.010	159.2764
35.500000	100.962	158.5929
36.000000	100.913	157.9265
36.500000	100.863	157.2714
37.000000	100.813	156.6266
37.500000	100.764	155.9911
38.200001	100.697	155.1123
38.700001	100.651	154.4976
39.500000	100.574	153.5618
40.000000	100.524	153.0026
40.599998	100.461	152.3337
41.200001	100.396	151.6623
41.799999	100.335	151.0086
42.500000	100.276	150.2776
43.099998	100.230	149.6691
43.700001	100.170	149.1048
44.400002	100.078	148.5616
45.000000	99.996	148.1620
45.500000	99.936	147.7927
46.200001	99.870	147.1118
46.799999	99.819	146.3944
47.500000	99.753	145.5667
48.200001	99.681	144.9272
48.700001	99.636	144.5883
49.400002	99.587	144.1244
50.000000	99.544	143.6187
50.799999	99.460	142.8715
51.500000	99.370	142.3212
52.200001	99.290	141.8495
53.000000	99.211	141.2694
53.799999	99.131	140.6714
54.500000	99.061	140.1919
55.200001	98.994	139.7341
56.000000	98.915	139.2090
57.000000	98.819	138.5561
58.000000	98.729	137.9235
59.000000	98.638	137.3240
60.000000	98.542	136.7654
60.799999	98.464	136.3303
61.500000	98.399	135.9408
62.200001	98.336	135.5460
63.000000	98.267	135.0825
64.000000	98.177	134.4743
65.000000	98.079	133.9467
66.000000	97.991	133.5507
67.000000	97.912	133.1526
68.000000	97.827	132.7173
69.000000	97.737	132.2608
70.000000	97.648	131.8053
71.000000	97.559	131.3822
72.000000	97.469	130.9639
73.000000	97.381	130.5551
74.000000	97.304	130.1966
75.000000	97.231	129.8730
76.199997	97.130	129.4370
77.500000	97.027	128.9229
78.800003	96.913	128.6492
80.000000	96.768	128.6601
81.199997	96.672	128.2880
82.500000	96.618	127.3385
83.800003	96.540	126.8217
85.000000	96.459	126.6245
86.199997	96.384	126.3425
87.500000	96.296	125.9421
88.500000	96.220	125.6429
90.000000	96.110	125.2376
91.199997	96.020	124.9689
92.500000	95.929	124.6548
93.800003	95.847	124.3274
95.000000	95.771	124.0641
96.199997	95.693	123.7415
97.500000	95.592	123.3459
98.800003	95.476	122.9487
100.000000	95.381	122.7436
101.500000	95.324	122.6932
103.000000	95.264	122.4834
104.400002	95.183	122.0993
106.000000	95.088	121.4845
107.500000	95.009	120.9587
109.000000	94.935	120.8740
110.599998	94.851	120.7600
112.000000	94.768	120.4939
113.800003	94.676	120.3709
115.000000	94.619	120.3630
117.199997	94.515	120.5483
118.000000	94.477	120.5734
120.599998	94.335	120.0793
122.000000	94.253	119.7659
124.099998	94.149	119.4820
125.000000	94.112	119.4451
126.500000	94.054	119.3529
128.000000	93.989	119.1754
131.500000	93.858	118.7706
132.000000	93.849	118.6929
134.000000	93.797	118.4208
136.000000	93.724	118.1859
138.000000	93.645	118.0179
140.000000	93.574	117.8916
143.000000	93.473	117.6337
145.000000	93.397	117.4777
147.500000	93.298	117.3181
150.000000	93.199	117.2247
152.500000	93.155	117.0891
155.000000	93.100	116.8262
157.500000	93.033	116.6340
160.000000	92.964	116.5145
162.500000	92.888	116.4340
165.000000	92.823	116.2156
167.500000	92.763	116.0400
170.000000	92.701	115.8825
172.500000	92.649	115.7444
175.000000	92.591	115.5978
177.500000	92.529	115.4702
180.000000	92.466	115.3805
182.500000	92.412	115.2978
185.000000	92.362	115.2012
187.500000	92.317	115.1125
190.000000	92.275	115.0243
192.500000	92.231	114.9490
195.000000	92.187	114.8492
197.500000	92.143	114.7520
200.000000	92.105	114.6798
203.000000	92.077	114.5402
206.000000	92.049	114.3765
209.000000	92.020	114.2505
212.000000	91.995	114.1136
214.000000	91.979	114.0285
218.000000	91.943	113.8735
220.000000	91.925	113.7927
224.000000	91.897	113.6290
227.000000	91.878	113.5149
230.000000	91.859	113.3993
233.000000	91.842	113.2889
236.000000	91.830	113.1575
240.000000	91.819	112.9559
243.000000	91.816	112.8228
247.000000	91.815	112.5881
250.000000	91.807	112.4579
254.000000	91.800	112.3298
258.000000	91.801	112.1501
262.000000	91.801	111.9620
265.000000	91.800	111.8368
269.000000	91.803	111.6725
272.000000	91.806	111.5266
276.000000	91.815	111.2961
280.000000	91.826	111.0740
285.000000	91.841	110.8044
290.000000	91.859	110.5147
295.000000	91.883	110.2516
300.000000	91.908	109.9831
304.000000	91.932	109.7408
307.000000	91.951	109.5396
311.000000	91.975	109.2861
315.000000	91.994	109.0535
320.000000	92.022	108.7859
325.000000	92.052	108.4521
330.000000	92.089	108.0895
335.000000	92.135	107.7303
340.000000	92.177	107.4038
345.000000	92.215	107.0966
350.000000	92.254	106.7614
355.000000	92.298	106.3737
360.000000	92.344	105.9724
365.000000	92.392	105.5912
370.000000	92.437	105.2181
375.000000	92.485	104.8143
382.000000	92.556	104.1927
387.000000	92.601	103.7683
395.000000	92.677	103.1095
400.000000	92.723	102.6800
406.000000	92.783	102.1385
412.000000	92.843	101.5948
418.000000	92.902	101.0699
425.000000	92.969	100.4479
431.000000	93.028	99.8963
437.000000	93.087	99.3431
444.000000	93.154	98.6981
450.000000	93.209	98.1438
455.000000	93.255	97.6693
462.000000	93.322	96.9764
468.000000	93.379	96.4053
475.000000	93.444	95.7356
482.000000	93.509	95.0558
487.000000	93.560	94.5952
494.000000	93.625	93.9162
500.000000	93.673	93.2806
508.000000	93.736	92.4200
515.000000	93.794	91.6433
522.000000	93.849	90.9242
530.000000	93.904	90.1224
538.000000	93.954	89.2891
545.000000	93.997	88.5796
552.000000	94.037	87.8796
560.000000	94.079	87.0781
570.000000	94.132	86.1116
580.000000	94.181	85.1682
590.000000	94.224	84.2232
600.000000	94.264	83.2849
608.000000	94.294	82.5436
615.000000	94.317	81.9115
622.000000	94.337	81.2952
630.000000	94.357	80.6052
640.000000	94.380	79.7672
650.000000	94.398	78.9660
660.000000	94.415	78.1968
670.000000	94.430	77.4529
680.000000	94.442	76.7426
690.000000	94.453	76.0656
700.000000	94.463	75.4171
710.000000	94.471	74.7937
720.000000	94.478	74.2008
730.000000	94.482	73.6401
740.000000	94.485	73.1156
750.000000	94.488	72.6253
762.000000	94.491	72.0796
775.000000	94.496	71.5429
788.000000	94.501	71.0568
800.000000	94.505	70.6524
812.000000	94.508	70.2928
825.000000	94.513	69.9456
838.000000	94.521	69.6364
850.000000	94.531	69.3883
862.000000	94.544	69.1702
875.000000	94.563	68.9650
885.000000	94.580	68.8279
900.000000	94.612	68.6501
912.000000	94.642	68.5291
925.000000	94.680	68.4139
938.000000	94.723	68.3127
950.000000	94.768	68.2253
962.000000	94.816	68.1387
975.000000	94.873	68.0448
988.000000	94.935	67.9474
1000.000000	94.995	67.8514
1015.000000	95.075	67.7227
1030.000000	95.158	67.5783
1044.000000	95.240	67.4235
1060.000000	95.336	67.2177
1075.000000	95.429	67.0021
1090.000000	95.523	66.7632
1106.000000	95.624	66.4777
1120.000000	95.713	66.2041
1138.000000	95.827	65.8251
1150.000000	95.902	65.5555
1172.000000	96.037	65.0292
1180.000000	96.085	64.8306
1206.000000	96.240	64.1600
1220.000000	96.322	63.7829
1241.000000	96.441	63.1976
1250.000000	96.492	62.9398
1265.000000	96.578	62.5020
1280.000000	96.664	62.0634
1315.000000	96.854	61.0581
1320.000000	96.880	60.9182
1340.000000	96.982	60.3665
1360.000000	97.081	59.8262
1380.000000	97.179	59.2990
1400.000000	97.275	58.7887
1430.000000	97.415	58.0488
1450.000000	97.507	57.5683
1475.000000	97.620	56.9817
1500.000000	97.733	56.4126
1525.000000	97.845	55.8563
1550.000000	97.957	55.3134
1575.000000	98.069	54.7873
1600.000000	98.180	54.2688
1625.000000	98.288	53.7540
1650.000000	98.395	53.2419
1675.000000	98.503	52.7251
1700.000000	98.612	52.2070
1725.000000	98.722	51.6859
1750.000000	98.833	51.1577
1775.000000	98.945	50.6184
1800.000000	99.058	50.0657
1825.000000	99.172	49.4981
1850.000000	99.286	48.9135
1875.000000	99.401	48.3098
1900.000000	99.516	47.6847
1925.000000	99.630	47.0371
1950.000000	99.745	46.3659
1975.000000	99.859	45.6674
2000.000000	99.972	44.9412
2030.000000	100.109	44.0336
2060.000000	100.243	43.0825
2090.000000	100.374	42.0883
2120.000000	100.501	41.0497
2140.000000	100.583	40.3313
2180.000000	100.739	38.8303
2200.000000	100.812	38.0486
2240.000000	100.948	36.4266
2270.000000	101.039	35.1648
2300.000000	101.120	33.8703
2330.000000	101.189	32.5493
2360.000000	101.247	31.2100
2400.000000	101.307	29.4085
2430.000000	101.338	28.0506
2470.000000	101.362	26.2386
2500.000000	101.368	24.8881
2540.000000	101.358	23.1104
2580.000000	101.330	21.3741
2620.000000	101.282	19.6961
2650.000000	101.234	18.4850
2690.000000	101.156	16.9452
2720.000000	101.089	15.8531
2760.000000	100.988	14.4856
2800.000000	100.877	13.2247
2850.000000	100.728	11.8104
2900.000000	100.572	10.5718
2950.000000	100.413	9.5109
3000.000000	100.255	8.6165
3040.000000	100.132	8.0106
3070.000000	100.043	7.6161
3110.000000	99.929	7.1598
3150.000000	99.822	6.7714
3200.000000	99.697	6.3650
3250.000000	99.582	6.0327
3300.000000	99.476	5.7661
3350.000000	99.377	5.5657
3400.000000	99.287	5.4360
3450.000000	99.207	5.3816
3500.000000	99.140	5.3964
3550.000000	99.089	5.4622
3600.000000	99.056	5.5563
3650.000000	99.040	5.6560
3700.000000	99.042	5.7392
3750.000000	99.060	5.7862
3820.000000	99.111	5.7612
3870.000000	99.163	5.6558
3950.000000	99.268	5.2917
4000.000000	99.341	4.9221
4060.000000	99.429	4.3146
4120.000000	99.515	3.5129
4180.000000	99.592	2.5073
4250.000000	99.661	1.0826
4310.000000	99.691	-0.3280
4370.000000	99.684	-1.8650
4440.000000	99.619	-3.7185
4500.000000	99.511	-5.2402
4550.000000	99.386	-6.3671
4620.000000	99.171	-7.5782
4680.000000	98.973	-8.1707
4750.000000	98.771	-8.3077
4820.000000	98.653	-8.0115
4870.000000	98.643	-7.7601
4940.000000	98.730	-7.7780
5000.000000	98.862	-8.4772
5080.000000	99.018	-10.6215
5150.000000	99.042	-13.4244
5220.000000	98.905	-16.6127
5300.000000	98.551	-20.0955
5380.000000	98.030	-22.8995
5450.000000	97.491	-24.6060
5520.000000	96.915	-25.5996
5600.000000	96.251	-25.9373
5700.000000	95.453	-25.3607
5800.000000	94.716	-23.9292
5900.000000	94.050	-21.8604
6000.000000	93.457	-19.3322
6080.000000	93.034	-17.0719
6150.000000	92.699	-14.9729
6220.000000	92.398	-12.7963
6300.000000	92.100	-10.2510
6400.000000	91.798	-7.0364
6500.000000	91.553	-3.8423
6600.000000	91.338	-0.6995
6700.000000	91.137	2.4257
6800.000000	90.940	5.6394
6900.000000	90.752	9.1122
7000.000000	90.600	13.0209
7100.000000	90.536	17.3469
7200.000000	90.597	21.7954
7300.000000	90.775	25.9413
7400.000000	91.029	29.7086
7500.000000	91.366	33.2338
7620.000000	91.893	36.8831
7750.000000	92.596	39.9032
7880.000000	93.417	41.7651
8000.000000	94.247	42.1992
8120.000000	95.099	41.0777
8250.000000	96.006	37.7375
8380.000000	96.787	31.9996
8500.000000	97.255	24.8633
8620.000000	97.376	16.7903
8750.000000	97.095	8.3110
8850.000000	96.651	2.7654
9000.000000	95.820	-3.2845
9120.000000	95.191	-6.3933
9250.000000	94.644	-8.9716
9380.000000	94.212	-11.4199
9500.000000	93.860	-13.9435
9620.000000	93.476	-16.7330
9750.000000	92.968	-19.6834
9880.000000	92.368	-22.0592
10000.000000	91.777	-23.4620
10150.000000	91.070	-24.1963
10300.000000	90.447	-24.1591
10440.000000	89.947	-23.7863
10600.000000	89.454	-23.2885
10750.000000	89.029	-22.9999
10900.000000	88.571	-22.9283
11060.000000	87.993	-22.3984
11200.000000	87.521	-21.0463
11380.000000	87.087	-19.5027
11500.000000	86.816	-19.0839
11720.000000	86.210	-18.8743
11800.000000	85.953	-18.8214
12060.000000	85.022	-18.4547
12200.000000	84.478	-18.0936
12410.000000	83.639	-17.3528
12500.000000	83.281	-16.9833
12650.000000	82.699	-16.3324
12800.000000	82.138	-15.7003
13150.000000	80.926	-14.7863
13200.000000	80.767	-14.7767
13400.000000	80.176	-15.1868
13600.000000	79.669	-16.5069
13800.000000	79.283	-18.9927
14000.000000	79.065	-22.8999
14300.000000	79.212	-32.2076
14500.000000	79.758	-41.5518
14750.000000	80.910	-58.4712
15000.000000	81.774	-81.9109
15250.000000	81.305	-104.6193
15500.000000	80.898	-116.8720
15750.000000	82.418	-127.2148
16000.000000	84.601	-145.0411
16250.000000	86.162	-169.5369
16500.000000	86.502	163.6290
16750.000000	85.730	139.5496
17000.000000	84.587	120.8924
17250.000000	84.016	105.7425
17500.000000	84.310	88.3693
17750.000000	84.676	64.7014
18000.000000	84.213	35.4018
18250.000000	82.549	3.0047
18500.000000	79.686	-31.1177
18750.000000	75.700	-67.0238
19000.000000	70.601	-105.0997
19250.000000	64.370	-145.1084
19500.000000	57.056	174.3613
19750.000000	48.827	135.1309
20000.000000	40.483	95.2964
