* Measurement data measured by REW V5.31.3
* Source: USB-C to 3.5mm Headphone Jack Adapter, USB-C to 3.5mm Headphone Jack Adapter, 0, volume: 0.295
* Format: 256k Log Swept Sine, 4 sweeps at -12.0 dBFS with no timing reference
* Dated: Nov 7, 2024 8:47:23 PM
* REW Settings:
*  C-weighting compensation: Off
*  Target level: 75.0 dB
* Note: ; 
* Measurement: R Tangzu Waner Sancai
* Smoothing: 1/24 octave
* Frequency Step: 1/48 octave
* Start Frequency: 20.300 Hz
*
* Freq(Hz)	SPL(dB)	Phase(degrees)
20.299999	94.755	-148.0883
20.600000	94.756	-148.5801
20.900000	94.757	-149.0981
21.200001	94.764	-149.5877
21.400000	94.775	-149.8890
21.799999	94.822	-150.4243
22.000000	94.857	-150.6649
22.400000	94.952	-151.1351
22.700001	95.033	-151.5244
23.000000	95.112	-151.9812
23.299999	95.177	-152.5175
23.600000	95.218	-153.1210
24.000000	95.231	-153.9680
24.299999	95.214	-154.5756
24.700001	95.176	-155.2744
25.000000	95.152	-155.6973
25.400000	95.149	-156.1651
25.799999	95.187	-156.6218
26.200001	95.253	-157.1668
26.500000	95.303	-157.6487
26.900000	95.348	-158.3365
27.200001	95.359	-158.8267
27.600000	95.349	-159.3789
28.000000	95.329	-159.8173
28.500000	95.319	-160.3379
29.000000	95.332	-160.9829
29.500000	95.352	-161.7085
30.000000	95.374	-162.2986
30.400000	95.405	-162.5908
30.700001	95.440	-162.7403
31.100000	95.498	-162.9485
31.500000	95.551	-163.2615
32.000000	95.585	-163.8217
32.500000	95.576	-164.4560
33.000000	95.547	-165.0473
33.500000	95.525	-165.5758
34.000000	95.520	-166.0603
34.500000	95.527	-166.4966
35.000000	95.545	-166.8937
35.500000	95.565	-167.3088
36.000000	95.574	-167.7771
36.500000	95.561	-168.2417
37.000000	95.538	-168.6153
37.500000	95.527	-168.9027
38.200001	95.544	-169.3589
38.700001	95.558	-169.7919
39.500000	95.558	-170.4881
40.000000	95.554	-170.8467
40.599998	95.552	-171.2316
41.200001	95.548	-171.5804
41.799999	95.547	-171.8797
42.500000	95.557	-172.2724
43.099998	95.567	-172.7628
43.700001	95.559	-173.3513
44.400002	95.536	-173.9742
45.000000	95.523	-174.3817
45.500000	95.523	-174.6680
46.200001	95.528	-175.0656
46.799999	95.525	-175.4151
47.500000	95.508	-175.7970
48.200001	95.492	-176.1560
48.700001	95.484	-176.4255
49.400002	95.473	-176.8193
50.000000	95.462	-177.1398
50.799999	95.442	-177.5350
51.500000	95.419	-177.8681
52.200001	95.396	-178.1846
53.000000	95.385	-178.5693
53.799999	95.383	-179.0050
54.500000	95.376	-179.3453
55.200001	95.360	-179.6226
56.000000	95.328	-179.9823
57.000000	95.270	179.3904
58.000000	95.253	178.7721
59.000000	95.316	178.3454
60.000000	95.359	177.9716
60.799999	95.309	177.7524
61.500000	95.244	177.5917
62.200001	95.204	177.3033
63.000000	95.190	176.8541
64.000000	95.181	176.5449
65.000000	95.141	176.4774
66.000000	95.065	176.2720
67.000000	95.020	175.8466
68.000000	95.019	175.3397
69.000000	95.014	175.0023
70.000000	95.000	174.7880
71.000000	94.984	174.5337
72.000000	94.961	174.2705
73.000000	94.926	174.0346
74.000000	94.895	173.7457
75.000000	94.872	173.3818
76.199997	94.838	173.0232
77.500000	94.788	172.7181
78.800003	94.751	172.3436
80.000000	94.712	172.0736
81.199997	94.670	171.9705
82.500000	94.638	171.6779
83.800003	94.585	171.2870
85.000000	94.529	171.1074
86.199997	94.494	170.8680
87.500000	94.454	170.5453
88.500000	94.423	170.2992
90.000000	94.382	169.9008
91.199997	94.358	169.7058
92.500000	94.328	169.5575
93.800003	94.282	169.4098
95.000000	94.228	169.2724
96.199997	94.165	169.0655
97.500000	94.111	168.8325
98.800003	94.080	168.6207
100.000000	94.050	168.4433
101.500000	94.007	168.3010
103.000000	93.954	168.1558
104.400002	93.900	167.9939
106.000000	93.852	167.8817
107.500000	93.799	167.7942
109.000000	93.777	167.5456
110.599998	93.779	167.6143
112.000000	93.721	167.7615
113.800003	93.658	167.2540
115.000000	93.634	167.0913
117.199997	93.503	167.0213
118.000000	93.482	166.8934
120.599998	93.407	166.6021
122.000000	93.396	166.3892
124.099998	93.367	166.8948
125.000000	93.341	166.9610
126.500000	93.376	166.9948
128.000000	93.422	167.7850
131.500000	93.226	168.2555
132.000000	93.187	168.2660
134.000000	92.996	167.7359
136.000000	92.918	166.5931
138.000000	92.915	166.1311
140.000000	93.006	166.3309
143.000000	93.045	167.4190
145.000000	92.942	167.9203
147.500000	92.795	167.2527
150.000000	92.807	167.3276
152.500000	92.745	167.6136
155.000000	92.719	167.3023
157.500000	92.700	167.1129
160.000000	92.629	167.1904
162.500000	92.609	166.6192
165.000000	92.581	167.6182
167.500000	92.544	167.6578
170.000000	92.506	167.7188
172.500000	92.436	167.8508
175.000000	92.409	167.6770
177.500000	92.405	167.5599
180.000000	92.353	167.6261
182.500000	92.331	167.6232
185.000000	92.226	167.5425
187.500000	92.191	167.9544
190.000000	92.166	167.3712
192.500000	92.057	167.4246
195.000000	92.046	167.9865
197.500000	92.068	167.5469
200.000000	91.959	166.9965
203.000000	91.833	167.8017
206.000000	91.875	168.3508
209.000000	91.865	167.8557
212.000000	91.722	167.5428
214.000000	91.630	167.7455
218.000000	91.567	168.5637
220.000000	91.571	168.9009
224.000000	91.590	169.1494
227.000000	91.577	169.0611
230.000000	91.528	168.9724
233.000000	91.463	168.9807
236.000000	91.401	169.1282
240.000000	91.333	169.4856
243.000000	91.288	169.7898
247.000000	91.238	170.1045
250.000000	91.204	170.1493
254.000000	91.164	170.1337
258.000000	91.132	170.2878
262.000000	91.090	170.6146
265.000000	91.046	170.8987
269.000000	90.992	171.1816
272.000000	90.969	171.3280
276.000000	90.936	171.5567
280.000000	90.892	171.8045
285.000000	90.840	172.1939
290.000000	90.799	172.4823
295.000000	90.749	172.8722
300.000000	90.693	173.3759
304.000000	90.660	173.5758
307.000000	90.639	173.6966
311.000000	90.612	173.9037
315.000000	90.577	174.1775
320.000000	90.537	174.4628
325.000000	90.498	174.7398
330.000000	90.454	175.0822
335.000000	90.414	175.4081
340.000000	90.378	175.7277
345.000000	90.348	176.0793
350.000000	90.315	176.3872
355.000000	90.282	176.7045
360.000000	90.249	177.0760
365.000000	90.220	177.4609
370.000000	90.190	177.7907
375.000000	90.154	178.0735
382.000000	90.108	178.5203
387.000000	90.078	178.8788
395.000000	90.034	179.4043
400.000000	90.007	179.7305
406.000000	89.976	-179.8716
412.000000	89.943	-179.4289
418.000000	89.911	-178.8736
425.000000	89.879	-178.4274
431.000000	89.855	-178.1268
437.000000	89.828	-177.7464
444.000000	89.797	-177.3056
450.000000	89.769	-176.9096
455.000000	89.746	-176.5672
462.000000	89.717	-176.0787
468.000000	89.691	-175.6685
475.000000	89.660	-175.2115
482.000000	89.630	-174.7537
487.000000	89.610	-174.3942
494.000000	89.581	-173.9181
500.000000	89.555	-173.5156
508.000000	89.523	-172.9560
515.000000	89.495	-172.4611
522.000000	89.466	-171.9862
530.000000	89.433	-171.4111
538.000000	89.403	-170.8020
545.000000	89.370	-170.3360
552.000000	89.333	-169.8857
560.000000	89.290	-169.3290
570.000000	89.233	-168.6020
580.000000	89.169	-167.8536
590.000000	89.098	-167.0438
600.000000	89.017	-166.1643
608.000000	88.939	-165.4119
615.000000	88.864	-164.6819
622.000000	88.782	-163.8468
630.000000	88.678	-162.7235
640.000000	88.539	-160.9491
650.000000	88.413	-158.5553
660.000000	88.364	-155.3491
670.000000	88.495	-151.5641
680.000000	88.879	-148.0562
690.000000	89.437	-146.0507
700.000000	89.979	-145.9312
710.000000	90.368	-146.9837
720.000000	90.589	-148.3013
730.000000	90.688	-149.4016
740.000000	90.720	-150.1389
750.000000	90.720	-150.5361
762.000000	90.704	-150.6621
775.000000	90.684	-150.4980
788.000000	90.673	-150.1466
800.000000	90.672	-149.7025
812.000000	90.674	-149.1665
825.000000	90.682	-148.5164
838.000000	90.699	-147.8130
850.000000	90.721	-147.1304
862.000000	90.750	-146.4280
875.000000	90.789	-145.6474
885.000000	90.824	-145.0507
900.000000	90.886	-144.1619
912.000000	90.940	-143.4266
925.000000	91.005	-142.6407
938.000000	91.077	-141.8727
950.000000	91.147	-141.1744
962.000000	91.222	-140.4972
975.000000	91.310	-139.7949
988.000000	91.402	-139.1199
1000.000000	91.491	-138.5203
1015.000000	91.607	-137.8120
1030.000000	91.724	-137.1356
1044.000000	91.836	-136.5414
1060.000000	91.967	-135.9243
1075.000000	92.091	-135.4016
1090.000000	92.215	-134.9142
1106.000000	92.348	-134.4440
1120.000000	92.462	-134.0789
1138.000000	92.609	-133.6576
1150.000000	92.706	-133.4162
1172.000000	92.879	-133.0418
1180.000000	92.939	-132.9212
1206.000000	93.127	-132.5872
1220.000000	93.220	-132.4441
1241.000000	93.352	-132.2425
1250.000000	93.407	-132.1546
1265.000000	93.497	-132.0001
1280.000000	93.585	-131.8293
1315.000000	93.784	-131.2957
1320.000000	93.813	-131.2018
1340.000000	93.930	-130.7934
1360.000000	94.057	-130.3598
1380.000000	94.194	-129.9382
1400.000000	94.340	-129.5578
1430.000000	94.566	-129.0813
1450.000000	94.717	-128.8294
1475.000000	94.904	-128.5838
1500.000000	95.087	-128.3927
1525.000000	95.267	-128.2346
1550.000000	95.443	-128.1048
1575.000000	95.616	-128.0074
1600.000000	95.785	-127.9370
1625.000000	95.949	-127.8859
1650.000000	96.109	-127.8529
1675.000000	96.269	-127.8408
1700.000000	96.427	-127.8548
1725.000000	96.585	-127.8942
1750.000000	96.742	-127.9595
1775.000000	96.899	-128.0574
1800.000000	97.056	-128.1805
1825.000000	97.211	-128.3302
1850.000000	97.364	-128.5089
1875.000000	97.517	-128.7202
1900.000000	97.669	-128.9660
1925.000000	97.819	-129.2438
1950.000000	97.967	-129.5535
1975.000000	98.113	-129.8995
2000.000000	98.259	-130.2805
2030.000000	98.431	-130.7826
2060.000000	98.598	-131.3280
2090.000000	98.760	-131.9131
2120.000000	98.915	-132.5285
2140.000000	99.015	-132.9526
2180.000000	99.210	-133.8313
2200.000000	99.306	-134.2855
2240.000000	99.497	-135.2347
2270.000000	99.639	-136.0125
2300.000000	99.778	-136.8719
2330.000000	99.909	-137.8190
2360.000000	100.026	-138.8427
2400.000000	100.157	-140.2748
2430.000000	100.238	-141.3622
2470.000000	100.324	-142.7967
2500.000000	100.377	-143.8512
2540.000000	100.434	-145.2288
2580.000000	100.477	-146.5764
2620.000000	100.506	-147.8859
2650.000000	100.520	-148.8439
2690.000000	100.530	-150.0978
2720.000000	100.531	-151.0255
2760.000000	100.521	-152.2455
2800.000000	100.496	-153.4327
2850.000000	100.445	-154.8446
2900.000000	100.374	-156.1448
2950.000000	100.290	-157.3150
3000.000000	100.197	-158.3605
3040.000000	100.117	-159.1109
3070.000000	100.056	-159.6255
3110.000000	99.975	-160.2513
3150.000000	99.893	-160.8094
3200.000000	99.792	-161.4209
3250.000000	99.695	-161.9509
3300.000000	99.601	-162.4057
3350.000000	99.513	-162.7922
3400.000000	99.432	-163.1311
3450.000000	99.357	-163.4408
3500.000000	99.288	-163.7383
3550.000000	99.223	-164.0322
3600.000000	99.162	-164.3298
3650.000000	99.103	-164.6451
3700.000000	99.042	-164.9870
3750.000000	98.971	-165.3487
3820.000000	98.848	-165.6571
3870.000000	98.785	-165.6739
3950.000000	98.719	-166.0102
4000.000000	98.648	-166.2768
4060.000000	98.558	-166.2724
4120.000000	98.534	-166.1261
4180.000000	98.554	-166.4442
4250.000000	98.538	-167.2478
4310.000000	98.487	-168.0031
4370.000000	98.417	-168.7480
4440.000000	98.317	-169.6063
4500.000000	98.218	-170.3369
4550.000000	98.127	-170.9419
4620.000000	97.984	-171.7741
4680.000000	97.847	-172.4575
4750.000000	97.672	-173.2058
4820.000000	97.482	-173.8860
4870.000000	97.338	-174.3242
4940.000000	97.128	-174.8645
5000.000000	96.939	-175.2538
5080.000000	96.679	-175.6606
5150.000000	96.444	-175.9057
5220.000000	96.203	-176.0415
5300.000000	95.922	-176.0474
5380.000000	95.638	-175.8748
5450.000000	95.393	-175.5674
5520.000000	95.156	-175.1147
5600.000000	94.899	-174.4359
5700.000000	94.609	-173.4053
5800.000000	94.357	-172.2544
5900.000000	94.140	-171.0632
6000.000000	93.951	-169.8807
6080.000000	93.816	-168.9436
6150.000000	93.707	-168.1192
6220.000000	93.608	-167.2745
6300.000000	93.516	-166.2632
6400.000000	93.449	-164.9095
6500.000000	93.433	-163.4537
6600.000000	93.470	-161.9480
6700.000000	93.567	-160.4906
6800.000000	93.725	-159.1916
6900.000000	93.942	-158.1541
7000.000000	94.211	-157.4527
7100.000000	94.527	-157.1381
7200.000000	94.889	-157.2793
7300.000000	95.295	-157.9904
7400.000000	95.737	-159.4195
7500.000000	96.197	-161.7327
7620.000000	96.722	-165.9128
7750.000000	97.152	-172.2917
7880.000000	97.299	179.6981
8000.000000	97.066	171.5815
8120.000000	96.433	163.7727
8250.000000	95.385	156.6661
8380.000000	94.116	151.5497
8500.000000	92.876	148.6439
8620.000000	91.654	147.2351
8750.000000	90.405	147.0186
8850.000000	89.515	147.5517
9000.000000	88.304	149.1671
9120.000000	87.438	150.9581
9250.000000	86.596	153.2397
9380.000000	85.849	155.7747
9500.000000	85.240	158.2612
9620.000000	84.704	160.8231
9750.000000	84.199	163.6237
9880.000000	83.765	166.3993
10000.000000	83.426	168.9167
10150.000000	83.079	172.0014
10300.000000	82.814	174.9853
10440.000000	82.643	177.6693
10600.000000	82.549	-179.4260
10750.000000	82.550	-177.0421
10900.000000	82.624	-174.9927
11060.000000	82.790	-173.1821
11200.000000	83.015	-172.0204
11380.000000	83.408	-171.2465
11500.000000	83.731	-171.2729
11720.000000	84.438	-172.6907
11800.000000	84.728	-173.7163
12060.000000	85.745	-179.3483
12200.000000	86.292	175.8987
12410.000000	86.983	166.2814
12500.000000	87.190	161.3118
12650.000000	87.359	152.1952
12800.000000	87.264	142.5451
13150.000000	86.072	121.5438
13200.000000	85.827	118.9554
13400.000000	84.777	109.8147
13600.000000	83.736	102.3760
13800.000000	82.811	96.0947
14000.000000	82.052	90.4093
14300.000000	81.273	81.9919
14500.000000	81.003	75.8376
14750.000000	80.935	66.8786
15000.000000	81.137	55.8959
15250.000000	81.565	42.2126
15500.000000	82.137	25.1890
15750.000000	82.700	4.2957
16000.000000	83.054	-20.4926
16250.000000	82.972	-48.2294
16500.000000	82.239	-77.0378
16750.000000	80.881	-104.8004
17000.000000	79.182	-130.3300
17250.000000	77.492	-153.9357
17500.000000	76.061	-177.0040
17750.000000	74.965	158.5981
18000.000000	74.022	131.2366
18250.000000	72.863	101.0314
18500.000000	71.582	69.2529
18750.000000	70.887	33.5628
19000.000000	70.657	-9.7297
19250.000000	70.315	-62.3363
19500.000000	69.522	-125.0444
19750.000000	68.157	159.4177
20000.000000	66.835	79.0083
