* Measurement data measured by REW V5.31.3
* Source: USB-C to 3.5mm Headphone Jack Adapter, USB-C to 3.5mm Headphone Jack Adapter, 0, volume: 0.295
* Format: 256k Log Swept Sine, 4 sweeps at -12.0 dBFS with no timing reference
* Dated: Feb 22, 2026 12:04:04 AM
* REW Settings:
*  C-weighting compensation: Off
*  Target level: 75.0 dB
* Note: ; 
* Measurement: Truthear Hola Jiju L
* Smoothing: 1/24 octave
* Frequency Step: 1/48 octave
* Start Frequency: 20.300 Hz
*
* Freq(Hz)	SPL(dB)	Phase(degrees)
20.299999	99.892	-167.5443
20.600000	99.893	-168.0315
20.900000	99.890	-168.5480
21.200001	99.887	-169.0558
21.400000	99.885	-169.3890
21.799999	99.884	-170.0431
22.000000	99.885	-170.3643
22.400000	99.890	-170.9969
22.700001	99.894	-171.4674
23.000000	99.898	-171.9389
23.299999	99.900	-172.4124
23.600000	99.898	-172.8841
24.000000	99.890	-173.4963
24.299999	99.881	-173.9332
24.700001	99.869	-174.4834
25.000000	99.861	-174.8801
25.400000	99.852	-175.4074
25.799999	99.843	-175.9451
26.200001	99.831	-176.4843
26.500000	99.820	-176.8762
26.900000	99.808	-177.3719
27.200001	99.803	-177.7304
27.600000	99.803	-178.2184
28.000000	99.807	-178.7451
28.500000	99.804	-179.4490
29.000000	99.783	179.8823
29.500000	99.749	179.3404
30.000000	99.716	178.9183
30.400000	99.697	178.6036
30.700001	99.685	178.3489
31.100000	99.669	177.9727
31.500000	99.650	177.5701
32.000000	99.624	177.0710
32.500000	99.600	176.5994
33.000000	99.581	176.1456
33.500000	99.562	175.6978
34.000000	99.541	175.2570
34.500000	99.519	174.8211
35.000000	99.495	174.3816
35.500000	99.467	173.9438
36.000000	99.438	173.5308
36.500000	99.409	173.1520
37.000000	99.386	172.7827
37.500000	99.366	172.3886
38.200001	99.333	171.8039
38.700001	99.304	171.4132
39.500000	99.260	170.8796
40.000000	99.236	170.5796
40.599998	99.206	170.2315
41.200001	99.172	169.8918
41.799999	99.137	169.5485
42.500000	99.094	169.1302
43.099998	99.056	168.7612
43.700001	99.020	168.3885
44.400002	98.979	167.9641
45.000000	98.947	167.6262
45.500000	98.923	167.3547
46.200001	98.887	166.9647
46.799999	98.845	166.6453
47.500000	98.791	166.3293
48.200001	98.751	165.9776
48.700001	98.727	165.6396
49.400002	98.684	165.1340
50.000000	98.640	164.8318
50.799999	98.596	164.6457
51.500000	98.565	164.4968
52.200001	98.520	164.2796
53.000000	98.467	163.9921
53.799999	98.433	163.6313
54.500000	98.405	163.2801
55.200001	98.363	162.9891
56.000000	98.298	162.6949
57.000000	98.189	162.2656
58.000000	98.099	161.9703
59.000000	98.087	161.7501
60.000000	98.080	161.4142
60.799999	98.041	161.1480
61.500000	97.992	160.9223
62.200001	97.937	160.7167
63.000000	97.879	160.5517
64.000000	97.824	160.3814
65.000000	97.774	160.1518
66.000000	97.723	159.8987
67.000000	97.669	159.6632
68.000000	97.611	159.4517
69.000000	97.551	159.2247
70.000000	97.495	158.9819
71.000000	97.441	158.7729
72.000000	97.387	158.5866
73.000000	97.327	158.3702
74.000000	97.263	158.1613
75.000000	97.207	158.0040
76.199997	97.146	157.8578
77.500000	97.076	157.7137
78.800003	97.003	157.5452
80.000000	96.948	157.4160
81.199997	96.891	157.3110
82.500000	96.819	157.1924
83.800003	96.757	157.0466
85.000000	96.689	156.9816
86.199997	96.598	156.9160
87.500000	96.511	156.6766
88.500000	96.472	156.4458
90.000000	96.424	156.2884
91.199997	96.376	156.2752
92.500000	96.319	156.2012
93.800003	96.261	156.1064
95.000000	96.215	156.0514
96.199997	96.165	156.0261
97.500000	96.100	156.0354
98.800003	96.029	156.0062
100.000000	95.971	155.9249
101.500000	95.899	155.8575
103.000000	95.825	155.8904
104.400002	95.751	155.9183
106.000000	95.674	156.0327
107.500000	95.634	155.9139
109.000000	95.606	155.8014
110.599998	95.548	155.9078
112.000000	95.476	155.8784
113.800003	95.407	155.5562
115.000000	95.388	155.4998
117.199997	95.311	155.7891
118.000000	95.277	156.0507
120.599998	95.192	156.6534
122.000000	95.141	156.5977
124.099998	95.086	156.4680
125.000000	95.060	156.4368
126.500000	95.014	156.3750
128.000000	94.965	156.3388
131.500000	94.860	156.4186
132.000000	94.845	156.4321
134.000000	94.784	156.5103
136.000000	94.720	156.5788
138.000000	94.654	156.6368
140.000000	94.590	156.6799
143.000000	94.514	156.8861
145.000000	94.453	157.0241
147.500000	94.392	157.1422
150.000000	94.326	157.2175
152.500000	94.265	157.4300
155.000000	94.205	157.6078
157.500000	94.146	157.7635
160.000000	94.086	157.9456
162.500000	94.025	158.1249
165.000000	93.958	158.3026
167.500000	93.892	158.4709
170.000000	93.830	158.6268
172.500000	93.758	158.8167
175.000000	93.691	159.0283
177.500000	93.644	159.2418
180.000000	93.594	159.4526
182.500000	93.539	159.6806
185.000000	93.483	159.9200
187.500000	93.433	160.1531
190.000000	93.387	160.4087
192.500000	93.345	160.6511
195.000000	93.304	160.8639
197.500000	93.263	161.0587
200.000000	93.221	161.2474
203.000000	93.171	161.4476
206.000000	93.124	161.6788
209.000000	93.078	161.9317
212.000000	93.033	162.1755
214.000000	93.005	162.3313
218.000000	92.948	162.6310
220.000000	92.919	162.7893
224.000000	92.864	163.1268
227.000000	92.824	163.3670
230.000000	92.786	163.6096
233.000000	92.749	163.8488
236.000000	92.712	164.0994
240.000000	92.664	164.4431
243.000000	92.629	164.6953
247.000000	92.580	165.0554
250.000000	92.545	165.3350
254.000000	92.501	165.6232
258.000000	92.456	165.9294
262.000000	92.416	166.2738
265.000000	92.388	166.5156
269.000000	92.347	166.8389
272.000000	92.315	167.0957
276.000000	92.276	167.4423
280.000000	92.240	167.7779
285.000000	92.198	168.1913
290.000000	92.157	168.6047
295.000000	92.117	169.0150
300.000000	92.075	169.4120
304.000000	92.045	169.7075
307.000000	92.022	169.9396
311.000000	91.992	170.2622
315.000000	91.964	170.6053
320.000000	91.929	171.0424
325.000000	91.895	171.4448
330.000000	91.863	171.8585
335.000000	91.836	172.3069
340.000000	91.816	172.7539
345.000000	91.804	173.1750
350.000000	91.793	173.5740
355.000000	91.770	173.8842
360.000000	91.747	174.1833
365.000000	91.724	174.5113
370.000000	91.699	174.8634
375.000000	91.678	175.2398
382.000000	91.654	175.7513
387.000000	91.638	176.0902
395.000000	91.610	176.6259
400.000000	91.592	176.9606
406.000000	91.570	177.3468
412.000000	91.549	177.7475
418.000000	91.530	178.1586
425.000000	91.509	178.6393
431.000000	91.491	179.0472
437.000000	91.474	179.4582
444.000000	91.458	179.9416
450.000000	91.444	-179.6467
455.000000	91.431	-179.3221
462.000000	91.413	-178.8640
468.000000	91.400	-178.4656
475.000000	91.385	-178.0001
482.000000	91.372	-177.5374
487.000000	91.363	-177.2095
494.000000	91.352	-176.7525
500.000000	91.343	-176.3607
508.000000	91.333	-175.8366
515.000000	91.324	-175.3826
522.000000	91.316	-174.9337
530.000000	91.308	-174.4135
538.000000	91.301	-173.8898
545.000000	91.295	-173.4213
552.000000	91.290	-172.9679
560.000000	91.286	-172.4846
570.000000	91.281	-171.8634
580.000000	91.278	-171.2309
590.000000	91.277	-170.5954
600.000000	91.277	-169.9586
608.000000	91.277	-169.4528
615.000000	91.277	-169.0118
622.000000	91.279	-168.5727
630.000000	91.282	-168.0693
640.000000	91.288	-167.4127
650.000000	91.295	-166.7416
660.000000	91.302	-166.1465
670.000000	91.311	-165.5373
680.000000	91.321	-164.9098
690.000000	91.334	-164.2784
700.000000	91.349	-163.6483
710.000000	91.365	-163.0124
720.000000	91.382	-162.3759
730.000000	91.402	-161.7480
740.000000	91.422	-161.1361
750.000000	91.445	-160.5290
762.000000	91.475	-159.7474
775.000000	91.511	-158.9091
788.000000	91.549	-158.0880
800.000000	91.586	-157.3379
812.000000	91.623	-156.5909
825.000000	91.664	-155.7891
838.000000	91.710	-154.9931
850.000000	91.756	-154.2632
862.000000	91.804	-153.5625
875.000000	91.859	-152.8102
885.000000	91.904	-152.2376
900.000000	91.976	-151.3962
912.000000	92.036	-150.7420
925.000000	92.104	-150.0541
938.000000	92.174	-149.3786
950.000000	92.241	-148.7705
962.000000	92.312	-148.1864
975.000000	92.390	-147.5684
988.000000	92.471	-146.9642
1000.000000	92.548	-146.4261
1015.000000	92.646	-145.7818
1030.000000	92.747	-145.1714
1044.000000	92.843	-144.6335
1060.000000	92.956	-144.0629
1075.000000	93.064	-143.5731
1090.000000	93.173	-143.1277
1106.000000	93.289	-142.6989
1120.000000	93.390	-142.3608
1138.000000	93.518	-141.9757
1150.000000	93.601	-141.7481
1172.000000	93.750	-141.3843
1180.000000	93.803	-141.2670
1206.000000	93.969	-140.9328
1220.000000	94.055	-140.7831
1241.000000	94.181	-140.5838
1250.000000	94.235	-140.5069
1265.000000	94.325	-140.3915
1280.000000	94.415	-140.2840
1315.000000	94.615	-140.0492
1320.000000	94.643	-140.0168
1340.000000	94.753	-139.8907
1360.000000	94.859	-139.7684
1380.000000	94.963	-139.6532
1400.000000	95.065	-139.5464
1430.000000	95.214	-139.3952
1450.000000	95.312	-139.3022
1475.000000	95.431	-139.2015
1500.000000	95.548	-139.1096
1525.000000	95.663	-139.0271
1550.000000	95.775	-138.9527
1575.000000	95.885	-138.9000
1600.000000	95.991	-138.8573
1625.000000	96.091	-138.8248
1650.000000	96.188	-138.8048
1675.000000	96.282	-138.7959
1700.000000	96.374	-138.7974
1725.000000	96.464	-138.8120
1750.000000	96.552	-138.8375
1775.000000	96.637	-138.8707
1800.000000	96.721	-138.9128
1825.000000	96.803	-138.9651
1850.000000	96.883	-139.0285
1875.000000	96.961	-139.1008
1900.000000	97.036	-139.1803
1925.000000	97.110	-139.2682
1950.000000	97.181	-139.3633
1975.000000	97.251	-139.4639
2000.000000	97.320	-139.5726
2030.000000	97.402	-139.7136
2060.000000	97.481	-139.8642
2090.000000	97.557	-140.0237
2120.000000	97.630	-140.1873
2140.000000	97.676	-140.2990
2180.000000	97.764	-140.5281
2200.000000	97.806	-140.6436
2240.000000	97.885	-140.8744
2270.000000	97.940	-141.0460
2300.000000	97.992	-141.2129
2330.000000	98.040	-141.3753
2360.000000	98.086	-141.5271
2400.000000	98.142	-141.7110
2430.000000	98.182	-141.8390
2470.000000	98.232	-141.9942
2500.000000	98.266	-142.0951
2540.000000	98.311	-142.1986
2580.000000	98.355	-142.2576
2620.000000	98.400	-142.2745
2650.000000	98.437	-142.2705
2690.000000	98.487	-142.2600
2720.000000	98.525	-142.2496
2760.000000	98.575	-142.2231
2800.000000	98.626	-142.1644
2850.000000	98.693	-142.0386
2900.000000	98.771	-141.8751
2950.000000	98.862	-141.6998
3000.000000	98.968	-141.5412
3040.000000	99.065	-141.4665
3070.000000	99.142	-141.4607
3110.000000	99.247	-141.5311
3150.000000	99.349	-141.6837
3200.000000	99.467	-141.9476
3250.000000	99.576	-142.2386
3300.000000	99.679	-142.5226
3350.000000	99.782	-142.7975
3400.000000	99.889	-143.0843
3450.000000	100.000	-143.4110
3500.000000	100.114	-143.7970
3550.000000	100.227	-144.2460
3600.000000	100.339	-144.7575
3650.000000	100.450	-145.3309
3700.000000	100.558	-145.9682
3750.000000	100.662	-146.6726
3820.000000	100.800	-147.7713
3870.000000	100.891	-148.6340
3950.000000	101.021	-150.1423
4000.000000	101.089	-151.1640
4060.000000	101.157	-152.4758
4120.000000	101.208	-153.8859
4180.000000	101.240	-155.3954
4250.000000	101.248	-157.2680
4310.000000	101.227	-158.9447
4370.000000	101.176	-160.6546
4440.000000	101.077	-162.6450
4500.000000	100.959	-164.3030
4550.000000	100.838	-165.6248
4620.000000	100.640	-167.3497
4680.000000	100.445	-168.6905
4750.000000	100.195	-170.0744
4820.000000	99.925	-171.2484
4870.000000	99.724	-171.9534
4940.000000	99.434	-172.7510
5000.000000	99.182	-173.2586
5080.000000	98.848	-173.6874
5150.000000	98.562	-173.8448
5220.000000	98.286	-173.8182
5300.000000	97.986	-173.5807
5380.000000	97.706	-173.1461
5450.000000	97.481	-172.6280
5520.000000	97.278	-172.0059
5600.000000	97.072	-171.1959
5700.000000	96.856	-170.0722
5800.000000	96.690	-168.8721
5900.000000	96.575	-167.6524
6000.000000	96.513	-166.4659
6080.000000	96.502	-165.5839
6150.000000	96.523	-164.8935
6220.000000	96.574	-164.3050
6300.000000	96.674	-163.7899
6400.000000	96.870	-163.4507
6500.000000	97.124	-163.5505
6600.000000	97.415	-164.1987
6700.000000	97.724	-165.4856
6800.000000	98.031	-167.4700
6900.000000	98.313	-170.1796
7000.000000	98.551	-173.6241
7100.000000	98.727	-177.8324
7200.000000	98.810	177.1199
7300.000000	98.745	171.2133
7400.000000	98.456	164.6767
7500.000000	97.883	158.0805
7620.000000	96.813	151.2343
7750.000000	95.319	146.4231
7880.000000	93.721	144.7560
8000.000000	92.314	145.4955
8120.000000	91.017	147.6794
8250.000000	89.757	151.0299
8380.000000	88.647	155.0127
8500.000000	87.734	159.0994
8620.000000	86.911	163.5440
8750.000000	86.106	168.8111
8850.000000	85.547	173.2596
9000.000000	84.822	-179.1992
9120.000000	84.381	-172.2056
9250.000000	84.136	-163.5037
9380.000000	84.276	-153.9134
9500.000000	84.861	-145.2915
9620.000000	85.868	-138.4890
9750.000000	87.223	-134.6470
9880.000000	88.541	-134.6731
10000.000000	89.521	-137.1463
10150.000000	90.357	-141.5616
10300.000000	90.876	-145.7697
10440.000000	91.249	-148.8891
10600.000000	91.724	-151.7093
10750.000000	92.323	-154.2769
10900.000000	93.118	-157.5987
11060.000000	94.165	-163.0244
11200.000000	95.154	-170.2630
11380.000000	96.226	176.2639
11500.000000	96.589	165.0208
11720.000000	96.162	143.0081
11800.000000	95.669	135.6678
12060.000000	93.369	117.4368
12200.000000	92.033	111.2056
12410.000000	90.258	105.1656
12500.000000	89.622	103.3608
12650.000000	88.747	100.9421
12800.000000	88.096	98.9080
13150.000000	87.398	93.9515
13200.000000	87.393	93.0714
13400.000000	87.629	88.6626
13600.000000	88.301	81.9392
13800.000000	89.371	71.2540
14000.000000	90.559	54.7613
14300.000000	91.218	18.8140
14500.000000	90.128	-7.7610
14750.000000	87.265	-35.9218
15000.000000	83.833	-56.2344
15250.000000	80.676	-71.2958
15500.000000	78.006	-84.1219
15750.000000	75.744	-96.4843
16000.000000	73.808	-109.2521
16250.000000	72.169	-122.8817
16500.000000	70.698	-137.7269
16750.000000	69.244	-153.9347
17000.000000	67.694	-171.3749
17250.000000	65.966	170.3012
17500.000000	64.013	151.8388
17750.000000	61.861	134.9143
18000.000000	60.088	120.5082
18250.000000	60.076	102.7724
18500.000000	61.127	72.2664
18750.000000	61.296	29.3409
19000.000000	59.959	-20.8698
19250.000000	57.222	-75.4066
19500.000000	53.365	-133.0088
19750.000000	48.759	164.6853
20000.000000	44.694	99.0941
