* Measurement data measured by REW V5.31.3
* Source: USB-C to 3.5mm Headphone Jack Adapter, USB-C to 3.5mm Headphone Jack Adapter, 0, volume: 0.295
* Format: 256k Log Swept Sine, 4 sweeps at -12.0 dBFS with no timing reference
* Dated: Nov 24, 2024 10:36:27 PM
* REW Settings:
*  C-weighting compensation: Off
*  Target level: 75.0 dB
* Note: ; 
* Measurement: Truthear Hola L
* Smoothing: 1/24 octave
* Frequency Step: 1/48 octave
* Start Frequency: 20.300 Hz
*
* Freq(Hz)	SPL(dB)	Phase(degrees)
20.299999	99.629	-165.2785
20.600000	99.645	-165.5526
20.900000	99.654	-165.8686
21.200001	99.652	-166.2180
21.400000	99.645	-166.4668
21.799999	99.621	-166.9877
22.000000	99.610	-167.2553
22.400000	99.596	-167.8125
22.700001	99.598	-168.2688
23.000000	99.611	-168.7731
23.299999	99.631	-169.3232
23.600000	99.650	-169.8972
24.000000	99.668	-170.6394
24.299999	99.675	-171.1384
24.700001	99.678	-171.7043
25.000000	99.678	-172.0687
25.400000	99.677	-172.5203
25.799999	99.674	-172.9767
26.200001	99.667	-173.4536
26.500000	99.661	-173.8180
26.900000	99.654	-174.3024
27.200001	99.651	-174.6641
27.600000	99.650	-175.1498
28.000000	99.648	-175.6395
28.500000	99.638	-176.2292
29.000000	99.619	-176.7498
29.500000	99.601	-177.1997
30.000000	99.593	-177.6458
30.400000	99.592	-178.0496
30.700001	99.590	-178.3847
31.100000	99.579	-178.8474
31.500000	99.560	-179.2788
32.000000	99.530	-179.7122
32.500000	99.507	179.9581
33.000000	99.498	179.6321
33.500000	99.493	179.2204
34.000000	99.479	178.7321
34.500000	99.454	178.2466
35.000000	99.430	177.8131
35.500000	99.414	177.3994
36.000000	99.405	176.9497
36.500000	99.391	176.4656
37.000000	99.368	176.0024
37.500000	99.344	175.6030
38.200001	99.316	175.1301
38.700001	99.299	174.8217
39.500000	99.274	174.3569
40.000000	99.262	174.0419
40.599998	99.242	173.5886
41.200001	99.203	173.1235
41.799999	99.150	172.7862
42.500000	99.107	172.5262
43.099998	99.092	172.1971
43.700001	99.078	171.6917
44.400002	99.050	171.0743
45.000000	99.028	170.6701
45.500000	99.010	170.4278
46.200001	98.966	170.2245
46.799999	98.918	170.1157
47.500000	98.883	169.7088
48.200001	98.850	168.7214
48.700001	98.802	167.9081
49.400002	98.722	167.2581
50.000000	98.695	167.3315
50.799999	98.720	167.7019
51.500000	98.724	167.7613
52.200001	98.683	167.5673
53.000000	98.631	167.1848
53.799999	98.599	166.7645
54.500000	98.577	166.4989
55.200001	98.546	166.3123
56.000000	98.491	166.0719
57.000000	98.426	165.7198
58.000000	98.407	165.3138
59.000000	98.378	164.9627
60.000000	98.339	164.8010
60.799999	98.332	164.4156
61.500000	98.305	163.8261
62.200001	98.236	163.3762
63.000000	98.142	163.3281
64.000000	98.066	163.5127
65.000000	98.026	163.3076
66.000000	97.989	162.8484
67.000000	97.946	162.5046
68.000000	97.894	162.3120
69.000000	97.840	162.1272
70.000000	97.788	161.9041
71.000000	97.738	161.6847
72.000000	97.688	161.4823
73.000000	97.640	161.2900
74.000000	97.592	161.1054
75.000000	97.542	160.9322
76.199997	97.486	160.7049
77.500000	97.423	160.4603
78.800003	97.355	160.2557
80.000000	97.293	160.0804
81.199997	97.242	159.9011
82.500000	97.192	159.6982
83.800003	97.132	159.5414
85.000000	97.073	159.4155
86.199997	97.014	159.2724
87.500000	96.953	159.1137
88.500000	96.907	159.0058
90.000000	96.840	158.8490
91.199997	96.788	158.7325
92.500000	96.734	158.6194
93.800003	96.677	158.5085
95.000000	96.622	158.4239
96.199997	96.557	158.3309
97.500000	96.469	158.1680
98.800003	96.388	158.0457
100.000000	96.353	158.0327
101.500000	96.335	158.0161
103.000000	96.288	157.9893
104.400002	96.232	157.9418
106.000000	96.171	157.8769
107.500000	96.118	157.8221
109.000000	96.062	157.7658
110.599998	96.002	157.7273
112.000000	95.951	157.6961
113.800003	95.880	157.6635
115.000000	95.834	157.6698
117.199997	95.762	157.6750
118.000000	95.736	157.6689
120.599998	95.646	157.6505
122.000000	95.599	157.6453
124.099998	95.529	157.6632
125.000000	95.499	157.6763
126.500000	95.451	157.7042
128.000000	95.406	157.7407
131.500000	95.303	157.7958
132.000000	95.288	157.8079
134.000000	95.230	157.8549
136.000000	95.171	157.8976
138.000000	95.113	157.9732
140.000000	95.059	158.0504
143.000000	94.990	158.0933
145.000000	94.944	158.1310
147.500000	94.875	158.1739
150.000000	94.798	158.1826
152.500000	94.729	158.4900
155.000000	94.664	158.6932
157.500000	94.601	158.8393
160.000000	94.536	158.9634
162.500000	94.471	159.0920
165.000000	94.405	159.2628
167.500000	94.336	159.4341
170.000000	94.270	159.6073
172.500000	94.200	159.7926
175.000000	94.135	159.9884
177.500000	94.076	160.2340
180.000000	94.025	160.5215
182.500000	93.976	160.7793
185.000000	93.919	160.9693
187.500000	93.861	161.1664
190.000000	93.801	161.3958
192.500000	93.732	161.7621
195.000000	93.655	162.2560
197.500000	93.607	162.7380
200.000000	93.619	163.0157
203.000000	93.631	163.2512
206.000000	93.623	163.3782
209.000000	93.602	163.5001
212.000000	93.568	163.6856
214.000000	93.542	163.8127
218.000000	93.497	164.0050
220.000000	93.477	164.0995
224.000000	93.440	164.3005
227.000000	93.410	164.4431
230.000000	93.374	164.5859
233.000000	93.337	164.7496
236.000000	93.301	164.9108
240.000000	93.254	165.1074
243.000000	93.216	165.2584
247.000000	93.173	165.4947
250.000000	93.145	165.7224
254.000000	93.087	166.0641
258.000000	93.030	166.3814
262.000000	92.990	166.6451
265.000000	92.965	166.8211
269.000000	92.925	167.1049
272.000000	92.891	167.3267
276.000000	92.849	167.6226
280.000000	92.815	167.9031
285.000000	92.774	168.2722
290.000000	92.722	168.6732
295.000000	92.674	169.0310
300.000000	92.647	169.3524
304.000000	92.621	169.6707
307.000000	92.596	169.8961
311.000000	92.561	170.1522
315.000000	92.529	170.3782
320.000000	92.490	170.7071
325.000000	92.456	171.1047
330.000000	92.430	171.5019
335.000000	92.398	171.8183
340.000000	92.366	172.1523
345.000000	92.340	172.5556
350.000000	92.313	172.8995
355.000000	92.278	173.1894
360.000000	92.247	173.5132
365.000000	92.219	173.8482
370.000000	92.193	174.1913
375.000000	92.169	174.5472
382.000000	92.133	175.0459
387.000000	92.108	175.3942
395.000000	92.067	175.9565
400.000000	92.042	176.3290
406.000000	92.015	176.7885
412.000000	91.992	177.2717
418.000000	91.977	177.7822
425.000000	91.970	178.3598
431.000000	91.972	178.7898
437.000000	91.976	179.1458
444.000000	91.978	179.4928
450.000000	91.971	179.7817
455.000000	91.955	-179.9490
462.000000	91.933	-179.5605
468.000000	91.917	-179.2271
475.000000	91.899	-178.8297
482.000000	91.881	-178.4206
487.000000	91.868	-178.1203
494.000000	91.852	-177.6967
500.000000	91.839	-177.3363
508.000000	91.824	-176.8513
515.000000	91.812	-176.4271
522.000000	91.801	-176.0106
530.000000	91.789	-175.5296
538.000000	91.777	-175.0482
545.000000	91.767	-174.6250
552.000000	91.759	-174.2035
560.000000	91.750	-173.7273
570.000000	91.741	-173.1253
580.000000	91.733	-172.5217
590.000000	91.725	-171.9178
600.000000	91.718	-171.3105
608.000000	91.715	-170.8305
615.000000	91.713	-170.4097
622.000000	91.711	-169.9896
630.000000	91.709	-169.5097
640.000000	91.707	-168.9180
650.000000	91.707	-168.3253
660.000000	91.710	-167.6971
670.000000	91.714	-167.0813
680.000000	91.719	-166.4692
690.000000	91.725	-165.8537
700.000000	91.733	-165.2371
710.000000	91.742	-164.6262
720.000000	91.753	-164.0119
730.000000	91.766	-163.3934
740.000000	91.779	-162.7835
750.000000	91.794	-162.1699
762.000000	91.816	-161.3961
775.000000	91.842	-160.5659
788.000000	91.871	-159.7417
800.000000	91.899	-158.9860
812.000000	91.927	-158.2308
825.000000	91.960	-157.4073
838.000000	91.995	-156.5838
850.000000	92.031	-155.8278
862.000000	92.073	-155.0823
875.000000	92.121	-154.2778
885.000000	92.161	-153.6676
900.000000	92.226	-152.7636
912.000000	92.282	-152.0524
925.000000	92.346	-151.2947
938.000000	92.416	-150.5472
950.000000	92.483	-149.8744
962.000000	92.554	-149.2307
975.000000	92.633	-148.5529
988.000000	92.717	-147.8964
1000.000000	92.797	-147.3129
1015.000000	92.900	-146.6159
1030.000000	93.007	-145.9613
1044.000000	93.109	-145.3951
1060.000000	93.229	-144.7788
1075.000000	93.344	-144.2450
1090.000000	93.460	-143.7669
1106.000000	93.584	-143.3101
1120.000000	93.692	-142.9500
1138.000000	93.830	-142.5403
1150.000000	93.921	-142.2996
1172.000000	94.083	-141.9274
1180.000000	94.140	-141.8103
1206.000000	94.323	-141.4904
1220.000000	94.417	-141.3477
1241.000000	94.555	-141.1653
1250.000000	94.614	-141.1001
1265.000000	94.713	-141.0100
1280.000000	94.812	-140.9348
1315.000000	95.033	-140.7935
1320.000000	95.063	-140.7763
1340.000000	95.181	-140.7146
1360.000000	95.294	-140.6639
1380.000000	95.403	-140.6219
1400.000000	95.510	-140.5841
1430.000000	95.662	-140.5293
1450.000000	95.761	-140.4990
1475.000000	95.882	-140.4670
1500.000000	95.999	-140.4369
1525.000000	96.114	-140.4079
1550.000000	96.227	-140.3842
1575.000000	96.337	-140.3730
1600.000000	96.444	-140.3671
1625.000000	96.545	-140.3640
1650.000000	96.643	-140.3704
1675.000000	96.739	-140.3870
1700.000000	96.834	-140.4113
1725.000000	96.927	-140.4465
1750.000000	97.019	-140.4888
1775.000000	97.110	-140.5412
1800.000000	97.199	-140.6046
1825.000000	97.288	-140.6765
1850.000000	97.375	-140.7598
1875.000000	97.462	-140.8537
1900.000000	97.547	-140.9574
1925.000000	97.631	-141.0689
1950.000000	97.713	-141.1940
1975.000000	97.795	-141.3346
2000.000000	97.877	-141.4852
2030.000000	97.975	-141.6811
2060.000000	98.071	-141.8941
2090.000000	98.165	-142.1232
2120.000000	98.258	-142.3694
2140.000000	98.318	-142.5428
2180.000000	98.434	-142.9128
2200.000000	98.490	-143.1095
2240.000000	98.598	-143.5240
2270.000000	98.675	-143.8499
2300.000000	98.750	-144.1884
2330.000000	98.821	-144.5372
2360.000000	98.888	-144.8932
2400.000000	98.973	-145.3829
2430.000000	99.032	-145.7602
2470.000000	99.107	-146.2740
2500.000000	99.160	-146.6678
2540.000000	99.226	-147.1984
2580.000000	99.287	-147.7306
2620.000000	99.341	-148.2625
2650.000000	99.378	-148.6603
2690.000000	99.423	-149.1857
2720.000000	99.453	-149.5736
2760.000000	99.488	-150.0808
2800.000000	99.519	-150.5749
2850.000000	99.551	-151.1766
2900.000000	99.578	-151.7544
2950.000000	99.601	-152.3091
3000.000000	99.620	-152.8429
3040.000000	99.632	-153.2558
3070.000000	99.640	-153.5562
3110.000000	99.649	-153.9458
3150.000000	99.658	-154.3250
3200.000000	99.667	-154.7821
3250.000000	99.677	-155.2234
3300.000000	99.685	-155.6541
3350.000000	99.694	-156.0776
3400.000000	99.703	-156.4960
3450.000000	99.712	-156.9140
3500.000000	99.721	-157.3363
3550.000000	99.730	-157.7670
3600.000000	99.740	-158.2108
3650.000000	99.750	-158.6694
3700.000000	99.760	-159.1466
3750.000000	99.769	-159.6469
3820.000000	99.779	-160.3946
3870.000000	99.784	-160.9665
3950.000000	99.787	-161.9488
4000.000000	99.782	-162.6086
4060.000000	99.765	-163.4482
4120.000000	99.737	-164.3396
4180.000000	99.700	-165.2800
4250.000000	99.643	-166.4334
4310.000000	99.580	-167.4655
4370.000000	99.504	-168.5306
4440.000000	99.396	-169.8042
4500.000000	99.284	-170.9077
4550.000000	99.177	-171.8238
4620.000000	99.007	-173.0816
4680.000000	98.842	-174.1182
4750.000000	98.627	-175.2553
4820.000000	98.391	-176.2956
4870.000000	98.210	-176.9690
4940.000000	97.942	-177.7994
5000.000000	97.701	-178.3944
5080.000000	97.369	-179.0041
5150.000000	97.073	-179.3611
5220.000000	96.777	-179.5649
5300.000000	96.441	-179.6447
5380.000000	96.110	-179.5962
5450.000000	95.821	-179.4703
5520.000000	95.530	-179.2632
5600.000000	95.191	-178.9063
5700.000000	94.756	-178.2106
5800.000000	94.316	-177.1267
5900.000000	93.894	-175.5750
6000.000000	93.522	-173.5894
6080.000000	93.276	-171.7948
6150.000000	93.100	-170.1667
6220.000000	92.962	-168.5475
6300.000000	92.849	-166.7521
6400.000000	92.772	-164.6085
6500.000000	92.747	-162.5750
6600.000000	92.757	-160.6510
6700.000000	92.798	-158.8372
6800.000000	92.871	-157.1456
6900.000000	92.973	-155.5811
7000.000000	93.104	-154.1356
7100.000000	93.267	-152.8176
7200.000000	93.467	-151.6698
7300.000000	93.704	-150.7342
7400.000000	93.980	-150.0208
7500.000000	94.307	-149.5855
7620.000000	94.779	-149.6620
7750.000000	95.371	-150.9332
7880.000000	95.972	-153.9333
8000.000000	96.397	-158.4353
8120.000000	96.557	-164.3017
8250.000000	96.370	-171.2980
8380.000000	95.837	-177.9610
8500.000000	95.096	176.8124
8620.000000	94.182	172.8227
8750.000000	93.063	170.0766
8850.000000	92.149	169.2131
9000.000000	90.774	170.2191
9120.000000	89.769	173.1478
9250.000000	88.924	178.3997
9380.000000	88.520	-174.9068
9500.000000	88.642	-169.0142
9620.000000	89.158	-165.2004
9750.000000	89.882	-164.5156
9880.000000	90.465	-167.0521
10000.000000	90.713	-171.0092
10150.000000	90.614	-176.2139
10300.000000	90.203	179.6885
10440.000000	89.700	177.2738
10600.000000	89.128	175.9788
10750.000000	88.675	175.7928
10900.000000	88.336	176.2303
11060.000000	88.115	177.0706
11200.000000	88.046	177.9317
11380.000000	88.138	179.0089
11500.000000	88.320	179.5933
11720.000000	88.932	-179.8966
11800.000000	89.257	-179.9862
12060.000000	90.791	177.9345
12200.000000	91.985	174.8615
12410.000000	94.274	165.2473
12500.000000	95.340	158.3858
12650.000000	96.888	142.5088
12800.000000	97.678	121.8418
13150.000000	95.272	74.1404
13200.000000	94.587	69.0793
13400.000000	91.669	54.0026
13600.000000	89.023	44.9242
13800.000000	86.889	38.8698
14000.000000	85.208	34.0112
14300.000000	83.315	27.1304
14500.000000	82.384	22.2042
14750.000000	81.525	15.2028
15000.000000	80.966	6.9357
15250.000000	80.689	-2.9606
15500.000000	80.687	-14.9423
15750.000000	80.954	-29.5999
16000.000000	81.499	-47.6108
16250.000000	82.250	-69.7058
16500.000000	82.917	-96.3540
16750.000000	83.155	-127.1281
17000.000000	82.738	-160.6190
17250.000000	81.657	164.8920
17500.000000	80.084	130.4445
17750.000000	78.233	95.9935
18000.000000	76.252	60.7604
18250.000000	74.191	23.7157
18500.000000	72.013	-16.1653
18750.000000	69.649	-59.9023
19000.000000	66.988	-108.1042
19250.000000	63.820	-161.3994
19500.000000	59.887	140.4749
19750.000000	55.097	77.8610
20000.000000	50.527	13.9205
