* Measurement data measured by REW V5.31.3
* Source: USB-C to 3.5mm Headphone Jack Adapter, USB-C to 3.5mm Headphone Jack Adapter, 0, volume: 0.295
* Format: 256k Log Swept Sine, 4 sweeps at -12.0 dBFS with no timing reference
* Dated: Apr 14, 2025 10:39:22 PM
* REW Settings:
*  C-weighting compensation: Off
*  Target level: 75.0 dB
* Note: ; 
* Measurement: Truthear Blue2 TypeE 5ohm R
* Smoothing: 1/24 octave
* Frequency Step: 1/48 octave
* Start Frequency: 20.300 Hz
*
* Freq(Hz)	SPL(dB)	Phase(degrees)
20.299999	106.795	-169.9430
20.600000	106.796	-170.5182
20.900000	106.798	-171.1390
21.200001	106.802	-171.7644
21.400000	106.806	-172.1829
21.799999	106.816	-173.0164
22.000000	106.821	-173.4256
22.400000	106.829	-174.2157
22.700001	106.833	-174.7798
23.000000	106.834	-175.3241
23.299999	106.834	-175.8582
23.600000	106.833	-176.3920
24.000000	106.831	-177.1145
24.299999	106.829	-177.6659
24.700001	106.827	-178.4082
25.000000	106.826	-178.9643
25.400000	106.825	-179.6958
25.799999	106.821	179.5946
26.200001	106.813	178.9193
26.500000	106.803	178.4405
26.900000	106.787	177.8372
27.200001	106.774	177.4025
27.600000	106.758	176.8270
28.000000	106.744	176.2386
28.500000	106.728	175.4812
29.000000	106.710	174.7267
29.500000	106.694	174.0023
30.000000	106.679	173.3044
30.400000	106.666	172.7521
30.700001	106.655	172.3387
31.100000	106.638	171.7937
31.500000	106.619	171.2625
32.000000	106.595	170.6179
32.500000	106.573	169.9815
33.000000	106.550	169.3449
33.500000	106.524	168.7146
34.000000	106.499	168.0920
34.500000	106.474	167.4636
35.000000	106.449	166.8269
35.500000	106.422	166.2119
36.000000	106.393	165.6526
36.500000	106.365	165.1392
37.000000	106.335	164.6225
37.500000	106.297	164.0741
38.200001	106.225	163.3114
38.700001	106.179	162.8149
39.500000	106.145	162.0161
40.000000	106.139	161.4520
40.599998	106.123	160.7615
41.200001	106.089	160.1544
41.799999	106.046	159.6340
42.500000	105.996	159.0267
43.099998	105.955	158.4631
43.700001	105.916	157.8884
44.400002	105.876	157.2303
45.000000	105.835	156.6781
45.500000	105.794	156.2386
46.200001	105.735	155.6631
46.799999	105.693	155.1639
47.500000	105.648	154.5377
48.200001	105.590	153.9755
48.700001	105.545	153.6830
49.400002	105.493	153.3388
50.000000	105.459	152.9291
50.799999	105.404	152.1525
51.500000	105.343	151.4583
52.200001	105.290	150.8765
53.000000	105.240	150.2789
53.799999	105.183	149.6884
54.500000	105.127	149.1714
55.200001	105.070	148.6432
56.000000	105.005	148.0499
57.000000	104.924	147.4012
58.000000	104.846	146.8215
59.000000	104.769	146.1953
60.000000	104.689	145.5526
60.799999	104.624	145.0908
61.500000	104.568	144.7266
62.200001	104.511	144.3645
63.000000	104.443	143.9039
64.000000	104.353	143.2582
65.000000	104.264	142.6222
66.000000	104.177	142.0553
67.000000	104.088	141.5788
68.000000	104.002	141.1284
69.000000	103.922	140.6251
70.000000	103.840	140.0934
71.000000	103.752	139.5901
72.000000	103.662	139.1210
73.000000	103.575	138.6665
74.000000	103.491	138.2352
75.000000	103.407	137.8297
76.199997	103.306	137.3206
77.500000	103.196	136.7433
78.800003	103.083	136.1888
80.000000	102.973	135.7456
81.199997	102.866	135.3258
82.500000	102.755	134.8499
83.800003	102.646	134.3552
85.000000	102.541	133.9102
86.199997	102.432	133.5348
87.500000	102.319	133.1721
88.500000	102.234	132.8741
90.000000	102.101	132.3984
91.199997	101.995	132.0432
92.500000	101.886	131.6913
93.800003	101.775	131.3659
95.000000	101.665	131.0758
96.199997	101.555	130.7808
97.500000	101.444	130.4281
98.800003	101.334	130.1161
100.000000	101.231	129.9169
101.500000	101.102	129.6509
103.000000	100.980	129.3148
104.400002	100.859	129.0109
106.000000	100.706	128.7662
107.500000	100.574	128.5722
109.000000	100.455	128.3605
110.599998	100.327	128.1523
112.000000	100.208	127.9419
113.800003	100.044	127.6944
115.000000	99.938	127.5581
117.199997	99.756	127.3929
118.000000	99.694	127.3650
120.599998	99.492	127.2476
122.000000	99.379	127.1793
124.099998	99.208	127.0795
125.000000	99.136	127.0460
126.500000	99.022	126.9961
128.000000	98.909	126.9625
131.500000	98.652	126.9857
132.000000	98.616	126.9691
134.000000	98.467	126.8795
136.000000	98.324	126.8705
138.000000	98.183	126.9642
140.000000	98.045	127.1044
143.000000	97.830	127.1940
145.000000	97.682	127.3779
147.500000	97.510	127.5430
150.000000	97.351	127.5963
152.500000	97.185	127.8766
155.000000	97.007	128.1273
157.500000	96.846	128.3712
160.000000	96.682	128.6740
162.500000	96.516	129.0516
165.000000	96.365	129.3732
167.500000	96.210	129.6888
170.000000	96.050	130.1284
172.500000	95.906	130.5104
175.000000	95.766	130.9157
177.500000	95.623	131.3810
180.000000	95.481	131.8279
182.500000	95.339	132.2761
185.000000	95.205	132.7677
187.500000	95.080	133.3243
190.000000	94.964	133.8796
192.500000	94.851	134.3924
195.000000	94.734	134.9062
197.500000	94.619	135.3951
200.000000	94.511	135.8582
203.000000	94.395	136.6254
206.000000	94.287	137.3769
209.000000	94.182	138.0813
212.000000	94.085	138.7539
214.000000	94.021	139.1763
218.000000	93.897	140.0610
220.000000	93.838	140.4784
224.000000	93.723	141.2710
227.000000	93.634	141.9297
230.000000	93.551	142.6251
233.000000	93.480	143.3562
236.000000	93.414	144.1274
240.000000	93.334	145.1718
243.000000	93.282	145.7911
247.000000	93.218	146.5338
250.000000	93.171	147.1503
254.000000	93.108	147.9630
258.000000	93.047	148.7122
262.000000	93.000	149.4371
265.000000	92.960	149.9751
269.000000	92.901	150.7203
272.000000	92.864	151.2514
276.000000	92.824	151.9213
280.000000	92.785	152.6601
285.000000	92.736	153.5947
290.000000	92.691	154.4404
295.000000	92.654	155.2374
300.000000	92.621	155.9536
304.000000	92.596	156.5222
307.000000	92.577	156.9518
311.000000	92.553	157.5184
315.000000	92.529	158.0852
320.000000	92.501	158.7730
325.000000	92.476	159.4487
330.000000	92.454	160.1050
335.000000	92.433	160.7278
340.000000	92.414	161.3348
345.000000	92.393	161.9367
350.000000	92.375	162.5040
355.000000	92.361	163.0579
360.000000	92.346	163.6078
365.000000	92.331	164.1673
370.000000	92.319	164.7347
375.000000	92.310	165.2818
382.000000	92.302	165.9609
387.000000	92.291	166.4041
395.000000	92.265	167.1176
400.000000	92.248	167.5999
406.000000	92.233	168.1779
412.000000	92.223	168.7679
418.000000	92.216	169.3555
425.000000	92.215	170.0168
431.000000	92.220	170.5531
437.000000	92.229	171.0387
444.000000	92.242	171.5243
450.000000	92.250	171.8856
455.000000	92.251	172.2130
462.000000	92.247	172.6272
468.000000	92.238	172.9614
475.000000	92.224	173.3336
482.000000	92.203	173.7131
487.000000	92.186	174.0104
494.000000	92.162	174.4494
500.000000	92.143	174.8413
508.000000	92.120	175.3818
515.000000	92.102	175.8572
522.000000	92.086	176.3398
530.000000	92.069	176.8865
538.000000	92.051	177.4260
545.000000	92.035	177.8784
552.000000	92.023	178.3408
560.000000	92.013	178.8912
570.000000	91.996	179.5609
580.000000	91.979	-179.7917
590.000000	91.965	-179.1476
600.000000	91.951	-178.4941
608.000000	91.940	-177.9599
615.000000	91.930	-177.4987
622.000000	91.920	-177.0416
630.000000	91.909	-176.5126
640.000000	91.898	-175.8341
650.000000	91.887	-175.1517
660.000000	91.875	-174.4957
670.000000	91.867	-173.8242
680.000000	91.859	-173.1428
690.000000	91.853	-172.4592
700.000000	91.849	-171.7722
710.000000	91.845	-171.0706
720.000000	91.843	-170.3544
730.000000	91.844	-169.6418
740.000000	91.848	-168.9273
750.000000	91.854	-168.2095
762.000000	91.864	-167.3520
775.000000	91.878	-166.4165
788.000000	91.897	-165.4733
800.000000	91.914	-164.6041
812.000000	91.932	-163.7311
825.000000	91.956	-162.7881
838.000000	91.985	-161.8492
850.000000	92.014	-160.9967
862.000000	92.049	-160.1410
875.000000	92.093	-159.2170
885.000000	92.128	-158.5190
900.000000	92.188	-157.4890
912.000000	92.240	-156.6756
925.000000	92.300	-155.8159
938.000000	92.366	-154.9800
950.000000	92.430	-154.2297
962.000000	92.500	-153.4950
975.000000	92.580	-152.7342
988.000000	92.663	-152.0083
1000.000000	92.741	-151.3663
1015.000000	92.841	-150.6071
1030.000000	92.944	-149.8992
1044.000000	93.042	-149.2824
1060.000000	93.156	-148.6307
1075.000000	93.263	-148.0695
1090.000000	93.370	-147.5528
1106.000000	93.482	-147.0543
1120.000000	93.578	-146.6580
1138.000000	93.700	-146.1914
1150.000000	93.779	-145.9102
1172.000000	93.917	-145.4496
1180.000000	93.965	-145.2941
1206.000000	94.117	-144.8289
1220.000000	94.194	-144.5978
1241.000000	94.307	-144.2734
1250.000000	94.356	-144.1391
1265.000000	94.437	-143.9142
1280.000000	94.518	-143.6908
1315.000000	94.699	-143.1828
1320.000000	94.724	-143.1093
1340.000000	94.823	-142.8098
1360.000000	94.920	-142.5027
1380.000000	95.015	-142.1839
1400.000000	95.111	-141.8556
1430.000000	95.259	-141.3498
1450.000000	95.359	-141.0116
1475.000000	95.490	-140.5961
1500.000000	95.627	-140.1984
1525.000000	95.769	-139.8399
1550.000000	95.916	-139.5350
1575.000000	96.066	-139.3092
1600.000000	96.213	-139.1656
1625.000000	96.352	-139.1049
1650.000000	96.484	-139.1159
1675.000000	96.606	-139.1852
1700.000000	96.717	-139.2928
1725.000000	96.816	-139.4212
1750.000000	96.906	-139.5526
1775.000000	96.987	-139.6717
1800.000000	97.061	-139.7678
1825.000000	97.129	-139.8342
1850.000000	97.193	-139.8694
1875.000000	97.256	-139.8807
1900.000000	97.316	-139.8676
1925.000000	97.377	-139.8320
1950.000000	97.438	-139.7773
1975.000000	97.500	-139.7080
2000.000000	97.564	-139.6301
2030.000000	97.646	-139.5307
2060.000000	97.731	-139.4254
2090.000000	97.818	-139.3189
2120.000000	97.908	-139.2227
2140.000000	97.968	-139.1639
2180.000000	98.091	-139.0691
2200.000000	98.153	-139.0325
2240.000000	98.277	-138.9764
2270.000000	98.371	-138.9516
2300.000000	98.466	-138.9401
2330.000000	98.562	-138.9437
2360.000000	98.658	-138.9676
2400.000000	98.789	-139.0347
2430.000000	98.886	-139.1127
2470.000000	99.015	-139.2535
2500.000000	99.111	-139.3877
2540.000000	99.239	-139.6007
2580.000000	99.365	-139.8535
2620.000000	99.488	-140.1424
2650.000000	99.579	-140.3796
2690.000000	99.696	-140.7235
2720.000000	99.783	-141.0037
2760.000000	99.894	-141.4061
2800.000000	100.001	-141.8400
2850.000000	100.128	-142.4217
2900.000000	100.247	-143.0436
2950.000000	100.359	-143.7002
3000.000000	100.463	-144.3839
3040.000000	100.542	-144.9524
3070.000000	100.599	-145.3929
3110.000000	100.670	-146.0006
3150.000000	100.737	-146.6348
3200.000000	100.811	-147.4623
3250.000000	100.875	-148.3108
3300.000000	100.927	-149.1678
3350.000000	100.969	-150.0262
3400.000000	101.001	-150.8795
3450.000000	101.023	-151.7238
3500.000000	101.038	-152.5535
3550.000000	101.044	-153.3665
3600.000000	101.042	-154.1618
3650.000000	101.034	-154.9378
3700.000000	101.019	-155.6933
3750.000000	100.997	-156.4241
3820.000000	100.959	-157.4064
3870.000000	100.926	-158.0874
3950.000000	100.863	-159.1342
4000.000000	100.816	-159.7594
4060.000000	100.751	-160.4847
4120.000000	100.678	-161.1864
4180.000000	100.600	-161.8677
4250.000000	100.503	-162.6396
4310.000000	100.413	-163.2795
4370.000000	100.319	-163.8982
4440.000000	100.201	-164.5935
4500.000000	100.095	-165.1663
4550.000000	100.002	-165.6256
4620.000000	99.865	-166.2402
4680.000000	99.741	-166.7391
4750.000000	99.588	-167.2849
4820.000000	99.428	-167.7862
4870.000000	99.309	-168.1152
4940.000000	99.135	-168.5296
5000.000000	98.982	-168.8358
5080.000000	98.772	-169.1758
5150.000000	98.583	-169.4114
5220.000000	98.389	-169.5808
5300.000000	98.162	-169.6900
5380.000000	97.931	-169.7120
5450.000000	97.725	-169.6604
5520.000000	97.517	-169.5420
5600.000000	97.277	-169.3205
5700.000000	96.976	-168.9035
5800.000000	96.677	-168.3307
5900.000000	96.383	-167.6010
6000.000000	96.097	-166.7229
6080.000000	95.877	-165.9236
6150.000000	95.692	-165.1607
6220.000000	95.517	-164.3437
6300.000000	95.338	-163.3527
6400.000000	95.152	-162.0372
6500.000000	94.999	-160.6476
6600.000000	94.867	-159.1953
6700.000000	94.757	-157.6903
6800.000000	94.668	-156.1404
6900.000000	94.604	-154.5565
7000.000000	94.568	-152.9506
7100.000000	94.564	-151.3504
7200.000000	94.596	-149.8115
7300.000000	94.660	-148.3896
7400.000000	94.747	-147.0834
7500.000000	94.862	-145.8572
7620.000000	95.045	-144.5340
7750.000000	95.296	-143.3727
7880.000000	95.594	-142.5182
8000.000000	95.895	-142.0351
8120.000000	96.209	-141.8784
8250.000000	96.608	-142.1739
8380.000000	97.106	-143.2112
8500.000000	97.657	-145.1550
8620.000000	98.271	-148.4290
8750.000000	98.938	-153.9199
8850.000000	99.369	-159.6969
9000.000000	99.691	-170.5882
9120.000000	99.540	179.6687
9250.000000	98.934	169.4640
9380.000000	97.959	160.7858
9500.000000	96.869	154.6235
9620.000000	95.718	150.2117
9750.000000	94.497	147.0952
9880.000000	93.356	145.2956
10000.000000	92.394	144.4854
10150.000000	91.322	144.2776
10300.000000	90.383	144.6844
10440.000000	89.614	145.4387
10600.000000	88.850	146.6080
10750.000000	88.232	147.9050
10900.000000	87.701	149.3258
11060.000000	87.223	150.9240
11200.000000	86.872	152.3594
11380.000000	86.507	154.2166
11500.000000	86.315	155.4315
11720.000000	86.066	157.5679
11800.000000	86.006	158.3067
12060.000000	85.928	160.5155
12200.000000	85.960	161.5488
12410.000000	86.116	162.8318
12500.000000	86.228	163.2706
12650.000000	86.483	163.8288
12800.000000	86.821	164.1295
13150.000000	87.960	163.5302
13200.000000	88.170	163.2526
13400.000000	89.155	161.4930
13600.000000	90.431	158.3170
13800.000000	92.095	152.8371
14000.000000	94.203	143.3820
14300.000000	97.604	116.4430
14500.000000	98.879	88.7418
14750.000000	98.109	50.6899
15000.000000	95.286	19.9052
15250.000000	92.057	-1.4846
15500.000000	89.413	-17.6518
15750.000000	87.507	-32.3387
16000.000000	86.253	-47.4861
16250.000000	85.614	-64.0857
16500.000000	85.473	-82.7221
16750.000000	85.723	-103.8859
17000.000000	86.292	-128.1154
17250.000000	87.069	-156.0070
17500.000000	87.869	171.9351
17750.000000	88.439	135.5605
18000.000000	88.530	95.3202
18250.000000	88.002	52.1142
18500.000000	86.872	6.6849
18750.000000	85.269	-41.0198
19000.000000	83.312	-91.8195
19250.000000	81.035	-147.0085
19500.000000	78.376	152.0024
19750.000000	75.323	82.2595
20000.000000	72.754	9.3125
