* Measurement data measured by REW V5.31.3
* Source: USB-C to 3.5mm Headphone Jack Adapter, USB-C to 3.5mm Headphone Jack Adapter, 0, volume: 0.295
* Format: 256k Log Swept Sine, 4 sweeps at -12.0 dBFS with no timing reference
* Dated: Apr 14, 2025 10:40:55 PM
* REW Settings:
*  C-weighting compensation: Off
*  Target level: 75.0 dB
* Note: ; 
* Measurement: Truthear Blue2 TypeE R
* Smoothing: 1/24 octave
* Frequency Step: 1/48 octave
* Start Frequency: 20.300 Hz
*
* Freq(Hz)	SPL(dB)	Phase(degrees)
20.299999	101.506	-167.6300
20.600000	101.508	-168.1982
20.900000	101.510	-168.8058
21.200001	101.516	-169.4105
21.400000	101.523	-169.8122
21.799999	101.539	-170.6100
22.000000	101.547	-171.0027
22.400000	101.560	-171.7633
22.700001	101.566	-172.3052
23.000000	101.568	-172.8214
23.299999	101.568	-173.3161
23.600000	101.568	-173.7961
24.000000	101.568	-174.4249
24.299999	101.570	-174.8956
24.700001	101.577	-175.5323
25.000000	101.584	-176.0226
25.400000	101.593	-176.6964
25.799999	101.594	-177.3812
26.200001	101.583	-178.0486
26.500000	101.569	-178.5195
26.900000	101.545	-179.1008
27.200001	101.529	-179.5142
27.600000	101.511	179.9306
28.000000	101.496	179.3403
28.500000	101.476	178.5628
29.000000	101.448	177.8195
29.500000	101.424	177.1726
30.000000	101.414	176.5808
30.400000	101.414	176.0836
30.700001	101.413	175.6804
31.100000	101.406	175.1189
31.500000	101.390	174.5694
32.000000	101.365	173.9444
32.500000	101.342	173.3716
33.000000	101.323	172.7968
33.500000	101.303	172.2018
34.000000	101.279	171.6121
34.500000	101.255	171.0443
35.000000	101.233	170.4897
35.500000	101.206	169.9528
36.000000	101.174	169.4594
36.500000	101.143	168.9977
37.000000	101.117	168.4858
37.500000	101.089	167.8477
38.200001	101.021	166.8546
38.700001	100.959	166.2991
39.500000	100.906	165.8212
40.000000	100.914	165.5625
40.599998	100.928	165.0798
41.200001	100.910	164.4847
41.799999	100.863	163.9430
42.500000	100.812	163.3874
43.099998	100.778	162.8786
43.700001	100.743	162.3349
44.400002	100.694	161.7126
45.000000	100.649	161.1896
45.500000	100.610	160.7621
46.200001	100.558	160.2167
46.799999	100.524	159.8105
47.500000	100.486	159.3907
48.200001	100.435	159.0582
48.700001	100.396	158.8551
49.400002	100.353	158.4566
50.000000	100.318	157.9048
50.799999	100.252	157.0649
51.500000	100.192	156.4983
52.200001	100.149	156.0535
53.000000	100.097	155.5239
53.799999	100.035	155.0123
54.500000	99.990	154.5830
55.200001	99.949	154.1276
56.000000	99.890	153.6553
57.000000	99.815	153.1350
58.000000	99.741	152.5343
59.000000	99.679	151.9537
60.000000	99.617	151.2652
60.799999	99.525	150.8153
61.500000	99.448	150.6761
62.200001	99.411	150.5424
63.000000	99.385	150.0870
64.000000	99.298	149.3826
65.000000	99.198	148.9980
66.000000	99.128	148.5716
67.000000	99.039	148.0148
68.000000	98.944	147.5910
69.000000	98.869	147.1845
70.000000	98.798	146.7638
71.000000	98.724	146.4211
72.000000	98.644	146.1017
73.000000	98.562	145.7498
74.000000	98.489	145.3333
75.000000	98.415	144.8619
76.199997	98.303	144.4436
77.500000	98.199	144.1553
78.800003	98.112	143.6685
80.000000	98.016	143.2510
81.199997	97.914	142.9603
82.500000	97.810	142.5984
83.800003	97.701	142.1851
85.000000	97.605	141.8914
86.199997	97.509	141.5760
87.500000	97.397	141.2042
88.500000	97.316	140.9810
90.000000	97.209	140.7768
91.199997	97.114	140.5596
92.500000	97.000	140.2496
93.800003	96.898	139.9640
95.000000	96.808	139.7477
96.199997	96.717	139.5405
97.500000	96.614	139.2866
98.800003	96.508	139.0677
100.000000	96.406	138.8375
101.500000	96.274	138.6575
103.000000	96.157	138.6516
104.400002	96.056	138.6059
106.000000	95.934	138.3898
107.500000	95.816	138.2456
109.000000	95.698	138.1201
110.599998	95.563	137.9875
112.000000	95.455	137.9014
113.800003	95.314	137.8206
115.000000	95.217	137.7823
117.199997	95.058	137.7171
118.000000	94.998	137.7553
120.599998	94.799	137.8295
122.000000	94.708	137.7230
124.099998	94.567	137.6968
125.000000	94.499	137.7465
126.500000	94.388	137.8633
128.000000	94.293	137.9467
131.500000	94.073	138.2918
132.000000	94.041	138.3193
134.000000	93.911	138.3651
136.000000	93.775	138.5087
138.000000	93.644	138.7014
140.000000	93.514	138.8804
143.000000	93.331	139.1823
145.000000	93.215	139.2375
147.500000	93.064	139.6180
150.000000	92.939	139.8560
152.500000	92.802	140.0814
155.000000	92.648	140.4515
157.500000	92.475	140.9050
160.000000	92.321	141.4505
162.500000	92.187	141.8248
165.000000	92.056	142.2692
167.500000	91.923	142.7486
170.000000	91.776	143.1998
172.500000	91.625	143.7126
175.000000	91.529	144.4335
177.500000	91.395	145.0598
180.000000	91.215	145.6423
182.500000	91.112	146.0093
185.000000	91.056	146.1230
187.500000	90.987	146.5661
190.000000	90.919	147.2917
192.500000	90.835	148.2134
195.000000	90.701	149.3607
197.500000	90.603	150.1702
200.000000	90.534	150.8605
203.000000	90.444	151.5416
206.000000	90.343	152.2675
209.000000	90.259	152.9562
212.000000	90.186	153.5840
214.000000	90.141	154.0226
218.000000	90.033	154.9242
220.000000	89.977	155.3955
224.000000	89.900	156.4798
227.000000	89.858	157.3424
230.000000	89.801	158.1914
233.000000	89.759	159.0388
236.000000	89.716	160.0168
240.000000	89.617	161.1142
243.000000	89.583	161.8341
247.000000	89.592	162.6331
250.000000	89.587	162.9155
254.000000	89.550	163.6093
258.000000	89.522	164.8230
262.000000	89.465	166.0341
265.000000	89.424	166.8000
269.000000	89.430	167.5330
272.000000	89.416	168.2156
276.000000	89.401	169.1061
280.000000	89.454	169.5953
285.000000	89.489	170.4387
290.000000	89.476	171.1852
295.000000	89.460	171.7809
300.000000	89.459	172.7544
304.000000	89.465	173.5297
307.000000	89.469	174.0516
311.000000	89.476	174.7021
315.000000	89.490	175.2589
320.000000	89.516	175.9721
325.000000	89.530	176.7393
330.000000	89.546	177.4871
335.000000	89.567	178.1349
340.000000	89.585	178.7586
345.000000	89.608	179.4520
350.000000	89.630	-179.8772
355.000000	89.648	-179.3765
360.000000	89.663	-178.8110
365.000000	89.675	-178.2305
370.000000	89.694	-177.7097
375.000000	89.719	-177.2023
382.000000	89.751	-176.5108
387.000000	89.774	-176.0421
395.000000	89.812	-175.2799
400.000000	89.834	-174.8015
406.000000	89.859	-174.1880
412.000000	89.892	-173.5896
418.000000	89.929	-173.0357
425.000000	89.975	-172.4270
431.000000	90.017	-171.9733
437.000000	90.059	-171.5716
444.000000	90.101	-171.1656
450.000000	90.131	-170.8456
455.000000	90.158	-170.5624
462.000000	90.192	-170.1846
468.000000	90.213	-169.8681
475.000000	90.233	-169.5049
482.000000	90.248	-169.1290
487.000000	90.258	-168.8436
494.000000	90.274	-168.4304
500.000000	90.286	-168.0810
508.000000	90.304	-167.6202
515.000000	90.321	-167.2043
522.000000	90.338	-166.7855
530.000000	90.359	-166.3171
538.000000	90.380	-165.8585
545.000000	90.397	-165.4821
552.000000	90.415	-165.1019
560.000000	90.433	-164.6460
570.000000	90.454	-164.0856
580.000000	90.477	-163.5416
590.000000	90.501	-162.9908
600.000000	90.522	-162.4406
608.000000	90.536	-161.9983
615.000000	90.548	-161.6103
622.000000	90.561	-161.2234
630.000000	90.577	-160.7830
640.000000	90.596	-160.2379
650.000000	90.615	-159.6998
660.000000	90.637	-159.1119
670.000000	90.659	-158.5297
680.000000	90.679	-157.9651
690.000000	90.700	-157.3858
700.000000	90.722	-156.7953
710.000000	90.746	-156.2012
720.000000	90.771	-155.6022
730.000000	90.796	-155.0041
740.000000	90.824	-154.4165
750.000000	90.855	-153.8253
762.000000	90.890	-153.0645
775.000000	90.932	-152.2613
788.000000	90.976	-151.4598
800.000000	91.017	-150.7057
812.000000	91.058	-149.9546
825.000000	91.105	-149.1409
838.000000	91.158	-148.3384
850.000000	91.210	-147.6008
862.000000	91.265	-146.8559
875.000000	91.329	-146.0573
885.000000	91.381	-145.4529
900.000000	91.462	-144.5618
912.000000	91.532	-143.8634
925.000000	91.611	-143.1252
938.000000	91.696	-142.4081
950.000000	91.778	-141.7671
962.000000	91.863	-141.1437
975.000000	91.959	-140.4973
988.000000	92.057	-139.8796
1000.000000	92.150	-139.3367
1015.000000	92.268	-138.7008
1030.000000	92.388	-138.1095
1044.000000	92.500	-137.5952
1060.000000	92.629	-137.0812
1075.000000	92.751	-136.6525
1090.000000	92.872	-136.2601
1106.000000	92.999	-135.8887
1120.000000	93.108	-135.5979
1138.000000	93.245	-135.2663
1150.000000	93.334	-135.0707
1172.000000	93.490	-134.7619
1180.000000	93.544	-134.6622
1206.000000	93.716	-134.3707
1220.000000	93.804	-134.2328
1241.000000	93.933	-134.0476
1250.000000	93.988	-133.9720
1265.000000	94.078	-133.8462
1280.000000	94.168	-133.7224
1315.000000	94.372	-133.4304
1320.000000	94.400	-133.3875
1340.000000	94.510	-133.2107
1360.000000	94.617	-133.0245
1380.000000	94.724	-132.8249
1400.000000	94.831	-132.6071
1430.000000	94.995	-132.2683
1450.000000	95.106	-132.0417
1475.000000	95.247	-131.7597
1500.000000	95.394	-131.4960
1525.000000	95.547	-131.2723
1550.000000	95.704	-131.1057
1575.000000	95.863	-131.0157
1600.000000	96.018	-130.9962
1625.000000	96.166	-131.0538
1650.000000	96.305	-131.1857
1675.000000	96.434	-131.3728
1700.000000	96.552	-131.5924
1725.000000	96.657	-131.8319
1750.000000	96.752	-132.0706
1775.000000	96.838	-132.2872
1800.000000	96.917	-132.4767
1825.000000	96.990	-132.6398
1850.000000	97.059	-132.7718
1875.000000	97.126	-132.8663
1900.000000	97.192	-132.9369
1925.000000	97.257	-132.9838
1950.000000	97.323	-133.0100
1975.000000	97.389	-133.0225
2000.000000	97.458	-133.0261
2030.000000	97.545	-133.0255
2060.000000	97.635	-133.0192
2090.000000	97.727	-133.0091
2120.000000	97.820	-133.0058
2140.000000	97.883	-133.0074
2180.000000	98.010	-133.0198
2200.000000	98.075	-133.0311
2240.000000	98.206	-133.0718
2270.000000	98.306	-133.1205
2300.000000	98.406	-133.1882
2330.000000	98.507	-133.2776
2360.000000	98.607	-133.3844
2400.000000	98.741	-133.5571
2430.000000	98.840	-133.7131
2470.000000	98.972	-133.9542
2500.000000	99.069	-134.1579
2540.000000	99.199	-134.4577
2580.000000	99.327	-134.7897
2620.000000	99.454	-135.1528
2650.000000	99.547	-135.4470
2690.000000	99.668	-135.8689
2720.000000	99.756	-136.2062
2760.000000	99.871	-136.6828
2800.000000	99.981	-137.1899
2850.000000	100.110	-137.8591
2900.000000	100.233	-138.5622
2950.000000	100.348	-139.2928
3000.000000	100.455	-140.0475
3040.000000	100.537	-140.6702
3070.000000	100.596	-141.1507
3110.000000	100.671	-141.8129
3150.000000	100.741	-142.5008
3200.000000	100.820	-143.3926
3250.000000	100.887	-144.3084
3300.000000	100.944	-145.2332
3350.000000	100.990	-146.1564
3400.000000	101.027	-147.0732
3450.000000	101.055	-147.9796
3500.000000	101.074	-148.8720
3550.000000	101.085	-149.7467
3600.000000	101.088	-150.6020
3650.000000	101.084	-151.4363
3700.000000	101.073	-152.2476
3750.000000	101.056	-153.0335
3820.000000	101.025	-154.0899
3870.000000	100.997	-154.8249
3950.000000	100.942	-155.9606
4000.000000	100.900	-156.6385
4060.000000	100.840	-157.4284
4120.000000	100.773	-158.1967
4180.000000	100.701	-158.9451
4250.000000	100.610	-159.7956
4310.000000	100.526	-160.5032
4370.000000	100.436	-161.1893
4440.000000	100.326	-161.9634
4500.000000	100.225	-162.6031
4550.000000	100.136	-163.1182
4620.000000	100.006	-163.8100
4680.000000	99.887	-164.3750
4750.000000	99.741	-164.9991
4820.000000	99.586	-165.5797
4870.000000	99.471	-165.9659
4940.000000	99.303	-166.4609
5000.000000	99.153	-166.8376
5080.000000	98.948	-167.2710
5150.000000	98.763	-167.5841
5220.000000	98.571	-167.8261
5300.000000	98.347	-168.0183
5380.000000	98.119	-168.1223
5450.000000	97.915	-168.1386
5520.000000	97.709	-168.0832
5600.000000	97.471	-167.9294
5700.000000	97.172	-167.5925
5800.000000	96.875	-167.0882
5900.000000	96.584	-166.4232
6000.000000	96.303	-165.6096
6080.000000	96.086	-164.8588
6150.000000	95.905	-164.1367
6220.000000	95.733	-163.3590
6300.000000	95.558	-162.4102
6400.000000	95.378	-161.1474
6500.000000	95.230	-159.8100
6600.000000	95.104	-158.4085
6700.000000	94.999	-156.9541
6800.000000	94.917	-155.4572
6900.000000	94.860	-153.9252
7000.000000	94.831	-152.3714
7100.000000	94.835	-150.8259
7200.000000	94.876	-149.3434
7300.000000	94.947	-147.9749
7400.000000	95.043	-146.7209
7500.000000	95.167	-145.5511
7620.000000	95.360	-144.2952
7750.000000	95.624	-143.2078
7880.000000	95.936	-142.4401
8000.000000	96.250	-142.0444
8120.000000	96.577	-141.9803
8250.000000	96.991	-142.3889
8380.000000	97.505	-143.5553
8500.000000	98.069	-145.6383
8620.000000	98.697	-149.0730
8750.000000	99.374	-154.7706
8850.000000	99.809	-160.7294
9000.000000	100.121	-171.9018
9120.000000	99.952	178.1695
9250.000000	99.317	167.8507
9380.000000	98.315	159.1568
9500.000000	97.208	153.0394
9620.000000	96.049	148.6956
9750.000000	94.826	145.6486
9880.000000	93.690	143.9074
10000.000000	92.736	143.1345
10150.000000	91.676	142.9501
10300.000000	90.751	143.3618
10440.000000	89.996	144.1129
10600.000000	89.246	145.2635
10750.000000	88.641	146.5346
10900.000000	88.124	147.9299
11060.000000	87.660	149.4994
11200.000000	87.321	150.9051
11380.000000	86.970	152.7126
11500.000000	86.789	153.8968
11720.000000	86.559	155.9797
11800.000000	86.508	156.7010
12060.000000	86.457	158.8465
12200.000000	86.503	159.8391
12410.000000	86.679	161.0660
12500.000000	86.800	161.4801
12650.000000	87.071	161.9927
12800.000000	87.427	162.2457
13150.000000	88.613	161.5192
13200.000000	88.831	161.2191
13400.000000	89.851	159.3509
13600.000000	91.172	156.0112
13800.000000	92.891	150.2509
14000.000000	95.053	140.2969
14300.000000	98.428	112.1773
14500.000000	99.567	83.8719
14750.000000	98.590	46.0428
15000.000000	95.673	16.1238
15250.000000	92.472	-4.5787
15500.000000	89.897	-20.4069
15750.000000	88.053	-34.9779
16000.000000	86.852	-50.1288
16250.000000	86.261	-66.7839
16500.000000	86.164	-85.5142
16750.000000	86.458	-106.8158
17000.000000	87.068	-131.2302
17250.000000	87.883	-159.3719
17500.000000	88.713	168.2858
17750.000000	89.293	131.6464
18000.000000	89.375	91.2108
18250.000000	88.832	47.8834
18500.000000	87.691	2.4207
18750.000000	86.090	-45.2605
19000.000000	84.146	-96.0468
19250.000000	81.888	-151.2400
19500.000000	79.248	147.7560
19750.000000	76.208	78.0221
20000.000000	73.645	5.1671
