* Measurement data measured by REW V5.31.3
* Source: USB-C to 3.5mm Headphone Jack Adapter, USB-C to 3.5mm Headphone Jack Adapter, 0, volume: 0.295
* Format: 256k Log Swept Sine, 4 sweeps at -12.0 dBFS with no timing reference
* Dated: Apr 14, 2025 10:33:11 PM
* REW Settings:
*  C-weighting compensation: Off
*  Target level: 75.0 dB
* Note: ; 
* Measurement: Truthear Blue2 TypeE L
* Smoothing: 1/24 octave
* Frequency Step: 1/48 octave
* Start Frequency: 20.300 Hz
*
* Freq(Hz)	SPL(dB)	Phase(degrees)
20.299999	100.432	-168.0731
20.600000	100.430	-168.6132
20.900000	100.424	-169.1935
21.200001	100.418	-169.7755
21.400000	100.416	-170.1655
21.799999	100.417	-170.9531
22.000000	100.419	-171.3495
22.400000	100.429	-172.1404
22.700001	100.438	-172.7258
23.000000	100.446	-173.3004
23.299999	100.453	-173.8614
23.600000	100.456	-174.4055
24.000000	100.453	-175.0982
24.299999	100.447	-175.5889
24.700001	100.436	-176.2070
25.000000	100.428	-176.6527
25.400000	100.420	-177.2442
25.799999	100.415	-177.8511
26.200001	100.408	-178.4739
26.500000	100.402	-178.9391
26.900000	100.390	-179.5352
27.200001	100.379	-179.9554
27.600000	100.367	179.5159
28.000000	100.357	179.0010
28.500000	100.346	178.3355
29.000000	100.332	177.6252
29.500000	100.313	176.8855
30.000000	100.290	176.1457
30.400000	100.271	175.5676
30.700001	100.256	175.1461
31.100000	100.235	174.6053
31.500000	100.213	174.0967
32.000000	100.183	173.5156
32.500000	100.154	172.9877
33.000000	100.128	172.4796
33.500000	100.105	171.9533
34.000000	100.079	171.3989
34.500000	100.051	170.8377
35.000000	100.025	170.2895
35.500000	100.003	169.7470
36.000000	99.983	169.1951
36.500000	99.959	168.6491
37.000000	99.931	168.1494
37.500000	99.904	167.7101
38.200001	99.877	167.1142
38.700001	99.854	166.6478
39.500000	99.789	165.9221
40.000000	99.739	165.5478
40.599998	99.689	165.1140
41.200001	99.650	164.5773
41.799999	99.609	163.9447
42.500000	99.554	163.2497
43.099998	99.510	162.7689
43.700001	99.469	162.3604
44.400002	99.417	161.9004
45.000000	99.370	161.4706
45.500000	99.332	161.0670
46.200001	99.281	160.4549
46.799999	99.241	159.9529
47.500000	99.194	159.4623
48.200001	99.140	159.0589
48.700001	99.096	158.7768
49.400002	99.029	158.3269
50.000000	98.972	157.8872
50.799999	98.908	157.3134
51.500000	98.868	156.8763
52.200001	98.831	156.4728
53.000000	98.774	156.0202
53.799999	98.707	155.5659
54.500000	98.647	155.1593
55.200001	98.586	154.7729
56.000000	98.513	154.3746
57.000000	98.420	153.8768
58.000000	98.339	153.3882
59.000000	98.279	152.8756
60.000000	98.197	152.3021
60.799999	98.110	151.8981
61.500000	98.043	151.5833
62.200001	97.992	151.2618
63.000000	97.943	150.8909
64.000000	97.864	150.4857
65.000000	97.771	150.1489
66.000000	97.691	149.7918
67.000000	97.617	149.4201
68.000000	97.526	149.1561
69.000000	97.433	148.8898
70.000000	97.342	148.4678
71.000000	97.251	148.0508
72.000000	97.162	147.7904
73.000000	97.084	147.5910
74.000000	97.009	147.2709
75.000000	96.915	146.8836
76.199997	96.801	146.5393
77.500000	96.696	146.1950
78.800003	96.572	145.9573
80.000000	96.455	145.7487
81.199997	96.344	145.4338
82.500000	96.234	145.2238
83.800003	96.131	145.1305
85.000000	96.034	145.0210
86.199997	95.928	144.8288
87.500000	95.805	144.5476
88.500000	95.715	144.3771
90.000000	95.600	144.2607
91.199997	95.499	144.1768
92.500000	95.376	144.0371
93.800003	95.257	143.9499
95.000000	95.155	143.9105
96.199997	95.058	143.8201
97.500000	94.965	143.7148
98.800003	94.876	143.6989
100.000000	94.781	143.7527
101.500000	94.644	143.7961
103.000000	94.512	143.7521
104.400002	94.403	143.7639
106.000000	94.278	143.9022
107.500000	94.159	143.9949
109.000000	94.040	144.0852
110.599998	93.907	144.2628
112.000000	93.802	144.3742
113.800003	93.677	144.4899
115.000000	93.590	144.6115
117.199997	93.439	144.9364
118.000000	93.386	145.0820
120.599998	93.205	145.4594
122.000000	93.108	145.6838
124.099998	92.978	146.1422
125.000000	92.920	146.2872
126.500000	92.820	146.4997
128.000000	92.728	146.7765
131.500000	92.527	147.4493
132.000000	92.500	147.5269
134.000000	92.391	147.9141
136.000000	92.294	148.3945
138.000000	92.192	148.8311
140.000000	92.064	149.3082
143.000000	91.933	150.1553
145.000000	91.875	150.5338
147.500000	91.786	151.0600
150.000000	91.665	151.6883
152.500000	91.542	152.3762
155.000000	91.445	152.9626
157.500000	91.373	153.6382
160.000000	91.271	154.4796
162.500000	91.165	155.2477
165.000000	91.076	155.9793
167.500000	91.001	156.5998
170.000000	90.934	157.1374
172.500000	90.863	157.9236
175.000000	90.807	159.0058
177.500000	90.758	159.8764
180.000000	90.714	160.6006
182.500000	90.667	161.3373
185.000000	90.614	161.9678
187.500000	90.562	162.6003
190.000000	90.518	163.2769
192.500000	90.478	163.9493
195.000000	90.451	164.6766
197.500000	90.431	165.3478
200.000000	90.414	165.9710
203.000000	90.418	166.8726
206.000000	90.421	167.7137
209.000000	90.416	168.4244
212.000000	90.422	169.0870
214.000000	90.430	169.5005
218.000000	90.436	170.3640
220.000000	90.434	170.7710
224.000000	90.437	171.5397
227.000000	90.451	172.0294
230.000000	90.470	172.5761
233.000000	90.484	173.1302
236.000000	90.498	173.6595
240.000000	90.516	174.2698
243.000000	90.527	174.7789
247.000000	90.546	175.4873
250.000000	90.564	175.9400
254.000000	90.592	176.4815
258.000000	90.627	176.9869
262.000000	90.649	177.5850
265.000000	90.664	178.0346
269.000000	90.686	178.5187
272.000000	90.704	178.7730
276.000000	90.738	179.1541
280.000000	90.765	179.6016
285.000000	90.779	-179.7884
290.000000	90.805	-179.2933
295.000000	90.839	-178.9101
300.000000	90.886	-178.6231
304.000000	90.910	-178.3044
307.000000	90.925	-178.0104
311.000000	90.943	-177.5757
315.000000	90.961	-177.1956
320.000000	90.995	-176.8917
325.000000	91.024	-176.6377
330.000000	91.043	-176.3153
335.000000	91.071	-175.9121
340.000000	91.103	-175.6144
345.000000	91.126	-175.3586
350.000000	91.141	-175.0641
355.000000	91.153	-174.6876
360.000000	91.168	-174.2830
365.000000	91.187	-173.9535
370.000000	91.214	-173.6610
375.000000	91.244	-173.3918
382.000000	91.288	-173.0642
387.000000	91.315	-172.8681
395.000000	91.349	-172.5948
400.000000	91.367	-172.4158
406.000000	91.383	-172.1910
412.000000	91.398	-171.9734
418.000000	91.413	-171.7453
425.000000	91.425	-171.4695
431.000000	91.437	-171.2289
437.000000	91.448	-170.9843
444.000000	91.459	-170.7338
450.000000	91.469	-170.5344
455.000000	91.479	-170.3289
462.000000	91.494	-170.0503
468.000000	91.504	-169.8341
475.000000	91.512	-169.5854
482.000000	91.520	-169.3268
487.000000	91.526	-169.1434
494.000000	91.534	-168.8805
500.000000	91.540	-168.6541
508.000000	91.545	-168.3595
515.000000	91.550	-168.1085
522.000000	91.557	-167.8531
530.000000	91.560	-167.5557
538.000000	91.562	-167.2609
545.000000	91.567	-167.0101
552.000000	91.569	-166.7524
560.000000	91.568	-166.4221
570.000000	91.567	-166.0122
580.000000	91.566	-165.5872
590.000000	91.563	-165.1671
600.000000	91.563	-164.7508
608.000000	91.565	-164.4035
615.000000	91.564	-164.0900
622.000000	91.563	-163.7857
630.000000	91.563	-163.4359
640.000000	91.564	-162.9774
650.000000	91.567	-162.5102
660.000000	91.568	-162.0153
670.000000	91.568	-161.5076
680.000000	91.572	-160.9944
690.000000	91.576	-160.4926
700.000000	91.582	-159.9814
710.000000	91.588	-159.4441
720.000000	91.595	-158.9046
730.000000	91.604	-158.3523
740.000000	91.615	-157.7861
750.000000	91.627	-157.2211
762.000000	91.647	-156.5490
775.000000	91.668	-155.8048
788.000000	91.694	-155.0622
800.000000	91.717	-154.3571
812.000000	91.741	-153.6469
825.000000	91.771	-152.8663
838.000000	91.805	-152.0948
850.000000	91.839	-151.3817
862.000000	91.877	-150.6565
875.000000	91.924	-149.8760
885.000000	91.963	-149.2913
900.000000	92.028	-148.4287
912.000000	92.085	-147.7376
925.000000	92.150	-147.0101
938.000000	92.220	-146.3130
950.000000	92.288	-145.6884
962.000000	92.360	-145.0729
975.000000	92.443	-144.4330
988.000000	92.528	-143.8239
1000.000000	92.608	-143.2914
1015.000000	92.711	-142.6676
1030.000000	92.815	-142.0879
1044.000000	92.912	-141.5970
1060.000000	93.026	-141.0778
1075.000000	93.134	-140.6305
1090.000000	93.240	-140.2298
1106.000000	93.352	-139.8452
1120.000000	93.447	-139.5412
1138.000000	93.568	-139.1947
1150.000000	93.646	-138.9922
1172.000000	93.783	-138.6633
1180.000000	93.831	-138.5520
1206.000000	93.983	-138.2325
1220.000000	94.060	-138.0849
1241.000000	94.172	-137.8836
1250.000000	94.220	-137.8002
1265.000000	94.302	-137.6570
1280.000000	94.383	-137.5179
1315.000000	94.567	-137.2000
1320.000000	94.593	-137.1535
1340.000000	94.694	-136.9639
1360.000000	94.794	-136.7696
1380.000000	94.895	-136.5655
1400.000000	94.997	-136.3515
1430.000000	95.153	-136.0154
1450.000000	95.262	-135.7878
1475.000000	95.403	-135.5173
1500.000000	95.549	-135.2596
1525.000000	95.699	-135.0356
1550.000000	95.851	-134.8675
1575.000000	96.001	-134.7687
1600.000000	96.147	-134.7429
1625.000000	96.284	-134.7888
1650.000000	96.410	-134.8916
1675.000000	96.527	-135.0381
1700.000000	96.633	-135.2178
1725.000000	96.728	-135.4091
1750.000000	96.814	-135.5965
1775.000000	96.892	-135.7647
1800.000000	96.964	-135.9097
1825.000000	97.030	-136.0295
1850.000000	97.093	-136.1253
1875.000000	97.153	-136.1898
1900.000000	97.212	-136.2312
1925.000000	97.271	-136.2514
1950.000000	97.330	-136.2512
1975.000000	97.389	-136.2354
2000.000000	97.451	-136.2092
2030.000000	97.528	-136.1688
2060.000000	97.608	-136.1187
2090.000000	97.691	-136.0603
2120.000000	97.775	-136.0031
2140.000000	97.833	-135.9672
2180.000000	97.952	-135.9030
2200.000000	98.012	-135.8791
2240.000000	98.136	-135.8563
2270.000000	98.230	-135.8648
2300.000000	98.324	-135.8928
2330.000000	98.417	-135.9361
2360.000000	98.510	-135.9948
2400.000000	98.634	-136.0981
2430.000000	98.726	-136.1927
2470.000000	98.849	-136.3419
2500.000000	98.941	-136.4714
2540.000000	99.066	-136.6682
2580.000000	99.191	-136.8950
2620.000000	99.316	-137.1519
2650.000000	99.410	-137.3689
2690.000000	99.533	-137.6957
2720.000000	99.623	-137.9692
2760.000000	99.740	-138.3699
2800.000000	99.853	-138.8080
2850.000000	99.988	-139.3980
2900.000000	100.116	-140.0304
2950.000000	100.237	-140.7058
3000.000000	100.350	-141.4198
3040.000000	100.435	-142.0183
3070.000000	100.494	-142.4822
3110.000000	100.569	-143.1172
3150.000000	100.638	-143.7674
3200.000000	100.717	-144.6005
3250.000000	100.786	-145.4490
3300.000000	100.847	-146.3027
3350.000000	100.899	-147.1614
3400.000000	100.942	-148.0222
3450.000000	100.978	-148.8845
3500.000000	101.004	-149.7432
3550.000000	101.023	-150.5931
3600.000000	101.035	-151.4303
3650.000000	101.040	-152.2580
3700.000000	101.039	-153.0835
3750.000000	101.031	-153.8989
3820.000000	101.007	-155.0150
3870.000000	100.982	-155.7912
3950.000000	100.929	-156.9929
4000.000000	100.886	-157.7159
4060.000000	100.825	-158.5537
4120.000000	100.755	-159.3648
4180.000000	100.679	-160.1556
4250.000000	100.583	-161.0569
4310.000000	100.493	-161.8104
4370.000000	100.394	-162.5415
4440.000000	100.269	-163.3538
4500.000000	100.153	-164.0067
4550.000000	100.052	-164.5175
4620.000000	99.904	-165.1839
4680.000000	99.771	-165.7103
4750.000000	99.610	-166.2724
4820.000000	99.443	-166.7799
4870.000000	99.320	-167.1079
4940.000000	99.141	-167.5181
5000.000000	98.984	-167.8216
5080.000000	98.769	-168.1542
5150.000000	98.575	-168.3751
5220.000000	98.377	-168.5234
5300.000000	98.145	-168.5946
5380.000000	97.911	-168.5540
5450.000000	97.705	-168.4279
5520.000000	97.502	-168.2221
5600.000000	97.272	-167.8963
5700.000000	96.993	-167.3672
5800.000000	96.720	-166.7048
5900.000000	96.453	-165.9063
6000.000000	96.195	-164.9752
6080.000000	95.997	-164.1472
6150.000000	95.832	-163.3666
6220.000000	95.676	-162.5365
6300.000000	95.520	-161.5296
6400.000000	95.366	-160.1884
6500.000000	95.250	-158.8085
6600.000000	95.153	-157.4084
6700.000000	95.074	-155.9349
6800.000000	95.023	-154.4130
6900.000000	95.000	-152.8728
7000.000000	95.009	-151.3272
7100.000000	95.053	-149.8099
7200.000000	95.135	-148.3759
7300.000000	95.251	-147.0599
7400.000000	95.400	-145.8684
7500.000000	95.584	-144.8151
7620.000000	95.854	-143.7691
7750.000000	96.212	-142.9913
7880.000000	96.629	-142.6832
8000.000000	97.049	-142.8719
8120.000000	97.488	-143.6272
8250.000000	98.015	-145.2539
8380.000000	98.620	-148.0067
8500.000000	99.233	-151.9431
8620.000000	99.840	-157.6530
8750.000000	100.357	-166.1468
8850.000000	100.532	-174.1664
9000.000000	100.246	172.6395
9120.000000	99.511	162.6118
9250.000000	98.327	153.7102
9380.000000	96.940	147.3808
9500.000000	95.636	143.6353
9620.000000	94.399	141.4540
9750.000000	93.175	140.3542
9880.000000	92.080	140.1491
10000.000000	91.180	140.4995
10150.000000	90.192	141.4221
10300.000000	89.336	142.6953
10440.000000	88.639	144.0916
10600.000000	87.946	145.8574
10750.000000	87.386	147.6354
10900.000000	86.907	149.4709
11060.000000	86.478	151.4531
11200.000000	86.167	153.1869
11380.000000	85.847	155.3779
11500.000000	85.682	156.8045
11720.000000	85.477	159.3004
11800.000000	85.433	160.1547
12060.000000	85.397	162.6850
12200.000000	85.444	163.8828
12410.000000	85.615	165.4296
12500.000000	85.731	165.9784
12650.000000	85.987	166.7237
12800.000000	86.320	167.2460
13150.000000	87.415	167.3065
13200.000000	87.613	167.1476
13400.000000	88.537	165.9683
13600.000000	89.710	163.6494
13800.000000	91.217	159.6281
14000.000000	93.161	152.7997
14300.000000	96.815	132.6605
14500.000000	98.984	109.3023
14750.000000	99.800	71.0696
15000.000000	97.985	34.4505
15250.000000	94.899	7.5305
15500.000000	92.055	-11.7089
15750.000000	90.001	-27.8382
16000.000000	88.719	-43.7734
16250.000000	88.136	-60.9828
16500.000000	88.107	-80.3346
16750.000000	88.498	-102.5938
17000.000000	89.187	-128.5185
17250.000000	89.976	-158.7518
17500.000000	90.572	166.5277
17750.000000	90.673	127.9823
18000.000000	90.109	86.9279
18250.000000	88.930	44.5128
18500.000000	87.325	0.9702
18750.000000	85.475	-44.5361
19000.000000	83.467	-93.4334
19250.000000	81.265	-147.2129
19500.000000	78.751	152.6595
19750.000000	75.880	83.1560
20000.000000	73.483	10.0989
