* Measurement data measured by REW V5.31.3
* Source: USB-C to 3.5mm Headphone Jack Adapter, USB-C to 3.5mm Headphone Jack Adapter, 0, volume: 0.295
* Format: 256k Log Swept Sine, 4 sweeps at -12.0 dBFS with no timing reference
* Dated: Jul 8, 2025 11:34:15 PM
* REW Settings:
*  C-weighting compensation: Off
*  Target level: 75.0 dB
* Note: ; 
* Measurement: Truthear Pure Velvet R
* Smoothing: 1/24 octave
* Frequency Step: 1/48 octave
* Start Frequency: 20.300 Hz
*
* Freq(Hz)	SPL(dB)	Phase(degrees)
20.299999	100.895	-175.8389
20.600000	100.884	-176.1800
20.900000	100.871	-176.5379
21.200001	100.858	-176.8974
21.400000	100.850	-177.1436
21.799999	100.836	-177.6602
22.000000	100.828	-177.9294
22.400000	100.809	-178.4746
22.700001	100.790	-178.8719
23.000000	100.770	-179.2441
23.299999	100.749	-179.5845
23.600000	100.730	-179.8958
24.000000	100.712	179.7132
24.299999	100.704	179.4158
24.700001	100.698	178.9865
25.000000	100.692	178.6354
25.400000	100.677	178.1461
25.799999	100.653	177.6730
26.200001	100.620	177.2578
26.500000	100.594	176.9946
26.900000	100.563	176.6940
27.200001	100.542	176.4858
27.600000	100.519	176.2005
28.000000	100.496	175.8904
28.500000	100.464	175.4788
29.000000	100.429	175.0742
29.500000	100.395	174.6959
30.000000	100.364	174.3392
30.400000	100.342	174.0632
30.700001	100.327	173.8599
31.100000	100.310	173.5906
31.500000	100.294	173.3182
32.000000	100.273	172.9705
32.500000	100.246	172.6303
33.000000	100.209	172.3242
33.500000	100.169	172.0552
34.000000	100.130	171.7961
34.500000	100.096	171.5260
35.000000	100.067	171.2590
35.500000	100.042	171.0189
36.000000	100.023	170.7986
36.500000	100.002	170.5635
37.000000	99.973	170.2911
37.500000	99.933	169.9933
38.200001	99.874	169.5945
38.700001	99.840	169.3643
39.500000	99.798	169.1254
40.000000	99.770	169.0217
40.599998	99.728	168.8575
41.200001	99.681	168.5938
41.799999	99.645	168.2670
42.500000	99.624	167.9669
43.099998	99.609	167.8763
43.700001	99.574	167.8567
44.400002	99.500	167.6686
45.000000	99.437	167.2876
45.500000	99.414	166.9206
46.200001	99.430	166.6042
46.799999	99.429	166.6931
47.500000	99.345	166.9949
48.200001	99.186	166.5132
48.700001	99.046	165.4054
49.400002	98.923	164.1928
50.000000	99.141	165.1440
50.799999	100.020	167.6690
51.500000	100.651	167.8162
52.200001	100.537	166.5966
53.000000	99.707	166.2166
53.799999	99.038	166.5093
54.500000	98.899	165.6354
55.200001	98.915	164.7149
56.000000	98.939	164.8310
57.000000	98.887	165.1915
58.000000	98.784	164.7915
59.000000	98.768	164.4622
60.000000	98.764	164.5553
60.799999	98.733	164.5338
61.500000	98.688	164.2881
62.200001	98.644	164.0440
63.000000	98.609	163.9249
64.000000	98.569	163.8467
65.000000	98.524	163.7545
66.000000	98.495	163.7349
67.000000	98.467	163.6780
68.000000	98.413	163.5584
69.000000	98.360	163.4480
70.000000	98.316	163.3587
71.000000	98.271	163.3151
72.000000	98.228	163.2672
73.000000	98.191	163.2165
74.000000	98.158	163.1726
75.000000	98.124	163.1017
76.199997	98.076	163.0144
77.500000	98.014	163.0024
78.800003	97.948	162.9963
80.000000	97.893	162.8734
81.199997	97.862	162.8005
82.500000	97.843	162.8016
83.800003	97.807	162.8485
85.000000	97.770	162.8645
86.199997	97.728	162.8615
87.500000	97.681	162.8559
88.500000	97.645	162.8055
90.000000	97.593	162.7532
91.199997	97.565	162.6991
92.500000	97.533	162.6757
93.800003	97.504	162.7029
95.000000	97.469	162.7346
96.199997	97.418	162.7447
97.500000	97.355	162.7049
98.800003	97.324	162.8743
100.000000	97.328	163.0251
101.500000	97.336	162.8471
103.000000	97.371	162.5339
104.400002	97.320	162.6374
106.000000	97.219	163.0116
107.500000	97.172	163.1189
109.000000	97.139	163.2070
110.599998	97.096	163.2802
112.000000	97.065	163.2776
113.800003	97.027	163.2300
115.000000	97.001	163.2751
117.199997	96.944	163.4026
118.000000	96.920	163.3990
120.599998	96.851	163.3549
122.000000	96.816	163.3770
124.099998	96.806	163.8221
125.000000	96.802	164.0189
126.500000	96.784	164.0989
128.000000	96.777	163.9923
131.500000	96.723	163.9742
132.000000	96.720	163.9713
134.000000	96.707	164.0010
136.000000	96.679	164.0973
138.000000	96.654	164.0438
140.000000	96.622	164.1263
143.000000	96.568	164.2515
145.000000	96.537	164.2733
147.500000	96.506	164.3049
150.000000	96.475	164.3652
152.500000	96.424	164.4902
155.000000	96.378	164.6641
157.500000	96.366	164.8148
160.000000	96.352	164.8837
162.500000	96.322	164.9379
165.000000	96.289	165.0888
167.500000	96.268	165.1009
170.000000	96.235	165.1823
172.500000	96.198	165.3220
175.000000	96.161	165.4414
177.500000	96.120	165.5038
180.000000	96.081	165.5450
182.500000	96.049	165.6139
185.000000	96.023	165.7230
187.500000	95.997	165.8213
190.000000	95.972	165.9196
192.500000	95.947	166.0142
195.000000	95.918	166.1024
197.500000	95.892	166.2151
200.000000	95.871	166.3270
203.000000	95.848	166.3786
206.000000	95.826	166.4660
209.000000	95.794	166.5729
212.000000	95.759	166.6118
214.000000	95.743	166.6176
218.000000	95.722	166.7213
220.000000	95.715	166.8127
224.000000	95.679	166.9430
227.000000	95.644	167.0785
230.000000	95.616	167.2515
233.000000	95.587	167.4558
236.000000	95.563	167.6015
240.000000	95.550	167.7072
243.000000	95.524	167.7748
247.000000	95.467	167.8354
250.000000	95.447	167.9545
254.000000	95.431	168.1861
258.000000	95.424	168.4673
262.000000	95.389	168.5130
265.000000	95.356	168.5486
269.000000	95.319	168.6976
272.000000	95.298	168.9585
276.000000	95.312	169.3030
280.000000	95.319	169.2312
285.000000	95.259	169.1041
290.000000	95.219	169.2666
295.000000	95.199	169.5897
300.000000	95.171	169.8204
304.000000	95.141	169.9554
307.000000	95.123	170.0676
311.000000	95.096	170.0708
315.000000	95.053	169.9185
320.000000	95.020	170.0507
325.000000	95.009	170.2649
330.000000	94.967	170.5004
335.000000	94.942	170.8163
340.000000	94.941	170.8481
345.000000	94.915	170.8217
350.000000	94.874	170.9657
355.000000	94.838	171.1733
360.000000	94.808	171.3769
365.000000	94.784	171.5380
370.000000	94.765	171.6414
375.000000	94.742	171.7327
382.000000	94.703	171.9563
387.000000	94.673	172.1236
395.000000	94.632	172.3821
400.000000	94.605	172.5018
406.000000	94.566	172.7233
412.000000	94.540	172.9891
418.000000	94.521	173.1146
425.000000	94.486	173.3123
431.000000	94.451	173.5150
437.000000	94.422	173.7276
444.000000	94.384	173.9995
450.000000	94.352	174.2091
455.000000	94.327	174.3701
462.000000	94.293	174.5995
468.000000	94.266	174.7975
475.000000	94.234	175.0333
482.000000	94.202	175.2796
487.000000	94.180	175.4431
494.000000	94.149	175.6703
500.000000	94.120	175.8723
508.000000	94.079	176.1425
515.000000	94.044	176.3884
522.000000	94.010	176.6395
530.000000	93.970	176.9373
538.000000	93.931	177.2404
545.000000	93.897	177.5223
552.000000	93.863	177.8081
560.000000	93.824	178.1254
570.000000	93.776	178.5440
580.000000	93.730	178.9774
590.000000	93.685	179.4286
600.000000	93.639	179.8967
608.000000	93.602	-179.7218
615.000000	93.570	-179.3805
622.000000	93.539	-179.0341
630.000000	93.507	-178.6241
640.000000	93.469	-178.1048
650.000000	93.432	-177.5657
660.000000	93.396	-177.0403
670.000000	93.361	-176.4990
680.000000	93.329	-175.9383
690.000000	93.299	-175.3610
700.000000	93.270	-174.7728
710.000000	93.244	-174.1819
720.000000	93.220	-173.5702
730.000000	93.198	-172.9530
740.000000	93.177	-172.3545
750.000000	93.160	-171.7492
762.000000	93.141	-170.9760
775.000000	93.123	-170.1105
788.000000	93.116	-169.2253
800.000000	93.110	-168.4710
812.000000	93.105	-167.7006
825.000000	93.106	-166.8021
838.000000	93.110	-165.8962
850.000000	93.116	-165.0969
862.000000	93.126	-164.2976
875.000000	93.141	-163.4334
885.000000	93.159	-162.7768
900.000000	93.197	-161.7906
912.000000	93.232	-160.9938
925.000000	93.273	-160.1788
938.000000	93.321	-159.3869
950.000000	93.369	-158.6654
962.000000	93.420	-157.9553
975.000000	93.480	-157.2361
988.000000	93.546	-156.5612
1000.000000	93.610	-155.9481
1015.000000	93.693	-155.2269
1030.000000	93.777	-154.5659
1044.000000	93.859	-153.9935
1060.000000	93.954	-153.3900
1075.000000	94.043	-152.8698
1090.000000	94.132	-152.3915
1106.000000	94.224	-151.9390
1120.000000	94.304	-151.5845
1138.000000	94.408	-151.1737
1150.000000	94.475	-150.9339
1172.000000	94.592	-150.5233
1180.000000	94.633	-150.3873
1206.000000	94.760	-150.0167
1220.000000	94.823	-149.8467
1241.000000	94.914	-149.6105
1250.000000	94.952	-149.5156
1265.000000	95.016	-149.3689
1280.000000	95.079	-149.2271
1315.000000	95.217	-148.9137
1320.000000	95.236	-148.8691
1340.000000	95.307	-148.6810
1360.000000	95.373	-148.4864
1380.000000	95.434	-148.2914
1400.000000	95.493	-148.0814
1430.000000	95.578	-147.7467
1450.000000	95.633	-147.5088
1475.000000	95.698	-147.1855
1500.000000	95.764	-146.8416
1525.000000	95.829	-146.4904
1550.000000	95.894	-146.1311
1575.000000	95.961	-145.7445
1600.000000	96.026	-145.3487
1625.000000	96.089	-144.9489
1650.000000	96.151	-144.5348
1675.000000	96.215	-144.1141
1700.000000	96.283	-143.6917
1725.000000	96.352	-143.2800
1750.000000	96.423	-142.8601
1775.000000	96.497	-142.4365
1800.000000	96.574	-142.0204
1825.000000	96.655	-141.6133
1850.000000	96.738	-141.2149
1875.000000	96.824	-140.8246
1900.000000	96.912	-140.4438
1925.000000	97.003	-140.0765
1950.000000	97.098	-139.7236
1975.000000	97.195	-139.3833
2000.000000	97.296	-139.0622
2030.000000	97.422	-138.6985
2060.000000	97.554	-138.3645
2090.000000	97.689	-138.0658
2120.000000	97.827	-137.8013
2140.000000	97.921	-137.6477
2180.000000	98.112	-137.3917
2200.000000	98.210	-137.2902
2240.000000	98.408	-137.1475
2270.000000	98.558	-137.0961
2300.000000	98.709	-137.0953
2330.000000	98.861	-137.1456
2360.000000	99.013	-137.2469
2400.000000	99.217	-137.4656
2430.000000	99.368	-137.6934
2470.000000	99.566	-138.0939
2500.000000	99.713	-138.4602
2540.000000	99.906	-139.0276
2580.000000	100.094	-139.6900
2620.000000	100.273	-140.4533
2650.000000	100.401	-141.0910
2690.000000	100.562	-142.0209
2720.000000	100.675	-142.7748
2760.000000	100.816	-143.8579
2800.000000	100.941	-145.0319
2850.000000	101.072	-146.6118
2900.000000	101.171	-148.3067
2950.000000	101.232	-150.0793
3000.000000	101.253	-151.8747
3040.000000	101.240	-153.2950
3070.000000	101.213	-154.3317
3110.000000	101.154	-155.6518
3150.000000	101.072	-156.8709
3200.000000	100.943	-158.2088
3250.000000	100.795	-159.2985
3300.000000	100.638	-160.1287
3350.000000	100.487	-160.7311
3400.000000	100.349	-161.1678
3450.000000	100.226	-161.5128
3500.000000	100.114	-161.8199
3550.000000	100.006	-162.1090
3600.000000	99.898	-162.3711
3650.000000	99.789	-162.5863
3700.000000	99.680	-162.7337
3750.000000	99.575	-162.8111
3820.000000	99.439	-162.8469
3870.000000	99.348	-162.8504
3950.000000	99.207	-162.8247
4000.000000	99.119	-162.7796
4060.000000	99.012	-162.6893
4120.000000	98.908	-162.5578
4180.000000	98.809	-162.3909
4250.000000	98.703	-162.1685
4310.000000	98.620	-161.9746
4370.000000	98.546	-161.7972
4440.000000	98.466	-161.6220
4500.000000	98.401	-161.5127
4550.000000	98.350	-161.4529
4620.000000	98.277	-161.4268
4680.000000	98.210	-161.4596
4750.000000	98.124	-161.5392
4820.000000	98.027	-161.6358
4870.000000	97.951	-161.6960
4940.000000	97.837	-161.7535
5000.000000	97.734	-161.7757
5080.000000	97.592	-161.7560
5150.000000	97.462	-161.6873
5220.000000	97.329	-161.5606
5300.000000	97.173	-161.3298
5380.000000	97.018	-160.9962
5450.000000	96.887	-160.6156
5520.000000	96.765	-160.1669
5600.000000	96.640	-159.5945
5700.000000	96.509	-158.8526
5800.000000	96.397	-158.1610
5900.000000	96.296	-157.5893
6000.000000	96.190	-157.0611
6080.000000	96.099	-156.6234
6150.000000	96.016	-156.1885
6220.000000	95.938	-155.6786
6300.000000	95.864	-154.9883
6400.000000	95.815	-153.9605
6500.000000	95.813	-152.7731
6600.000000	95.858	-151.4639
6700.000000	95.958	-150.0917
6800.000000	96.119	-148.7246
6900.000000	96.347	-147.4328
7000.000000	96.650	-146.3013
7100.000000	97.033	-145.4398
7200.000000	97.500	-144.9776
7300.000000	98.052	-145.0736
7400.000000	98.693	-145.9817
7500.000000	99.394	-148.0543
7620.000000	100.240	-152.4417
7750.000000	101.009	-159.8723
7880.000000	101.363	-169.8127
8000.000000	101.061	-179.6777
8120.000000	100.105	173.4447
8250.000000	99.569	173.2347
8380.000000	99.882	165.7717
8500.000000	98.883	155.6248
8620.000000	97.338	150.5351
8750.000000	95.815	148.8547
8850.000000	94.822	148.8681
9000.000000	93.562	149.9543
9120.000000	92.713	151.3655
9250.000000	91.925	153.2021
9380.000000	91.257	155.2086
9500.000000	90.735	157.1084
9620.000000	90.297	158.9837
9750.000000	89.911	160.9080
9880.000000	89.611	162.6293
10000.000000	89.407	163.9559
10150.000000	89.243	165.1306
10300.000000	89.162	165.6156
10440.000000	89.140	165.3049
10600.000000	89.138	163.8908
10750.000000	89.105	161.4598
10900.000000	88.980	158.0972
11060.000000	88.695	153.9144
11200.000000	88.312	150.2273
11380.000000	87.687	145.9160
11500.000000	87.229	143.4091
11720.000000	86.376	139.5539
11800.000000	86.074	138.3715
12060.000000	85.181	135.2972
12200.000000	84.795	134.0675
12410.000000	84.399	132.4814
12500.000000	84.308	131.7887
12650.000000	84.267	130.5052
12800.000000	84.353	128.9603
13150.000000	84.982	123.8443
13200.000000	85.117	122.9017
13400.000000	85.771	118.4863
13600.000000	86.593	112.8068
13800.000000	87.561	105.5066
14000.000000	88.633	96.1884
14300.000000	90.272	77.5321
14500.000000	91.184	61.5230
14750.000000	91.775	37.9747
15000.000000	91.518	12.7345
15250.000000	90.527	-11.6370
15500.000000	89.117	-34.2609
15750.000000	87.498	-55.6148
16000.000000	85.721	-75.6786
16250.000000	84.097	-94.0875
16500.000000	82.956	-112.8433
16750.000000	82.173	-134.0118
17000.000000	81.596	-158.2448
17250.000000	81.219	174.0128
17500.000000	81.061	142.1837
17750.000000	81.054	105.6752
18000.000000	80.995	64.3410
18250.000000	80.616	18.8228
18500.000000	79.738	-29.9187
18750.000000	78.298	-81.2077
19000.000000	76.281	-134.8596
19250.000000	73.694	168.7996
19500.000000	70.576	108.8096
19750.000000	67.065	42.4114
20000.000000	64.157	-25.0249
