* Measurement data measured by REW V5.31.3
* Source: USB-C to 3.5mm Headphone Jack Adapter, USB-C to 3.5mm Headphone Jack Adapter, 0, volume: 0.295
* Format: 256k Log Swept Sine, 4 sweeps at -12.0 dBFS with no timing reference
* Dated: Nov 6, 2024 7:26:38 PM
* REW Settings:
*  C-weighting compensation: Off
*  Target level: 75.0 dB
* Note: ; 
* Measurement: Truthear Hexa Foam R
* Smoothing: 1/24 octave
* Frequency Step: 1/48 octave
* Start Frequency: 20.300 Hz
*
* Freq(Hz)	SPL(dB)	Phase(degrees)
20.299999	96.319	-4.6048
20.600000	96.299	-5.0521
20.900000	96.273	-5.5460
21.200001	96.242	-6.0504
21.400000	96.220	-6.3897
21.799999	96.173	-7.0662
22.000000	96.148	-7.3965
22.400000	96.094	-8.0198
22.700001	96.053	-8.4408
23.000000	96.014	-8.8193
23.299999	95.978	-9.1656
23.600000	95.948	-9.4985
24.000000	95.915	-9.9551
24.299999	95.891	-10.3195
24.700001	95.858	-10.8264
25.000000	95.828	-11.2040
25.400000	95.786	-11.6780
25.799999	95.742	-12.1089
26.200001	95.699	-12.5078
26.500000	95.667	-12.7951
26.900000	95.620	-13.1648
27.200001	95.584	-13.4273
27.600000	95.535	-13.7537
28.000000	95.491	-14.0683
28.500000	95.447	-14.4997
29.000000	95.407	-15.0151
29.500000	95.352	-15.5586
30.000000	95.280	-15.9964
30.400000	95.219	-16.2161
30.700001	95.178	-16.3238
31.100000	95.135	-16.4633
31.500000	95.102	-16.6837
32.000000	95.058	-17.1291
32.500000	94.996	-17.6799
33.000000	94.922	-18.1778
33.500000	94.857	-18.5423
34.000000	94.812	-18.8198
34.500000	94.781	-19.0938
35.000000	94.744	-19.3858
35.500000	94.693	-19.6559
36.000000	94.632	-19.8760
36.500000	94.571	-20.0761
37.000000	94.517	-20.3192
37.500000	94.466	-20.6424
38.200001	94.390	-21.1672
38.700001	94.330	-21.4897
39.500000	94.240	-21.8078
40.000000	94.194	-21.9393
40.599998	94.143	-22.1194
41.200001	94.085	-22.3315
41.799999	94.024	-22.5341
42.500000	93.960	-22.7469
43.099998	93.909	-22.9247
43.700001	93.859	-23.0939
44.400002	93.801	-23.2909
45.000000	93.750	-23.4884
45.500000	93.705	-23.6657
46.200001	93.639	-23.8822
46.799999	93.584	-24.0228
47.500000	93.519	-24.1545
48.200001	93.452	-24.2593
48.700001	93.406	-24.3294
49.400002	93.348	-24.4508
50.000000	93.302	-24.5769
50.799999	93.245	-24.7678
51.500000	93.192	-24.9716
52.200001	93.126	-25.1348
53.000000	93.050	-25.1781
53.799999	92.990	-25.2519
54.500000	92.928	-25.4343
55.200001	92.862	-25.5945
56.000000	92.807	-25.7154
57.000000	92.744	-25.7948
58.000000	92.657	-25.7630
59.000000	92.539	-26.1118
60.000000	92.402	-26.4327
60.799999	92.371	-26.3146
61.500000	92.389	-26.1856
62.200001	92.386	-26.1398
63.000000	92.335	-26.1392
64.000000	92.245	-26.2062
65.000000	92.173	-26.2655
66.000000	92.120	-26.2410
67.000000	92.061	-26.2104
68.000000	91.995	-26.2588
69.000000	91.925	-26.3193
70.000000	91.861	-26.2954
71.000000	91.807	-26.2673
72.000000	91.754	-26.3012
73.000000	91.694	-26.3236
74.000000	91.635	-26.2785
75.000000	91.578	-26.2064
76.199997	91.508	-26.1268
77.500000	91.435	-26.1083
78.800003	91.366	-26.1071
80.000000	91.309	-26.0596
81.199997	91.253	-26.0251
82.500000	91.186	-25.9616
83.800003	91.114	-25.8293
85.000000	91.053	-25.7451
86.199997	90.996	-25.6904
87.500000	90.939	-25.6059
88.500000	90.899	-25.5491
90.000000	90.835	-25.4834
91.199997	90.783	-25.3930
92.500000	90.728	-25.2609
93.800003	90.677	-25.1361
95.000000	90.631	-25.0569
96.199997	90.585	-24.9832
97.500000	90.537	-24.8765
98.800003	90.489	-24.7615
100.000000	90.445	-24.6560
101.500000	90.389	-24.5173
103.000000	90.337	-24.3776
104.400002	90.293	-24.2387
106.000000	90.236	-24.0616
107.500000	90.171	-23.9167
109.000000	90.106	-23.8029
110.599998	90.045	-23.6993
112.000000	89.997	-23.6396
113.800003	89.953	-23.5326
115.000000	89.932	-23.4104
117.199997	89.882	-23.0987
118.000000	89.859	-22.9710
120.599998	89.774	-22.7315
122.000000	89.735	-22.6650
124.099998	89.691	-22.4673
125.000000	89.666	-22.3244
126.500000	89.620	-22.1035
128.000000	89.588	-22.0033
131.500000	89.538	-21.6604
132.000000	89.527	-21.6141
134.000000	89.480	-21.4845
136.000000	89.439	-21.2744
138.000000	89.383	-21.0534
140.000000	89.329	-20.9406
143.000000	89.278	-20.5435
145.000000	89.250	-20.3480
147.500000	89.211	-20.0823
150.000000	89.173	-19.8489
152.500000	89.131	-19.6091
155.000000	89.093	-19.3775
157.500000	89.052	-19.1459
160.000000	89.015	-18.9071
162.500000	88.977	-18.6819
165.000000	88.933	-18.4546
167.500000	88.892	-18.2299
170.000000	88.850	-17.9466
172.500000	88.810	-17.6599
175.000000	88.779	-17.4390
177.500000	88.766	-17.1804
180.000000	88.764	-16.8589
182.500000	88.700	-16.7150
185.000000	88.633	-16.5824
187.500000	88.589	-16.3736
190.000000	88.553	-16.1590
192.500000	88.520	-15.9414
195.000000	88.489	-15.7052
197.500000	88.460	-15.4661
200.000000	88.434	-15.2634
203.000000	88.406	-15.0275
206.000000	88.380	-14.7498
209.000000	88.356	-14.4946
212.000000	88.326	-14.2406
214.000000	88.305	-14.0887
218.000000	88.267	-13.8029
220.000000	88.251	-13.6347
224.000000	88.222	-13.3202
227.000000	88.201	-13.0783
230.000000	88.182	-12.7929
233.000000	88.164	-12.5529
236.000000	88.138	-12.3404
240.000000	88.104	-12.0489
243.000000	88.086	-11.8265
247.000000	88.059	-11.5358
250.000000	88.040	-11.3085
254.000000	88.018	-11.0011
258.000000	87.989	-10.7111
262.000000	87.959	-10.4635
265.000000	87.944	-10.2544
269.000000	87.924	-9.9532
272.000000	87.903	-9.7643
276.000000	87.877	-9.5049
280.000000	87.855	-9.2140
285.000000	87.829	-8.8790
290.000000	87.800	-8.5597
295.000000	87.782	-8.2466
300.000000	87.776	-7.9401
304.000000	87.748	-7.6619
307.000000	87.725	-7.4554
311.000000	87.703	-7.1849
315.000000	87.685	-6.9261
320.000000	87.665	-6.6161
325.000000	87.644	-6.2948
330.000000	87.624	-5.9823
335.000000	87.604	-5.6699
340.000000	87.584	-5.3732
345.000000	87.565	-5.0868
350.000000	87.548	-4.7831
355.000000	87.533	-4.4873
360.000000	87.519	-4.2019
365.000000	87.501	-3.9033
370.000000	87.483	-3.6137
375.000000	87.466	-3.3327
382.000000	87.445	-2.9235
387.000000	87.430	-2.6154
395.000000	87.407	-2.1569
400.000000	87.393	-1.8796
406.000000	87.377	-1.5529
412.000000	87.362	-1.2181
418.000000	87.348	-0.8611
425.000000	87.328	-0.4814
431.000000	87.313	-0.1772
437.000000	87.300	0.1370
444.000000	87.284	0.5268
450.000000	87.271	0.8638
455.000000	87.259	1.1318
462.000000	87.243	1.5060
468.000000	87.231	1.8293
475.000000	87.217	2.1994
482.000000	87.203	2.5659
487.000000	87.193	2.8362
494.000000	87.179	3.2166
500.000000	87.168	3.5354
508.000000	87.154	3.9527
515.000000	87.142	4.3328
522.000000	87.131	4.7186
530.000000	87.118	5.1449
538.000000	87.105	5.5690
545.000000	87.094	5.9417
552.000000	87.085	6.3193
560.000000	87.073	6.7521
570.000000	87.059	7.2891
580.000000	87.045	7.8300
590.000000	87.033	8.3766
600.000000	87.021	8.9395
608.000000	87.013	9.3806
615.000000	87.006	9.7659
622.000000	87.000	10.1567
630.000000	86.993	10.6085
640.000000	86.986	11.1816
650.000000	86.984	11.7604
660.000000	86.982	12.3407
670.000000	86.975	12.9112
680.000000	86.969	13.4866
690.000000	86.967	14.0788
700.000000	86.967	14.6775
710.000000	86.969	15.2759
720.000000	86.973	15.8786
730.000000	86.977	16.4796
740.000000	86.983	17.0829
750.000000	86.991	17.6943
762.000000	87.001	18.4325
775.000000	87.016	19.2499
788.000000	87.034	20.0674
800.000000	87.052	20.8168
812.000000	87.069	21.5735
825.000000	87.088	22.4033
838.000000	87.112	23.2326
850.000000	87.139	23.9921
862.000000	87.169	24.7528
875.000000	87.206	25.5764
885.000000	87.238	26.2003
900.000000	87.292	27.1170
912.000000	87.338	27.8574
925.000000	87.392	28.6438
938.000000	87.452	29.4058
950.000000	87.511	30.0983
962.000000	87.572	30.7759
975.000000	87.643	31.4805
988.000000	87.718	32.1552
1000.000000	87.788	32.7552
1015.000000	87.878	33.4791
1030.000000	87.973	34.1485
1044.000000	88.067	34.7297
1060.000000	88.174	35.3532
1075.000000	88.274	35.8896
1090.000000	88.374	36.3830
1106.000000	88.481	36.8702
1120.000000	88.573	37.2572
1138.000000	88.689	37.7038
1150.000000	88.764	37.9703
1172.000000	88.900	38.4102
1180.000000	88.947	38.5562
1206.000000	89.095	38.9666
1220.000000	89.171	39.1707
1241.000000	89.280	39.4606
1250.000000	89.328	39.5750
1265.000000	89.406	39.7486
1280.000000	89.483	39.9088
1315.000000	89.654	40.2780
1320.000000	89.678	40.3303
1340.000000	89.766	40.5397
1360.000000	89.851	40.7537
1380.000000	89.932	40.9724
1400.000000	90.010	41.1929
1430.000000	90.123	41.5459
1450.000000	90.195	41.7916
1475.000000	90.284	42.1085
1500.000000	90.370	42.4498
1525.000000	90.454	42.8043
1550.000000	90.538	43.1652
1575.000000	90.622	43.5415
1600.000000	90.704	43.9303
1625.000000	90.782	44.3287
1650.000000	90.861	44.7280
1675.000000	90.940	45.1329
1700.000000	91.019	45.5420
1725.000000	91.100	45.9508
1750.000000	91.182	46.3661
1775.000000	91.267	46.7869
1800.000000	91.352	47.2072
1825.000000	91.440	47.6260
1850.000000	91.531	48.0424
1875.000000	91.623	48.4524
1900.000000	91.718	48.8556
1925.000000	91.815	49.2540
1950.000000	91.914	49.6453
1975.000000	92.017	50.0246
2000.000000	92.122	50.3996
2030.000000	92.253	50.8347
2060.000000	92.389	51.2536
2090.000000	92.527	51.6487
2120.000000	92.669	52.0185
2140.000000	92.766	52.2540
2180.000000	92.964	52.6909
2200.000000	93.065	52.8894
2240.000000	93.272	53.2450
2270.000000	93.430	53.4735
2300.000000	93.591	53.6681
2330.000000	93.754	53.8269
2360.000000	93.921	53.9421
2400.000000	94.146	54.0299
2430.000000	94.317	54.0457
2470.000000	94.548	53.9912
2500.000000	94.723	53.8903
2540.000000	94.960	53.6715
2580.000000	95.198	53.3519
2620.000000	95.436	52.9279
2650.000000	95.613	52.5381
2690.000000	95.846	51.9174
2720.000000	96.019	51.3752
2760.000000	96.243	50.5469
2800.000000	96.458	49.5933
2850.000000	96.714	48.2247
2900.000000	96.948	46.6619
2950.000000	97.155	44.9128
3000.000000	97.331	42.9951
3040.000000	97.444	41.3525
3070.000000	97.510	40.0716
3110.000000	97.573	38.3197
3150.000000	97.604	36.5463
3200.000000	97.599	34.3593
3250.000000	97.548	32.2759
3300.000000	97.457	30.3575
3350.000000	97.336	28.6333
3400.000000	97.195	27.1057
3450.000000	97.039	25.7646
3500.000000	96.873	24.5879
3550.000000	96.699	23.5620
3600.000000	96.518	22.6828
3650.000000	96.332	21.9499
3700.000000	96.143	21.3622
3750.000000	95.952	20.9173
3820.000000	95.687	20.5327
3870.000000	95.501	20.4201
3950.000000	95.217	20.4942
4000.000000	95.048	20.6876
4060.000000	94.854	21.0527
4120.000000	94.674	21.5427
4180.000000	94.512	22.1374
4250.000000	94.349	22.9363
4310.000000	94.231	23.6812
4370.000000	94.132	24.4542
4440.000000	94.041	25.3723
4500.000000	93.982	26.1525
4550.000000	93.946	26.7825
4620.000000	93.913	27.6202
4680.000000	93.897	28.2898
4750.000000	93.891	29.0068
4820.000000	93.895	29.6536
4870.000000	93.903	30.0756
4940.000000	93.918	30.6187
5000.000000	93.936	31.0476
5080.000000	93.965	31.5778
5150.000000	93.997	32.0078
5220.000000	94.033	32.4133
5300.000000	94.081	32.8537
5380.000000	94.137	33.2706
5450.000000	94.195	33.6153
5520.000000	94.261	33.9363
5600.000000	94.348	34.2702
5700.000000	94.479	34.6244
5800.000000	94.633	34.8820
5900.000000	94.815	35.0097
6000.000000	95.024	34.9687
6080.000000	95.213	34.7873
6150.000000	95.395	34.4936
6220.000000	95.593	34.0530
6300.000000	95.846	33.3403
6400.000000	96.206	32.0738
6500.000000	96.594	30.3077
6600.000000	96.986	27.9581
6700.000000	97.361	24.9425
6800.000000	97.692	21.2093
6900.000000	97.947	16.7674
7000.000000	98.090	11.7210
7100.000000	98.093	6.2800
7200.000000	97.944	0.7097
7300.000000	97.647	-4.7564
7400.000000	97.209	-9.9041
7500.000000	96.649	-14.5149
7620.000000	95.860	-19.1480
7750.000000	94.917	-23.0240
7880.000000	93.923	-25.7223
8000.000000	92.981	-27.2002
8120.000000	92.026	-27.8009
8250.000000	91.026	-27.6572
8380.000000	90.101	-26.9156
8500.000000	89.318	-25.8596
8620.000000	88.602	-24.5376
8750.000000	87.898	-22.8919
8850.000000	87.406	-21.5126
9000.000000	86.749	-19.2961
9120.000000	86.290	-17.4548
9250.000000	85.859	-15.4666
9380.000000	85.496	-13.5205
9500.000000	85.220	-11.7854
9620.000000	84.999	-10.1449
9750.000000	84.822	-8.5201
9880.000000	84.708	-7.1041
10000.000000	84.659	-6.0377
10150.000000	84.665	-5.1009
10300.000000	84.734	-4.6837
10440.000000	84.837	-4.8341
10600.000000	84.978	-5.6739
10750.000000	85.102	-7.0996
10900.000000	85.183	-9.0370
11060.000000	85.196	-11.2946
11200.000000	85.184	-13.0761
11380.000000	85.213	-15.2382
11500.000000	85.270	-16.7696
11720.000000	85.461	-19.9773
11800.000000	85.557	-21.3535
12060.000000	85.933	-26.9268
12200.000000	86.148	-30.6664
12410.000000	86.466	-37.2008
12500.000000	86.603	-40.3305
12650.000000	86.836	-46.0061
12800.000000	87.065	-52.3110
13150.000000	87.475	-69.8638
13200.000000	87.506	-72.7038
13400.000000	87.524	-84.8148
13600.000000	87.334	-97.8381
13800.000000	86.922	-111.2882
14000.000000	86.316	-124.7198
14300.000000	85.166	-144.2884
14500.000000	84.324	-156.8636
14750.000000	83.261	-172.0657
15000.000000	82.309	173.1168
15250.000000	81.535	157.9247
15500.000000	80.885	141.9514
15750.000000	80.321	125.2732
16000.000000	79.874	108.1485
16250.000000	79.700	91.2609
16500.000000	80.352	74.4655
16750.000000	82.063	51.8634
17000.000000	83.106	19.4988
17250.000000	82.900	-16.2019
17500.000000	82.048	-52.3522
17750.000000	80.765	-89.2891
18000.000000	79.067	-127.3502
18250.000000	77.020	-166.8870
18500.000000	74.673	151.3452
18750.000000	72.003	106.4655
19000.000000	68.948	57.6992
19250.000000	65.454	4.1650
19500.000000	61.461	-54.9185
19750.000000	56.965	-121.8707
20000.000000	52.972	164.4755
