* Measurement data measured by REW V5.31.3
* Source: USB-C to 3.5mm Headphone Jack Adapter, USB-C to 3.5mm Headphone Jack Adapter, 0, volume: 0.295
* Format: 256k Log Swept Sine, 4 sweeps at -12.0 dBFS with no timing reference
* Dated: Apr 14, 2025 10:44:05 PM
* REW Settings:
*  C-weighting compensation: Off
*  Target level: 75.0 dB
* Note: ; 
* Measurement: Truthear Blue2 Stock L
* Smoothing: 1/24 octave
* Frequency Step: 1/48 octave
* Start Frequency: 20.300 Hz
*
* Freq(Hz)	SPL(dB)	Phase(degrees)
20.299999	100.465	-168.3783
20.600000	100.473	-168.9073
20.900000	100.478	-169.4780
21.200001	100.481	-170.0550
21.400000	100.484	-170.4444
21.799999	100.488	-171.2349
22.000000	100.490	-171.6325
22.400000	100.492	-172.4175
22.700001	100.491	-172.9851
23.000000	100.489	-173.5283
23.299999	100.485	-174.0483
23.600000	100.479	-174.5527
24.000000	100.469	-175.2200
24.299999	100.460	-175.7291
24.700001	100.446	-176.4269
25.000000	100.433	-176.9599
25.400000	100.417	-177.6652
25.799999	100.404	-178.3417
26.200001	100.400	-178.9780
26.500000	100.402	-179.4344
26.900000	100.410	179.9664
27.200001	100.415	179.5133
27.600000	100.415	178.9050
28.000000	100.401	178.3148
28.500000	100.368	177.6476
29.000000	100.333	177.0640
29.500000	100.312	176.4926
30.000000	100.300	175.8524
30.400000	100.290	175.2878
30.700001	100.277	174.8583
31.100000	100.254	174.3141
31.500000	100.228	173.8244
32.000000	100.199	173.2716
32.500000	100.175	172.7301
33.000000	100.150	172.1678
33.500000	100.118	171.6069
34.000000	100.080	171.0850
34.500000	100.044	170.6028
35.000000	100.014	170.1135
35.500000	99.988	169.5688
36.000000	99.960	168.9720
36.500000	99.925	168.3837
37.000000	99.892	167.8640
37.500000	99.867	167.4110
38.200001	99.843	166.7792
38.700001	99.819	166.2924
39.500000	99.755	165.5696
40.000000	99.711	165.2005
40.599998	99.670	164.7823
41.200001	99.634	164.3239
41.799999	99.597	163.8323
42.500000	99.553	163.2403
43.099998	99.515	162.6936
43.700001	99.471	162.1255
44.400002	99.412	161.5248
45.000000	99.364	161.0780
45.500000	99.326	160.7039
46.200001	99.261	160.1419
46.799999	99.193	159.7037
47.500000	99.128	159.3204
48.200001	99.104	158.9143
48.700001	99.097	158.4972
49.400002	99.060	157.8188
50.000000	98.990	157.3581
50.799999	98.889	157.0135
51.500000	98.822	156.7215
52.200001	98.769	156.2632
53.000000	98.711	155.6344
53.799999	98.647	155.0797
54.500000	98.585	154.7214
55.200001	98.518	154.4484
56.000000	98.447	154.1638
57.000000	98.380	153.7391
58.000000	98.314	153.1814
59.000000	98.226	152.6707
60.000000	98.149	152.1549
60.799999	98.084	151.7050
61.500000	98.021	151.4066
62.200001	97.956	151.1653
63.000000	97.874	150.8416
64.000000	97.767	150.4012
65.000000	97.692	149.9752
66.000000	97.623	149.5883
67.000000	97.533	149.3165
68.000000	97.440	148.9901
69.000000	97.353	148.5527
70.000000	97.269	148.1784
71.000000	97.181	147.9415
72.000000	97.090	147.7187
73.000000	97.002	147.3912
74.000000	96.915	147.0556
75.000000	96.828	146.8167
76.199997	96.723	146.5767
77.500000	96.614	146.2684
78.800003	96.506	145.9369
80.000000	96.393	145.6367
81.199997	96.274	145.4328
82.500000	96.166	145.3879
83.800003	96.058	145.2055
85.000000	95.947	144.9201
86.199997	95.842	144.6830
87.500000	95.729	144.5260
88.500000	95.647	144.4086
90.000000	95.527	144.2415
91.199997	95.429	144.1600
92.500000	95.313	144.0491
93.800003	95.203	143.9795
95.000000	95.107	143.9612
96.199997	95.008	143.9122
97.500000	94.893	143.8141
98.800003	94.780	143.7822
100.000000	94.681	143.8174
101.500000	94.559	143.7789
103.000000	94.442	143.7601
104.400002	94.349	143.9336
106.000000	94.234	143.9824
107.500000	94.100	144.0331
109.000000	93.972	144.1675
110.599998	93.846	144.2342
112.000000	93.739	144.3687
113.800003	93.600	144.5137
115.000000	93.518	144.5523
117.199997	93.373	144.8670
118.000000	93.317	145.0343
120.599998	93.111	145.4326
122.000000	92.996	145.6721
124.099998	92.853	146.1275
125.000000	92.797	146.3243
126.500000	92.709	146.6566
128.000000	92.628	147.0319
131.500000	92.453	147.9260
132.000000	92.429	148.0376
134.000000	92.330	148.5614
136.000000	92.221	149.1132
138.000000	92.119	149.3343
140.000000	92.058	149.5599
143.000000	91.893	150.4806
145.000000	91.771	150.8908
147.500000	91.678	151.3674
150.000000	91.546	151.7837
152.500000	91.465	152.6192
155.000000	91.406	153.4621
157.500000	91.321	154.2065
160.000000	91.240	154.8865
162.500000	91.166	155.6312
165.000000	91.080	156.2809
167.500000	90.993	156.9368
170.000000	90.917	157.6013
172.500000	90.855	158.3369
175.000000	90.805	159.0887
177.500000	90.747	159.8393
180.000000	90.689	160.5648
182.500000	90.633	161.1895
185.000000	90.582	161.8883
187.500000	90.537	162.5881
190.000000	90.490	163.2874
192.500000	90.456	164.0950
195.000000	90.425	164.8671
197.500000	90.405	165.6057
200.000000	90.404	166.3520
203.000000	90.408	167.1433
206.000000	90.416	167.8899
209.000000	90.427	168.6112
212.000000	90.434	169.1274
214.000000	90.447	169.4689
218.000000	90.464	170.2841
220.000000	90.458	170.7054
224.000000	90.466	171.4221
227.000000	90.482	171.9954
230.000000	90.495	172.5286
233.000000	90.505	173.0280
236.000000	90.510	173.5031
240.000000	90.515	174.1917
243.000000	90.521	174.6294
247.000000	90.547	175.1053
250.000000	90.572	175.5556
254.000000	90.613	176.1295
258.000000	90.617	176.6066
262.000000	90.622	177.0459
265.000000	90.640	177.4574
269.000000	90.662	177.9872
272.000000	90.683	178.2688
276.000000	90.711	178.7189
280.000000	90.738	179.1391
285.000000	90.774	179.6751
290.000000	90.809	-179.8880
295.000000	90.834	-179.5088
300.000000	90.863	-179.0847
304.000000	90.888	-178.7007
307.000000	90.904	-178.4536
311.000000	90.922	-178.1698
315.000000	90.940	-177.9137
320.000000	90.959	-177.5955
325.000000	90.977	-177.2592
330.000000	91.000	-176.8837
335.000000	91.025	-176.4981
340.000000	91.049	-176.1314
345.000000	91.076	-175.8190
350.000000	91.101	-175.5726
355.000000	91.121	-175.3257
360.000000	91.138	-175.1054
365.000000	91.157	-174.8750
370.000000	91.174	-174.6309
375.000000	91.189	-174.4016
382.000000	91.207	-174.0813
387.000000	91.218	-173.8400
395.000000	91.231	-173.4750
400.000000	91.240	-173.2263
406.000000	91.248	-172.9419
412.000000	91.260	-172.6455
418.000000	91.279	-172.3244
425.000000	91.302	-171.9807
431.000000	91.317	-171.7215
437.000000	91.332	-171.4704
444.000000	91.350	-171.1741
450.000000	91.364	-170.9213
455.000000	91.373	-170.7520
462.000000	91.382	-170.5242
468.000000	91.390	-170.3271
475.000000	91.399	-170.0785
482.000000	91.405	-169.8197
487.000000	91.409	-169.6293
494.000000	91.417	-169.3551
500.000000	91.423	-169.1282
508.000000	91.428	-168.8295
515.000000	91.432	-168.5636
522.000000	91.437	-168.3054
530.000000	91.439	-167.9978
538.000000	91.440	-167.6968
545.000000	91.442	-167.4279
552.000000	91.443	-167.1474
560.000000	91.444	-166.8251
570.000000	91.446	-166.4240
580.000000	91.448	-166.0074
590.000000	91.447	-165.5813
600.000000	91.447	-165.1649
608.000000	91.447	-164.8183
615.000000	91.447	-164.5061
622.000000	91.446	-164.1934
630.000000	91.446	-163.8311
640.000000	91.446	-163.3883
650.000000	91.448	-162.9406
660.000000	91.450	-162.4340
670.000000	91.452	-161.9317
680.000000	91.454	-161.4351
690.000000	91.458	-160.9350
700.000000	91.462	-160.4283
710.000000	91.466	-159.9108
720.000000	91.473	-159.3795
730.000000	91.481	-158.8370
740.000000	91.488	-158.2831
750.000000	91.498	-157.7200
762.000000	91.513	-157.0412
775.000000	91.532	-156.2843
788.000000	91.555	-155.5152
800.000000	91.578	-154.7922
812.000000	91.602	-154.0661
825.000000	91.630	-153.2794
838.000000	91.663	-152.4938
850.000000	91.699	-151.7682
862.000000	91.738	-151.0534
875.000000	91.785	-150.2818
885.000000	91.824	-149.6908
900.000000	91.888	-148.8168
912.000000	91.944	-148.1275
925.000000	92.010	-147.3995
938.000000	92.081	-146.6896
950.000000	92.149	-146.0561
962.000000	92.220	-145.4522
975.000000	92.301	-144.8255
988.000000	92.385	-144.2245
1000.000000	92.465	-143.7006
1015.000000	92.567	-143.0829
1030.000000	92.671	-142.5039
1044.000000	92.771	-142.0060
1060.000000	92.884	-141.4908
1075.000000	92.989	-141.0524
1090.000000	93.093	-140.6531
1106.000000	93.203	-140.2767
1120.000000	93.298	-139.9821
1138.000000	93.417	-139.6419
1150.000000	93.494	-139.4402
1172.000000	93.630	-139.1179
1180.000000	93.678	-139.0109
1206.000000	93.825	-138.7006
1220.000000	93.901	-138.5507
1241.000000	94.011	-138.3426
1250.000000	94.058	-138.2588
1265.000000	94.137	-138.1226
1280.000000	94.216	-137.9873
1315.000000	94.393	-137.6630
1320.000000	94.418	-137.6147
1340.000000	94.516	-137.4130
1360.000000	94.613	-137.2067
1380.000000	94.711	-136.9932
1400.000000	94.810	-136.7595
1430.000000	94.962	-136.3904
1450.000000	95.068	-136.1360
1475.000000	95.205	-135.8229
1500.000000	95.346	-135.5318
1525.000000	95.491	-135.2756
1550.000000	95.639	-135.0775
1575.000000	95.788	-134.9481
1600.000000	95.932	-134.8920
1625.000000	96.068	-134.9089
1650.000000	96.194	-134.9873
1675.000000	96.310	-135.1109
1700.000000	96.416	-135.2674
1725.000000	96.512	-135.4343
1750.000000	96.598	-135.5962
1775.000000	96.676	-135.7539
1800.000000	96.748	-135.8856
1825.000000	96.814	-135.9853
1850.000000	96.876	-136.0582
1875.000000	96.937	-136.1044
1900.000000	96.996	-136.1257
1925.000000	97.055	-136.1269
1950.000000	97.114	-136.1103
1975.000000	97.174	-136.0799
2000.000000	97.236	-136.0392
2030.000000	97.314	-135.9784
2060.000000	97.394	-135.9103
2090.000000	97.475	-135.8360
2120.000000	97.559	-135.7630
2140.000000	97.616	-135.7166
2180.000000	97.733	-135.6315
2200.000000	97.792	-135.5945
2240.000000	97.913	-135.5382
2270.000000	98.005	-135.5113
2300.000000	98.098	-135.4994
2330.000000	98.192	-135.5029
2360.000000	98.287	-135.5232
2400.000000	98.414	-135.5789
2430.000000	98.509	-135.6431
2470.000000	98.636	-135.7571
2500.000000	98.732	-135.8633
2540.000000	98.861	-136.0360
2580.000000	98.990	-136.2431
2620.000000	99.118	-136.4868
2650.000000	99.213	-136.6937
2690.000000	99.338	-137.0010
2720.000000	99.430	-137.2550
2760.000000	99.550	-137.6268
2800.000000	99.667	-138.0372
2850.000000	99.809	-138.5982
2900.000000	99.944	-139.2158
2950.000000	100.072	-139.8861
3000.000000	100.192	-140.6050
3040.000000	100.281	-141.2139
3070.000000	100.345	-141.6875
3110.000000	100.424	-142.3386
3150.000000	100.497	-143.0110
3200.000000	100.579	-143.8771
3250.000000	100.652	-144.7647
3300.000000	100.714	-145.6640
3350.000000	100.765	-146.5748
3400.000000	100.805	-147.4877
3450.000000	100.835	-148.3967
3500.000000	100.855	-149.2982
3550.000000	100.865	-150.1880
3600.000000	100.866	-151.0625
3650.000000	100.858	-151.9162
3700.000000	100.841	-152.7479
3750.000000	100.817	-153.5529
3820.000000	100.771	-154.6309
3870.000000	100.730	-155.3651
3950.000000	100.651	-156.4746
4000.000000	100.592	-157.1249
4060.000000	100.511	-157.8603
4120.000000	100.420	-158.5459
4180.000000	100.324	-159.1823
4250.000000	100.205	-159.8587
4310.000000	100.098	-160.3813
4370.000000	99.988	-160.8523
4440.000000	99.856	-161.3363
4500.000000	99.741	-161.6999
4550.000000	99.644	-161.9693
4620.000000	99.508	-162.2991
4680.000000	99.390	-162.5441
4750.000000	99.250	-162.7927
4820.000000	99.109	-163.0006
4870.000000	99.007	-163.1225
4940.000000	98.862	-163.2527
5000.000000	98.737	-163.3225
5080.000000	98.569	-163.3561
5150.000000	98.423	-163.3348
5220.000000	98.276	-163.2665
5300.000000	98.109	-163.1345
5380.000000	97.941	-162.9457
5450.000000	97.794	-162.7324
5520.000000	97.647	-162.4740
5600.000000	97.480	-162.1153
5700.000000	97.273	-161.5555
5800.000000	97.074	-160.8599
5900.000000	96.888	-160.0417
6000.000000	96.719	-159.1297
6080.000000	96.596	-158.3527
6150.000000	96.498	-157.6505
6220.000000	96.411	-156.9339
6300.000000	96.330	-156.1021
6400.000000	96.265	-155.0327
6500.000000	96.232	-153.9134
6600.000000	96.226	-152.7826
6700.000000	96.244	-151.6868
6800.000000	96.283	-150.6262
6900.000000	96.346	-149.5980
7000.000000	96.437	-148.6164
7100.000000	96.559	-147.7142
7200.000000	96.716	-146.9478
7300.000000	96.902	-146.3618
7400.000000	97.117	-145.9700
7500.000000	97.360	-145.7836
7620.000000	97.693	-145.8671
7750.000000	98.112	-146.4521
7880.000000	98.575	-147.7352
8000.000000	99.009	-149.6074
8120.000000	99.427	-152.2386
8250.000000	99.881	-156.1421
8380.000000	100.329	-161.4328
8500.000000	100.685	-167.8400
8620.000000	100.886	-175.8298
8750.000000	100.787	174.0891
8850.000000	100.411	165.9598
9000.000000	99.352	154.7080
9120.000000	98.178	147.5459
9250.000000	96.756	142.0768
9380.000000	95.326	138.7734
9500.000000	94.083	137.2104
9620.000000	92.947	136.6575
9750.000000	91.841	136.8290
9880.000000	90.857	137.5381
10000.000000	90.048	138.5230
10150.000000	89.162	140.0507
10300.000000	88.397	141.7475
10440.000000	87.772	143.3971
10600.000000	87.143	145.3608
10750.000000	86.636	147.2635
10900.000000	86.202	149.1469
11060.000000	85.807	151.1167
11200.000000	85.515	152.8131
11380.000000	85.209	154.9477
11500.000000	85.046	156.3322
11720.000000	84.831	158.7397
11800.000000	84.778	159.5632
12060.000000	84.698	162.0339
12200.000000	84.712	163.2043
12410.000000	84.816	164.7041
12500.000000	84.894	165.2460
12650.000000	85.076	166.0008
12800.000000	85.316	166.5505
13150.000000	86.097	166.9271
13200.000000	86.237	166.8598
13400.000000	86.874	166.2209
13600.000000	87.657	164.8845
13800.000000	88.616	162.6609
14000.000000	89.794	159.2874
14300.000000	92.160	151.0250
14500.000000	94.279	141.7265
14750.000000	97.398	122.2327
15000.000000	99.991	90.7575
15250.000000	100.498	50.8361
15500.000000	98.648	13.5336
15750.000000	95.808	-15.1608
16000.000000	93.330	-37.6844
16250.000000	91.700	-58.1135
16500.000000	90.779	-79.0350
16750.000000	90.328	-101.8284
17000.000000	90.177	-127.2766
17250.000000	90.168	-155.8248
17500.000000	90.128	172.3900
17750.000000	89.895	137.5416
18000.000000	89.353	100.0443
18250.000000	88.467	60.2233
18500.000000	87.273	18.0581
18750.000000	85.825	-26.9675
19000.000000	84.151	-75.7852
19250.000000	82.228	-129.6104
19500.000000	79.981	170.2100
19750.000000	77.421	100.5208
20000.000000	75.351	28.2104
