* Measurement data measured by REW V5.31.3
* Source: USB-C to 3.5mm Headphone Jack Adapter, USB-C to 3.5mm Headphone Jack Adapter, 0, volume: 0.295
* Format: 256k Log Swept Sine, 4 sweeps at -12.0 dBFS with no timing reference
* Dated: Jul 8, 2025 11:28:47 PM
* REW Settings:
*  C-weighting compensation: Off
*  Target level: 75.0 dB
* Note: ; 
* Measurement: Truthear Pure ASMR L
* Smoothing: 1/24 octave
* Frequency Step: 1/48 octave
* Start Frequency: 20.300 Hz
*
* Freq(Hz)	SPL(dB)	Phase(degrees)
20.299999	100.897	-179.1064
20.600000	100.880	-179.4664
20.900000	100.858	-179.8643
21.200001	100.833	179.7194
21.400000	100.817	179.4323
21.799999	100.784	178.8450
22.000000	100.769	178.5517
22.400000	100.740	177.9815
22.700001	100.721	177.5770
23.000000	100.702	177.1973
23.299999	100.683	176.8442
23.600000	100.662	176.5165
24.000000	100.633	176.1090
24.299999	100.611	175.8115
24.700001	100.582	175.4010
25.000000	100.559	175.0719
25.400000	100.529	174.6085
25.799999	100.500	174.1429
26.200001	100.473	173.7080
26.500000	100.454	173.4126
26.900000	100.431	173.0577
27.200001	100.411	172.8146
27.600000	100.377	172.5135
28.000000	100.336	172.2295
28.500000	100.281	171.8638
29.000000	100.233	171.4309
29.500000	100.194	170.9380
30.000000	100.160	170.5090
30.400000	100.137	170.2921
30.700001	100.125	170.1939
31.100000	100.109	170.0743
31.500000	100.080	169.8807
32.000000	100.002	169.5142
32.500000	99.900	169.1266
33.000000	99.846	168.7298
33.500000	99.900	168.0401
34.000000	100.013	166.8289
34.500000	100.070	165.3995
35.000000	100.005	164.4976
35.500000	99.861	164.6640
36.000000	99.741	165.6639
36.500000	99.690	166.6281
37.000000	99.662	166.9174
37.500000	99.603	166.6107
38.200001	99.496	166.0046
38.700001	99.458	165.7190
39.500000	99.442	165.3505
40.000000	99.409	165.1778
40.599998	99.349	165.0834
41.200001	99.302	164.9538
41.799999	99.271	164.6393
42.500000	99.228	164.2184
43.099998	99.186	164.0262
43.700001	99.148	163.9184
44.400002	99.092	163.6335
45.000000	99.016	163.2617
45.500000	98.943	163.0273
46.200001	98.881	162.9455
46.799999	98.883	162.9185
47.500000	98.891	162.7137
48.200001	98.850	162.5417
48.700001	98.808	162.5896
49.400002	98.775	162.8150
50.000000	98.772	163.0470
50.799999	98.788	163.4220
51.500000	98.814	163.5832
52.200001	98.793	163.2476
53.000000	98.664	162.5122
53.799999	98.512	161.9420
54.500000	98.441	161.6011
55.200001	98.405	161.3678
56.000000	98.367	161.3323
57.000000	98.317	161.3698
58.000000	98.262	161.1747
59.000000	98.216	161.0234
60.000000	98.173	160.9827
60.799999	98.124	160.8833
61.500000	98.073	160.7517
62.200001	98.029	160.6663
63.000000	97.993	160.6600
64.000000	97.948	160.6367
65.000000	97.889	160.3447
66.000000	97.807	159.8583
67.000000	97.718	159.7289
68.000000	97.688	159.8105
69.000000	97.680	159.4757
70.000000	97.628	159.2301
71.000000	97.585	159.5528
72.000000	97.557	159.8766
73.000000	97.498	159.9515
74.000000	97.436	160.0124
75.000000	97.391	160.0763
76.199997	97.332	160.1003
77.500000	97.254	159.9618
78.800003	97.236	159.6168
80.000000	97.264	158.4594
81.199997	97.170	157.9378
82.500000	97.090	158.9617
83.800003	97.011	159.7206
85.000000	96.915	160.2011
86.199997	96.851	160.3958
87.500000	96.802	160.2924
88.500000	96.755	160.0212
90.000000	96.663	159.7952
91.199997	96.637	159.8772
92.500000	96.577	160.4706
93.800003	96.500	161.2501
95.000000	96.474	161.6563
96.199997	96.466	162.3936
97.500000	96.481	162.8783
98.800003	96.534	161.7902
100.000000	96.557	161.0298
101.500000	96.554	162.1509
103.000000	96.529	162.6992
104.400002	96.490	162.8374
106.000000	96.545	162.8712
107.500000	96.585	162.4391
109.000000	96.525	162.5086
110.599998	96.437	162.8060
112.000000	96.385	162.3378
113.800003	96.336	161.8387
115.000000	96.335	161.8562
117.199997	96.291	161.7356
118.000000	96.261	161.7265
120.599998	96.231	161.9612
122.000000	96.181	162.0447
124.099998	96.068	162.2545
125.000000	96.047	162.3023
126.500000	96.024	162.1864
128.000000	96.005	161.9673
131.500000	95.965	162.2401
132.000000	95.949	162.2416
134.000000	95.907	162.0831
136.000000	95.891	162.3446
138.000000	95.847	162.6049
140.000000	95.814	162.6570
143.000000	95.769	162.8303
145.000000	95.737	162.9741
147.500000	95.716	163.0618
150.000000	95.691	163.1746
152.500000	95.653	163.3001
155.000000	95.616	163.2134
157.500000	95.580	163.3804
160.000000	95.546	163.6690
162.500000	95.517	163.8685
165.000000	95.489	163.9619
167.500000	95.451	164.0385
170.000000	95.410	164.2085
172.500000	95.380	164.3486
175.000000	95.350	164.5042
177.500000	95.317	164.6030
180.000000	95.293	164.6435
182.500000	95.264	164.6913
185.000000	95.233	164.7937
187.500000	95.200	164.9268
190.000000	95.164	165.0244
192.500000	95.134	165.1106
195.000000	95.107	165.2168
197.500000	95.077	165.3253
200.000000	95.047	165.4354
203.000000	95.018	165.5527
206.000000	94.991	165.6684
209.000000	94.962	165.8012
212.000000	94.933	165.9102
214.000000	94.917	165.9781
218.000000	94.883	166.1119
220.000000	94.865	166.1978
224.000000	94.833	166.4158
227.000000	94.808	166.5432
230.000000	94.783	166.6444
233.000000	94.757	166.7415
236.000000	94.732	166.8730
240.000000	94.700	167.0241
243.000000	94.678	167.1311
247.000000	94.651	167.3089
250.000000	94.630	167.4313
254.000000	94.599	167.5974
258.000000	94.569	167.7721
262.000000	94.538	167.9157
265.000000	94.515	168.0224
269.000000	94.486	168.1833
272.000000	94.464	168.3065
276.000000	94.436	168.4651
280.000000	94.406	168.6115
285.000000	94.370	168.8096
290.000000	94.333	168.9780
295.000000	94.289	169.2275
300.000000	94.261	169.4409
304.000000	94.228	169.5168
307.000000	94.200	169.6717
311.000000	94.173	169.8915
315.000000	94.152	170.0247
320.000000	94.132	170.1371
325.000000	94.120	170.5537
330.000000	94.072	170.9772
335.000000	94.030	171.1473
340.000000	94.010	171.3852
345.000000	93.996	171.6538
350.000000	93.987	171.8825
355.000000	93.984	172.1142
360.000000	93.978	172.2823
365.000000	93.965	172.3944
370.000000	93.951	172.5054
375.000000	93.935	172.6082
382.000000	93.901	172.7346
387.000000	93.875	172.8803
395.000000	93.835	173.1023
400.000000	93.809	173.2186
406.000000	93.779	173.3951
412.000000	93.747	173.5821
418.000000	93.716	173.8030
425.000000	93.683	174.0385
431.000000	93.649	174.2582
437.000000	93.617	174.4901
444.000000	93.588	174.7146
450.000000	93.560	174.9172
455.000000	93.533	175.1061
462.000000	93.495	175.3610
468.000000	93.468	175.5570
475.000000	93.437	175.7944
482.000000	93.402	176.0465
487.000000	93.378	176.2248
494.000000	93.341	176.4744
500.000000	93.308	176.7200
508.000000	93.267	177.0625
515.000000	93.234	177.3550
522.000000	93.204	177.6363
530.000000	93.169	177.9783
538.000000	93.133	178.3430
545.000000	93.105	178.6508
552.000000	93.077	178.9709
560.000000	93.039	179.3356
570.000000	92.992	179.8011
580.000000	92.950	-179.7180
590.000000	92.910	-179.2327
600.000000	92.874	-178.7368
608.000000	92.845	-178.3134
615.000000	92.818	-177.9448
622.000000	92.793	-177.5860
630.000000	92.765	-177.1715
640.000000	92.731	-176.6357
650.000000	92.698	-176.0945
660.000000	92.670	-175.5408
670.000000	92.643	-174.9768
680.000000	92.617	-174.4036
690.000000	92.591	-173.8264
700.000000	92.568	-173.2356
710.000000	92.547	-172.6343
720.000000	92.528	-172.0227
730.000000	92.512	-171.4151
740.000000	92.497	-170.7920
750.000000	92.485	-170.1588
762.000000	92.473	-169.3988
775.000000	92.464	-168.5591
788.000000	92.459	-167.7084
800.000000	92.458	-166.9160
812.000000	92.458	-166.1235
825.000000	92.460	-165.2601
838.000000	92.468	-164.3839
850.000000	92.479	-163.5741
862.000000	92.495	-162.7906
875.000000	92.519	-161.9439
885.000000	92.541	-161.2948
900.000000	92.579	-160.3389
912.000000	92.616	-159.5834
925.000000	92.661	-158.7784
938.000000	92.711	-157.9950
950.000000	92.761	-157.2950
962.000000	92.815	-156.6161
975.000000	92.878	-155.9073
988.000000	92.944	-155.2331
1000.000000	93.008	-154.6402
1015.000000	93.090	-153.9443
1030.000000	93.175	-153.3013
1044.000000	93.258	-152.7451
1060.000000	93.351	-152.1470
1075.000000	93.439	-151.6351
1090.000000	93.527	-151.1797
1106.000000	93.620	-150.7397
1120.000000	93.699	-150.3908
1138.000000	93.799	-149.9934
1150.000000	93.863	-149.7531
1172.000000	93.973	-149.3522
1180.000000	94.012	-149.2183
1206.000000	94.133	-148.8236
1220.000000	94.194	-148.6344
1241.000000	94.282	-148.3775
1250.000000	94.320	-148.2760
1265.000000	94.383	-148.1122
1280.000000	94.445	-147.9519
1315.000000	94.580	-147.5863
1320.000000	94.598	-147.5318
1340.000000	94.668	-147.3093
1360.000000	94.734	-147.0875
1380.000000	94.798	-146.8724
1400.000000	94.857	-146.6387
1430.000000	94.942	-146.2570
1450.000000	95.000	-145.9997
1475.000000	95.069	-145.6581
1500.000000	95.137	-145.2782
1525.000000	95.203	-144.9142
1550.000000	95.270	-144.5332
1575.000000	95.338	-144.1504
1600.000000	95.404	-143.7478
1625.000000	95.466	-143.3104
1650.000000	95.525	-142.8806
1675.000000	95.588	-142.4631
1700.000000	95.651	-142.0148
1725.000000	95.716	-141.5688
1750.000000	95.783	-141.1187
1775.000000	95.854	-140.6534
1800.000000	95.929	-140.1488
1825.000000	96.002	-139.6033
1850.000000	96.084	-139.0373
1875.000000	96.183	-138.4827
1900.000000	96.301	-138.0351
1925.000000	96.422	-137.6996
1950.000000	96.545	-137.3637
1975.000000	96.663	-137.0760
2000.000000	96.772	-136.8278
2030.000000	96.909	-136.5319
2060.000000	97.045	-136.2022
2090.000000	97.172	-136.0521
2120.000000	97.304	-135.8943
2140.000000	97.395	-135.7663
2180.000000	97.585	-135.5442
2200.000000	97.685	-135.5040
2240.000000	97.893	-135.4864
2270.000000	98.037	-135.4524
2300.000000	98.171	-135.4941
2330.000000	98.308	-135.6035
2360.000000	98.445	-135.7623
2400.000000	98.625	-136.0486
2430.000000	98.757	-136.3194
2470.000000	98.926	-136.7453
2500.000000	99.047	-137.1151
2540.000000	99.199	-137.6642
2580.000000	99.337	-138.2567
2620.000000	99.459	-138.8647
2650.000000	99.542	-139.3089
2690.000000	99.641	-139.8503
2720.000000	99.712	-140.1956
2760.000000	99.812	-140.5669
2800.000000	99.930	-140.8577
2850.000000	100.125	-141.2403
2900.000000	100.376	-141.9998
2950.000000	100.635	-143.4888
3000.000000	100.817	-145.6267
3040.000000	100.880	-147.5094
3070.000000	100.885	-148.8822
3110.000000	100.847	-150.5687
3150.000000	100.774	-152.0492
3200.000000	100.653	-153.6046
3250.000000	100.514	-154.8588
3300.000000	100.369	-155.8459
3350.000000	100.228	-156.6205
3400.000000	100.095	-157.2441
3450.000000	99.967	-157.7689
3500.000000	99.842	-158.2299
3550.000000	99.716	-158.6253
3600.000000	99.588	-158.9354
3650.000000	99.459	-159.1440
3700.000000	99.331	-159.2479
3750.000000	99.209	-159.2553
3820.000000	99.054	-159.1340
3870.000000	98.956	-158.9893
3950.000000	98.817	-158.7195
4000.000000	98.735	-158.5387
4060.000000	98.637	-158.3007
4120.000000	98.544	-158.0410
4180.000000	98.457	-157.7578
4250.000000	98.365	-157.4062
4310.000000	98.295	-157.0992
4370.000000	98.235	-156.8001
4440.000000	98.176	-156.4955
4500.000000	98.130	-156.2989
4550.000000	98.092	-156.1845
4620.000000	98.034	-156.0826
4680.000000	97.978	-156.0218
4750.000000	97.907	-155.9534
4820.000000	97.828	-155.9092
4870.000000	97.768	-155.9166
4940.000000	97.676	-155.8894
5000.000000	97.591	-155.7937
5080.000000	97.471	-155.5717
5150.000000	97.359	-155.3277
5220.000000	97.247	-155.0400
5300.000000	97.123	-154.5814
5380.000000	97.004	-153.9951
5450.000000	96.909	-153.3913
5520.000000	96.829	-152.7005
5600.000000	96.756	-151.8251
5700.000000	96.700	-150.6728
5800.000000	96.689	-149.5438
5900.000000	96.715	-148.5273
6000.000000	96.768	-147.6785
6080.000000	96.822	-147.1123
6150.000000	96.875	-146.6817
6220.000000	96.935	-146.2946
6300.000000	97.020	-145.8797
6400.000000	97.164	-145.3636
6500.000000	97.345	-144.8372
6600.000000	97.568	-144.3178
6700.000000	97.843	-143.8569
6800.000000	98.181	-143.5496
6900.000000	98.592	-143.5292
7000.000000	99.082	-143.9629
7100.000000	99.649	-145.0679
7200.000000	100.277	-147.1297
7300.000000	100.928	-150.4159
7400.000000	101.549	-155.1243
7500.000000	102.056	-161.4331
7620.000000	102.349	-170.8422
7750.000000	102.107	177.9707
7880.000000	101.222	167.7493
8000.000000	99.875	161.2868
8120.000000	98.349	160.8417
8250.000000	97.673	163.6899
8380.000000	97.505	160.4032
8500.000000	96.709	155.4504
8620.000000	95.555	153.5334
8750.000000	94.421	153.9409
8850.000000	93.693	155.0084
9000.000000	92.791	157.1015
9120.000000	92.203	158.9581
9250.000000	91.680	160.9990
9380.000000	91.265	162.9507
9500.000000	90.970	164.5709
9620.000000	90.754	165.9231
9750.000000	90.599	166.9680
9880.000000	90.514	167.4356
10000.000000	90.481	167.2302
10150.000000	90.463	165.9885
10300.000000	90.410	163.6194
10440.000000	90.268	160.5212
10600.000000	89.941	156.3469
10750.000000	89.454	152.3849
10900.000000	88.822	148.9045
11060.000000	88.056	146.0741
11200.000000	87.371	144.4355
11380.000000	86.548	143.3936
11500.000000	86.076	143.2235
11720.000000	85.431	143.4998
11800.000000	85.273	143.6424
12060.000000	85.020	143.7756
12200.000000	85.042	143.4760
12410.000000	85.269	142.2124
12500.000000	85.429	141.3087
12650.000000	85.765	139.2946
12800.000000	86.171	136.6449
13150.000000	87.295	127.9293
13200.000000	87.469	126.3796
13400.000000	88.185	119.3696
13600.000000	88.906	110.9790
13800.000000	89.583	101.1371
14000.000000	90.162	89.8771
14300.000000	90.749	70.7667
14500.000000	90.922	56.9677
14750.000000	90.934	38.9488
15000.000000	90.748	20.1196
15250.000000	90.412	0.8134
15500.000000	90.085	-19.1996
15750.000000	89.892	-40.8052
16000.000000	89.909	-65.1651
16250.000000	90.088	-93.3663
16500.000000	90.103	-125.7983
16750.000000	89.574	-161.4672
17000.000000	88.320	162.0177
17250.000000	86.515	127.2597
17500.000000	84.856	94.7076
17750.000000	83.852	60.4316
18000.000000	82.693	22.5546
18250.000000	80.915	-16.8530
18500.000000	78.669	-56.7539
18750.000000	76.175	-97.8445
19000.000000	73.544	-141.4467
19250.000000	70.759	170.9923
19500.000000	67.738	117.8024
19750.000000	64.470	56.0317
20000.000000	61.816	-8.4524
