* Measurement data measured by REW V5.31.3
* Source: USB-C to 3.5mm Headphone Jack Adapter, USB-C to 3.5mm Headphone Jack Adapter, 0, volume: 0.295
* Format: 256k Log Swept Sine, 4 sweeps at -12.0 dBFS with no timing reference
* Dated: Nov 6, 2024 12:16:10 AM
* REW Settings:
*  C-weighting compensation: Off
*  Target level: 75.0 dB
* Note: ; 
* Measurement: L Truthear Hexa Nov 6
* Smoothing: 1/24 octave
* Frequency Step: 1/48 octave
* Start Frequency: 20.300 Hz
*
* Freq(Hz)	SPL(dB)	Phase(degrees)
20.299999	98.906	-5.6872
20.600000	98.876	-6.0769
20.900000	98.842	-6.4936
21.200001	98.810	-6.9142
21.400000	98.790	-7.1997
21.799999	98.753	-7.7858
22.000000	98.733	-8.0845
22.400000	98.691	-8.6796
22.700001	98.655	-9.1104
23.000000	98.615	-9.5177
23.299999	98.573	-9.8982
23.600000	98.531	-10.2552
24.000000	98.479	-10.7092
24.299999	98.444	-11.0451
24.700001	98.400	-11.4967
25.000000	98.368	-11.8375
25.400000	98.325	-12.2847
25.799999	98.279	-12.7111
26.200001	98.231	-13.1103
26.500000	98.195	-13.3938
26.900000	98.144	-13.7583
27.200001	98.106	-14.0268
27.600000	98.054	-14.3824
28.000000	98.003	-14.7356
28.500000	97.942	-15.1701
29.000000	97.886	-15.5956
29.500000	97.833	-16.0142
30.000000	97.778	-16.4210
30.400000	97.731	-16.7251
30.700001	97.693	-16.9325
31.100000	97.641	-17.1759
31.500000	97.589	-17.3851
32.000000	97.526	-17.6219
32.500000	97.469	-17.8637
33.000000	97.415	-18.1281
33.500000	97.362	-18.4085
34.000000	97.310	-18.6901
34.500000	97.258	-18.9628
35.000000	97.205	-19.2211
35.500000	97.149	-19.4583
36.000000	97.093	-19.6689
36.500000	97.037	-19.8555
37.000000	96.982	-20.0291
37.500000	96.929	-20.2027
38.200001	96.855	-20.4584
38.700001	96.801	-20.6450
39.500000	96.713	-20.9157
40.000000	96.662	-21.0550
40.599998	96.607	-21.2056
41.200001	96.555	-21.3623
41.799999	96.502	-21.5318
42.500000	96.436	-21.7361
43.099998	96.378	-21.9127
43.700001	96.321	-22.0792
44.400002	96.256	-22.2375
45.000000	96.199	-22.3472
45.500000	96.152	-22.4351
46.200001	96.085	-22.5581
46.799999	96.035	-22.6551
47.500000	95.983	-22.7434
48.200001	95.928	-22.7799
48.700001	95.884	-22.7912
49.400002	95.819	-22.8763
50.000000	95.762	-23.0416
50.799999	95.697	-23.2444
51.500000	95.657	-23.2990
52.200001	95.589	-23.1954
53.000000	95.450	-22.7045
53.799999	95.343	-22.0925
54.500000	95.328	-22.1698
55.200001	95.323	-22.8328
56.000000	95.288	-23.4300
57.000000	95.246	-23.4748
58.000000	95.190	-23.4662
59.000000	95.140	-23.6151
60.000000	95.100	-23.8763
60.799999	95.029	-23.8713
61.500000	94.961	-23.6631
62.200001	94.908	-23.4984
63.000000	94.858	-23.4861
64.000000	94.796	-23.5178
65.000000	94.736	-23.5078
66.000000	94.675	-23.5163
67.000000	94.618	-23.4945
68.000000	94.564	-23.4182
69.000000	94.506	-23.3445
70.000000	94.446	-23.3006
71.000000	94.394	-23.2428
72.000000	94.349	-23.1946
73.000000	94.299	-23.1756
74.000000	94.243	-23.1244
75.000000	94.191	-23.0414
76.199997	94.131	-22.9439
77.500000	94.071	-22.8421
78.800003	94.013	-22.7418
80.000000	93.961	-22.6259
81.199997	93.910	-22.5451
82.500000	93.855	-22.4644
83.800003	93.803	-22.3522
85.000000	93.754	-22.2491
86.199997	93.705	-22.1454
87.500000	93.653	-22.0292
88.500000	93.615	-21.9438
90.000000	93.560	-21.7921
91.199997	93.517	-21.6552
92.500000	93.471	-21.5395
93.800003	93.426	-21.4263
95.000000	93.387	-21.3022
96.199997	93.348	-21.1793
97.500000	93.304	-21.0462
98.800003	93.262	-20.9147
100.000000	93.225	-20.7950
101.500000	93.183	-20.6495
103.000000	93.140	-20.5156
104.400002	93.098	-20.3847
106.000000	93.050	-20.2188
107.500000	93.011	-20.0578
109.000000	92.974	-19.8950
110.599998	92.934	-19.7193
112.000000	92.900	-19.5607
113.800003	92.855	-19.3635
115.000000	92.825	-19.2423
117.199997	92.775	-19.0144
118.000000	92.756	-18.9156
120.599998	92.695	-18.5923
122.000000	92.672	-18.4719
124.099998	92.635	-18.2465
125.000000	92.618	-18.1507
126.500000	92.589	-17.9573
128.000000	92.561	-17.7545
131.500000	92.501	-17.4211
132.000000	92.495	-17.3656
134.000000	92.469	-17.1451
136.000000	92.435	-16.9784
138.000000	92.405	-16.8232
140.000000	92.378	-16.6519
143.000000	92.332	-16.3430
145.000000	92.304	-16.1384
147.500000	92.277	-15.9417
150.000000	92.248	-15.6805
152.500000	92.216	-15.3853
155.000000	92.191	-15.2122
157.500000	92.167	-15.0219
160.000000	92.139	-14.7778
162.500000	92.103	-14.5583
165.000000	92.064	-14.3663
167.500000	92.034	-14.1217
170.000000	91.999	-13.7578
172.500000	91.959	-13.6029
175.000000	91.939	-13.5729
177.500000	91.946	-13.9767
180.000000	91.963	-14.7451
182.500000	91.911	-13.7899
185.000000	91.847	-12.7424
187.500000	91.810	-12.4152
190.000000	91.779	-12.1391
192.500000	91.752	-11.8661
195.000000	91.724	-11.6524
197.500000	91.695	-11.4537
200.000000	91.668	-11.2266
203.000000	91.642	-10.9124
206.000000	91.623	-10.5824
209.000000	91.613	-10.3006
212.000000	91.612	-10.0624
214.000000	91.605	-9.8798
218.000000	91.579	-9.5354
220.000000	91.564	-9.4001
224.000000	91.539	-9.1361
227.000000	91.524	-8.9325
230.000000	91.503	-8.7188
233.000000	91.481	-8.4445
236.000000	91.476	-8.1339
240.000000	91.480	-7.7152
243.000000	91.467	-7.3761
247.000000	91.465	-6.9253
250.000000	91.485	-6.6229
254.000000	91.509	-6.4074
258.000000	91.527	-6.2836
262.000000	91.532	-6.1930
265.000000	91.525	-6.1802
269.000000	91.511	-6.1621
272.000000	91.495	-6.0871
276.000000	91.470	-5.9529
280.000000	91.447	-5.8089
285.000000	91.421	-5.5995
290.000000	91.397	-5.3754
295.000000	91.385	-5.1797
300.000000	91.384	-5.0008
304.000000	91.355	-4.7455
307.000000	91.331	-4.5315
311.000000	91.309	-4.2862
315.000000	91.294	-4.0918
320.000000	91.275	-3.8510
325.000000	91.256	-3.6109
330.000000	91.239	-3.3597
335.000000	91.221	-3.1164
340.000000	91.203	-2.8771
345.000000	91.185	-2.6352
350.000000	91.166	-2.3890
355.000000	91.150	-2.1625
360.000000	91.134	-1.9435
365.000000	91.117	-1.6591
370.000000	91.101	-1.3787
375.000000	91.085	-1.1170
382.000000	91.062	-0.7420
387.000000	91.046	-0.4565
395.000000	91.026	0.0221
400.000000	91.013	0.3051
406.000000	91.002	0.6365
412.000000	91.005	0.9669
418.000000	91.032	1.3028
425.000000	91.021	1.6943
431.000000	90.991	2.0223
437.000000	90.984	2.3316
444.000000	90.983	2.6588
450.000000	90.981	2.9067
455.000000	90.978	3.1024
462.000000	90.971	3.3781
468.000000	90.965	3.6197
475.000000	90.958	3.9032
482.000000	90.949	4.1907
487.000000	90.938	4.3974
494.000000	90.922	4.6977
500.000000	90.910	4.9637
508.000000	90.897	5.3163
515.000000	90.887	5.6280
522.000000	90.875	5.9538
530.000000	90.863	6.3314
538.000000	90.854	6.7130
545.000000	90.844	7.0445
552.000000	90.833	7.3776
560.000000	90.822	7.7668
570.000000	90.810	8.2535
580.000000	90.799	8.7290
590.000000	90.786	9.2339
600.000000	90.767	9.7916
608.000000	90.765	10.1595
615.000000	90.765	10.4757
622.000000	90.762	10.8197
630.000000	90.757	11.2307
640.000000	90.751	11.7457
650.000000	90.749	12.2623
660.000000	90.749	12.7842
670.000000	90.744	13.3190
680.000000	90.740	13.8539
690.000000	90.740	14.3948
700.000000	90.742	14.9445
710.000000	90.744	15.5071
720.000000	90.748	16.0799
730.000000	90.753	16.6366
740.000000	90.760	17.1980
750.000000	90.769	17.7720
762.000000	90.781	18.4748
775.000000	90.789	19.2689
788.000000	90.809	20.0347
800.000000	90.836	20.7165
812.000000	90.858	21.4247
825.000000	90.882	22.2077
838.000000	90.908	23.0053
850.000000	90.938	23.7180
862.000000	90.974	24.4221
875.000000	91.014	25.1932
885.000000	91.047	25.7774
900.000000	91.102	26.6333
912.000000	91.152	27.3296
925.000000	91.212	28.0711
938.000000	91.277	28.7865
950.000000	91.341	29.4263
962.000000	91.408	30.0419
975.000000	91.482	30.6863
988.000000	91.559	31.3060
1000.000000	91.635	31.8443
1015.000000	91.733	32.4603
1030.000000	91.832	33.0550
1044.000000	91.925	33.5880
1060.000000	92.035	34.1346
1075.000000	92.139	34.5956
1090.000000	92.243	35.0009
1106.000000	92.353	35.3817
1120.000000	92.448	35.6774
1138.000000	92.568	35.9976
1150.000000	92.645	36.1889
1172.000000	92.782	36.4939
1180.000000	92.829	36.5835
1206.000000	92.977	36.8201
1220.000000	93.052	36.9488
1241.000000	93.159	37.1029
1250.000000	93.204	37.1558
1265.000000	93.280	37.2344
1280.000000	93.355	37.3084
1315.000000	93.518	37.4752
1320.000000	93.540	37.4982
1340.000000	93.623	37.5886
1360.000000	93.702	37.6830
1380.000000	93.778	37.7816
1400.000000	93.848	37.9075
1430.000000	93.948	38.1190
1450.000000	94.012	38.2713
1475.000000	94.091	38.4758
1500.000000	94.165	38.6980
1525.000000	94.241	38.9455
1550.000000	94.314	39.2156
1575.000000	94.387	39.4980
1600.000000	94.459	39.7850
1625.000000	94.526	40.0862
1650.000000	94.593	40.4071
1675.000000	94.661	40.7369
1700.000000	94.731	41.0753
1725.000000	94.803	41.4219
1750.000000	94.877	41.7693
1775.000000	94.952	42.1097
1800.000000	95.028	42.4537
1825.000000	95.107	42.8057
1850.000000	95.189	43.1554
1875.000000	95.273	43.5001
1900.000000	95.359	43.8447
1925.000000	95.447	44.1824
1950.000000	95.540	44.4994
1975.000000	95.634	44.8090
2000.000000	95.732	45.1120
2030.000000	95.853	45.4561
2060.000000	95.979	45.7910
2090.000000	96.109	46.1141
2120.000000	96.242	46.4043
2140.000000	96.333	46.5817
2180.000000	96.519	46.9022
2200.000000	96.613	47.0425
2240.000000	96.807	47.2845
2270.000000	96.955	47.4261
2300.000000	97.106	47.5325
2330.000000	97.259	47.6028
2360.000000	97.414	47.6329
2400.000000	97.624	47.6055
2430.000000	97.784	47.5293
2470.000000	98.001	47.3551
2500.000000	98.165	47.1690
2540.000000	98.386	46.8342
2580.000000	98.608	46.3940
2620.000000	98.828	45.8486
2650.000000	98.992	45.3679
2690.000000	99.208	44.6313
2720.000000	99.366	43.9990
2760.000000	99.571	43.0468
2800.000000	99.765	41.9722
2850.000000	99.992	40.4573
2900.000000	100.197	38.7606
2950.000000	100.375	36.8940
3000.000000	100.522	34.8614
3040.000000	100.614	33.1322
3070.000000	100.666	31.7829
3110.000000	100.710	29.9274
3150.000000	100.723	28.0333
3200.000000	100.693	25.6574
3250.000000	100.609	23.3393
3300.000000	100.476	21.1625
3350.000000	100.299	19.2021
3400.000000	100.091	17.4933
3450.000000	99.863	16.0508
3500.000000	99.624	14.8655
3550.000000	99.378	13.9048
3600.000000	99.132	13.1311
3650.000000	98.886	12.5405
3700.000000	98.643	12.1359
3750.000000	98.404	11.8978
3820.000000	98.082	11.7971
3870.000000	97.861	11.8751
3950.000000	97.526	12.2343
4000.000000	97.326	12.5916
4060.000000	97.097	13.1520
4120.000000	96.884	13.8397
4180.000000	96.690	14.6274
4250.000000	96.492	15.6400
4310.000000	96.345	16.5514
4370.000000	96.215	17.4896
4440.000000	96.087	18.5809
4500.000000	95.996	19.4968
4550.000000	95.930	20.2537
4620.000000	95.851	21.2920
4680.000000	95.794	22.1572
4750.000000	95.740	23.1371
4820.000000	95.698	24.0837
4870.000000	95.675	24.7403
4940.000000	95.651	25.6353
5000.000000	95.638	26.3771
5080.000000	95.630	27.3442
5150.000000	95.633	28.1668
5220.000000	95.646	28.9765
5300.000000	95.673	29.8797
5380.000000	95.714	30.7612
5450.000000	95.763	31.5019
5520.000000	95.825	32.1940
5600.000000	95.910	32.9190
5700.000000	96.035	33.7209
5800.000000	96.182	34.4066
5900.000000	96.352	34.9632
6000.000000	96.548	35.3619
6080.000000	96.722	35.5466
6150.000000	96.887	35.6002
6220.000000	97.065	35.5300
6300.000000	97.293	35.2805
6400.000000	97.617	34.7086
6500.000000	97.965	33.8206
6600.000000	98.323	32.6003
6700.000000	98.689	31.0380
6800.000000	99.069	29.0831
6900.000000	99.460	26.6186
7000.000000	99.851	23.4868
7100.000000	100.211	19.5670
7200.000000	100.501	14.8206
7300.000000	100.677	9.3018
7400.000000	100.692	3.2231
7500.000000	100.519	-3.0264
7620.000000	100.081	-10.2190
7750.000000	99.366	-17.2058
7880.000000	98.461	-22.9479
8000.000000	97.515	-26.9841
8120.000000	96.503	-29.9126
8250.000000	95.392	-32.0724
8380.000000	94.309	-33.4000
8500.000000	93.342	-34.0220
8620.000000	92.412	-34.1192
8750.000000	91.453	-33.6827
8850.000000	90.759	-33.0135
9000.000000	89.796	-31.5847
9120.000000	89.096	-30.1839
9250.000000	88.406	-28.4874
9380.000000	87.787	-26.6669
9500.000000	87.275	-24.9405
9620.000000	86.823	-23.2202
9750.000000	86.397	-21.3902
9880.000000	86.033	-19.6555
10000.000000	85.751	-18.1862
10150.000000	85.469	-16.5802
10300.000000	85.255	-15.2920
10440.000000	85.107	-14.4399
10600.000000	84.985	-13.9518
10750.000000	84.903	-14.0093
10900.000000	84.829	-14.6224
11060.000000	84.716	-15.8835
11200.000000	84.540	-17.2295
11380.000000	84.248	-18.4014
11500.000000	84.099	-18.8868
11720.000000	83.922	-20.2688
11800.000000	83.863	-20.9216
12060.000000	83.667	-23.1399
12200.000000	83.582	-24.2908
12410.000000	83.533	-25.9685
12500.000000	83.557	-26.7381
12650.000000	83.662	-28.2026
12800.000000	83.836	-29.9654
13150.000000	84.474	-35.4361
13200.000000	84.594	-36.3957
13400.000000	85.157	-40.7935
13600.000000	85.867	-46.3112
13800.000000	86.736	-53.3130
14000.000000	87.768	-62.2850
14300.000000	89.575	-80.8399
14500.000000	90.809	-97.8304
14750.000000	91.901	-125.0454
15000.000000	91.873	-156.7359
15250.000000	90.543	171.9822
15500.000000	88.372	144.6678
15750.000000	85.996	121.5994
16000.000000	83.825	101.3242
16250.000000	82.045	82.3722
16500.000000	80.614	63.7564
16750.000000	79.438	44.8117
17000.000000	78.476	25.0775
17250.000000	77.715	4.0588
17500.000000	77.153	-18.9952
17750.000000	76.740	-45.0201
18000.000000	76.265	-74.6924
18250.000000	75.426	-107.5012
18500.000000	74.415	-141.7141
18750.000000	74.559	-179.8143
19000.000000	74.986	130.2186
19250.000000	73.885	70.5518
19500.000000	71.471	5.2134
19750.000000	68.342	-68.1282
20000.000000	65.643	-144.9780
