* Measurement data measured by REW V5.31.3
* Source: USB-C to 3.5mm Headphone Jack Adapter, USB-C to 3.5mm Headphone Jack Adapter, 0, volume: 0.295
* Format: 256k Log Swept Sine, 4 sweeps at -12.0 dBFS with no timing reference
* Dated: Nov 6, 2024 8:45:29 PM
* REW Settings:
*  C-weighting compensation: Off
*  Target level: 75.0 dB
* Note: ; 
* Measurement: Truthear Zero RED Foam L
* Smoothing: 1/24 octave
* Frequency Step: 1/48 octave
* Start Frequency: 20.300 Hz
*
* Freq(Hz)	SPL(dB)	Phase(degrees)
20.299999	98.073	-151.5610
20.600000	98.100	-152.1089
20.900000	98.132	-152.7046
21.200001	98.167	-153.3282
21.400000	98.191	-153.7641
21.799999	98.233	-154.6710
22.000000	98.250	-155.1255
22.400000	98.273	-155.9872
22.700001	98.285	-156.5663
23.000000	98.298	-157.0891
23.299999	98.314	-157.5800
23.600000	98.336	-158.0735
24.000000	98.367	-158.7784
24.299999	98.388	-159.3451
24.700001	98.409	-160.1138
25.000000	98.421	-160.6656
25.400000	98.437	-161.3407
25.799999	98.459	-161.9613
26.200001	98.482	-162.5696
26.500000	98.495	-163.0333
26.900000	98.500	-163.6508
27.200001	98.493	-164.0946
27.600000	98.479	-164.6474
28.000000	98.473	-165.1844
28.500000	98.487	-165.9312
29.000000	98.514	-166.8217
29.500000	98.534	-167.7546
30.000000	98.536	-168.5380
30.400000	98.536	-168.9961
30.700001	98.539	-169.2702
31.100000	98.550	-169.6242
31.500000	98.562	-170.0477
32.000000	98.567	-170.7162
32.500000	98.558	-171.4663
33.000000	98.545	-172.1887
33.500000	98.542	-172.8386
34.000000	98.550	-173.4366
34.500000	98.559	-174.0111
35.000000	98.560	-174.5705
35.500000	98.553	-175.1188
36.000000	98.540	-175.6644
36.500000	98.527	-176.2072
37.000000	98.515	-176.7300
37.500000	98.505	-177.2171
38.200001	98.495	-177.8588
38.700001	98.486	-178.3263
39.500000	98.463	-179.1176
40.000000	98.445	-179.6133
40.599998	98.427	179.8287
41.200001	98.411	179.3276
41.799999	98.397	178.8654
42.500000	98.379	178.3012
43.099998	98.362	177.7415
43.700001	98.340	177.1319
44.400002	98.312	176.4644
45.000000	98.289	175.9979
45.500000	98.271	175.6697
46.200001	98.250	175.2016
46.799999	98.230	174.7247
47.500000	98.200	174.1413
48.200001	98.169	173.6583
48.700001	98.151	173.3569
49.400002	98.123	172.8849
50.000000	98.088	172.4224
50.799999	98.056	171.8065
51.500000	98.052	171.2921
52.200001	98.026	171.0141
53.000000	97.968	171.3109
53.799999	97.953	171.5898
54.500000	97.947	170.9559
55.200001	97.887	169.7313
56.000000	97.803	168.5791
57.000000	97.780	167.8521
58.000000	97.765	167.2910
59.000000	97.702	166.7578
60.000000	97.646	166.2597
60.799999	97.610	165.8774
61.500000	97.574	165.5712
62.200001	97.534	165.2751
63.000000	97.491	164.8854
64.000000	97.434	164.3386
65.000000	97.376	163.8669
66.000000	97.322	163.4294
67.000000	97.268	162.9583
68.000000	97.212	162.4562
69.000000	97.160	161.9803
70.000000	97.114	161.5685
71.000000	97.062	161.2036
72.000000	97.001	160.8724
73.000000	96.942	160.5270
74.000000	96.885	160.1638
75.000000	96.828	159.8213
76.199997	96.758	159.4256
77.500000	96.680	158.9597
78.800003	96.598	158.4821
80.000000	96.530	158.0716
81.199997	96.464	157.7363
82.500000	96.388	157.4295
83.800003	96.305	157.0400
85.000000	96.236	156.6748
86.199997	96.175	156.3261
87.500000	96.103	156.0133
88.500000	96.041	155.8060
90.000000	95.942	155.4755
91.199997	95.867	155.1991
92.500000	95.793	154.9269
93.800003	95.712	154.7043
95.000000	95.634	154.4973
96.199997	95.561	154.2625
97.500000	95.483	154.0111
98.800003	95.407	153.7772
100.000000	95.337	153.5552
101.500000	95.245	153.3227
103.000000	95.152	153.1531
104.400002	95.066	152.9735
106.000000	94.971	152.7244
107.500000	94.879	152.5255
109.000000	94.788	152.3941
110.599998	94.691	152.2817
112.000000	94.609	152.1958
113.800003	94.507	152.0579
115.000000	94.438	152.0068
117.199997	94.304	151.8906
118.000000	94.258	151.8299
120.599998	94.112	151.7642
122.000000	94.031	151.7365
124.099998	93.916	151.7614
125.000000	93.865	151.7823
126.500000	93.777	151.7580
128.000000	93.690	151.7183
131.500000	93.496	151.8441
132.000000	93.471	151.8825
134.000000	93.373	152.0081
136.000000	93.268	152.0192
138.000000	93.150	152.0836
140.000000	93.054	152.2092
143.000000	92.918	152.5428
145.000000	92.822	152.7373
147.500000	92.707	152.9654
150.000000	92.601	153.1868
152.500000	92.487	153.4758
155.000000	92.375	153.8499
157.500000	92.269	154.2057
160.000000	92.166	154.5577
162.500000	92.065	154.9016
165.000000	91.968	155.2754
167.500000	91.867	155.6577
170.000000	91.767	156.0309
172.500000	91.670	156.5324
175.000000	91.579	157.0593
177.500000	91.494	157.5790
180.000000	91.413	158.1620
182.500000	91.341	158.5613
185.000000	91.266	158.9504
187.500000	91.187	159.3972
190.000000	91.115	159.9059
192.500000	91.055	160.4371
195.000000	91.001	160.8549
197.500000	90.950	161.2559
200.000000	90.893	161.7744
203.000000	90.830	162.4406
206.000000	90.764	162.9512
209.000000	90.702	163.4193
212.000000	90.669	164.1122
214.000000	90.658	164.6041
218.000000	90.615	165.3732
220.000000	90.588	165.7531
224.000000	90.552	166.5504
227.000000	90.518	167.0684
230.000000	90.480	167.6311
233.000000	90.454	168.1595
236.000000	90.438	168.6609
240.000000	90.427	169.2949
243.000000	90.411	169.7023
247.000000	90.383	170.3087
250.000000	90.363	170.7869
254.000000	90.325	171.4156
258.000000	90.300	172.0432
262.000000	90.308	172.6812
265.000000	90.327	173.1010
269.000000	90.340	173.6352
272.000000	90.335	174.0877
276.000000	90.319	174.6254
280.000000	90.310	175.0727
285.000000	90.314	175.6873
290.000000	90.324	176.3741
295.000000	90.329	176.9742
300.000000	90.331	177.5789
304.000000	90.331	177.9510
307.000000	90.335	178.2095
311.000000	90.345	178.5826
315.000000	90.354	178.9550
320.000000	90.364	179.4363
325.000000	90.368	179.9151
330.000000	90.372	-179.6018
335.000000	90.379	-179.1812
340.000000	90.384	-178.7778
345.000000	90.391	-178.3269
350.000000	90.403	-177.9228
355.000000	90.407	-177.5096
360.000000	90.410	-177.1123
365.000000	90.419	-176.7361
370.000000	90.429	-176.4122
375.000000	90.441	-176.0542
382.000000	90.454	-175.5515
387.000000	90.463	-175.2078
395.000000	90.476	-174.6292
400.000000	90.484	-174.2926
406.000000	90.491	-173.8921
412.000000	90.497	-173.5122
418.000000	90.502	-173.1219
425.000000	90.514	-172.6773
431.000000	90.526	-172.3058
437.000000	90.536	-171.9393
444.000000	90.549	-171.4891
450.000000	90.560	-171.1393
455.000000	90.567	-170.8461
462.000000	90.574	-170.4279
468.000000	90.581	-170.0937
475.000000	90.593	-169.6921
482.000000	90.604	-169.2496
487.000000	90.613	-168.9410
494.000000	90.624	-168.5361
500.000000	90.633	-168.1932
508.000000	90.647	-167.7518
515.000000	90.660	-167.3810
522.000000	90.670	-166.9944
530.000000	90.685	-166.5542
538.000000	90.705	-166.0877
545.000000	90.718	-165.7010
552.000000	90.728	-165.3437
560.000000	90.741	-164.9218
570.000000	90.758	-164.3890
580.000000	90.777	-163.8550
590.000000	90.798	-163.3243
600.000000	90.818	-162.8124
608.000000	90.835	-162.4022
615.000000	90.850	-162.0370
622.000000	90.864	-161.6745
630.000000	90.880	-161.2611
640.000000	90.899	-160.7584
650.000000	90.919	-160.2566
660.000000	90.938	-159.7459
670.000000	90.960	-159.2406
680.000000	90.981	-158.7443
690.000000	91.002	-158.2400
700.000000	91.024	-157.7234
710.000000	91.046	-157.2101
720.000000	91.068	-156.6934
730.000000	91.090	-156.1761
740.000000	91.113	-155.6523
750.000000	91.139	-155.1218
762.000000	91.171	-154.4736
775.000000	91.207	-153.7814
788.000000	91.243	-153.0816
800.000000	91.276	-152.4194
812.000000	91.309	-151.7603
825.000000	91.345	-151.0435
838.000000	91.384	-150.3211
850.000000	91.423	-149.6527
862.000000	91.465	-148.9889
875.000000	91.514	-148.2737
885.000000	91.554	-147.7295
900.000000	91.620	-146.9235
912.000000	91.676	-146.2720
925.000000	91.740	-145.5755
938.000000	91.807	-144.9011
950.000000	91.873	-144.2928
962.000000	91.942	-143.6976
975.000000	92.021	-143.0777
988.000000	92.102	-142.4840
1000.000000	92.179	-141.9576
1015.000000	92.278	-141.3312
1030.000000	92.379	-140.7353
1044.000000	92.474	-140.2137
1060.000000	92.585	-139.6632
1075.000000	92.689	-139.1854
1090.000000	92.794	-138.7500
1106.000000	92.904	-138.3325
1120.000000	93.000	-137.9963
1138.000000	93.121	-137.6042
1150.000000	93.199	-137.3637
1172.000000	93.338	-136.9566
1180.000000	93.387	-136.8208
1206.000000	93.541	-136.4190
1220.000000	93.621	-136.2154
1241.000000	93.738	-135.9146
1250.000000	93.789	-135.7887
1265.000000	93.875	-135.5856
1280.000000	93.962	-135.3858
1315.000000	94.161	-134.9155
1320.000000	94.189	-134.8486
1340.000000	94.300	-134.5781
1360.000000	94.411	-134.3069
1380.000000	94.523	-134.0356
1400.000000	94.637	-133.7662
1430.000000	94.810	-133.3929
1450.000000	94.927	-133.1656
1475.000000	95.073	-132.9171
1500.000000	95.220	-132.7247
1525.000000	95.367	-132.5859
1550.000000	95.508	-132.4935
1575.000000	95.642	-132.4385
1600.000000	95.768	-132.4101
1625.000000	95.884	-132.3965
1650.000000	95.991	-132.3873
1675.000000	96.093	-132.3716
1700.000000	96.191	-132.3497
1725.000000	96.285	-132.3175
1750.000000	96.377	-132.2735
1775.000000	96.469	-132.2194
1800.000000	96.559	-132.1536
1825.000000	96.650	-132.0804
1850.000000	96.740	-132.0020
1875.000000	96.831	-131.9221
1900.000000	96.923	-131.8432
1925.000000	97.016	-131.7676
1950.000000	97.110	-131.6975
1975.000000	97.205	-131.6333
2000.000000	97.302	-131.5775
2030.000000	97.421	-131.5254
2060.000000	97.541	-131.4899
2090.000000	97.663	-131.4705
2120.000000	97.785	-131.4712
2140.000000	97.867	-131.4844
2180.000000	98.030	-131.5407
2200.000000	98.112	-131.5842
2240.000000	98.275	-131.7065
2270.000000	98.397	-131.8294
2300.000000	98.519	-131.9779
2330.000000	98.639	-132.1525
2360.000000	98.758	-132.3547
2400.000000	98.914	-132.6647
2430.000000	99.028	-132.9264
2470.000000	99.178	-133.3135
2500.000000	99.288	-133.6331
2540.000000	99.433	-134.0965
2580.000000	99.573	-134.6001
2620.000000	99.708	-135.1408
2650.000000	99.806	-135.5690
2690.000000	99.932	-136.1694
2720.000000	100.022	-136.6420
2760.000000	100.137	-137.3025
2800.000000	100.245	-137.9959
2850.000000	100.370	-138.9048
2900.000000	100.482	-139.8538
2950.000000	100.581	-140.8335
3000.000000	100.666	-141.8345
3040.000000	100.724	-142.6424
3070.000000	100.762	-143.2492
3110.000000	100.806	-144.0562
3150.000000	100.842	-144.8551
3200.000000	100.876	-145.8383
3250.000000	100.901	-146.7979
3300.000000	100.915	-147.7314
3350.000000	100.919	-148.6350
3400.000000	100.916	-149.5087
3450.000000	100.904	-150.3468
3500.000000	100.885	-151.1426
3550.000000	100.860	-151.8990
3600.000000	100.829	-152.6189
3650.000000	100.794	-153.3015
3700.000000	100.755	-153.9472
3750.000000	100.712	-154.5569
3820.000000	100.648	-155.3530
3870.000000	100.599	-155.8828
3950.000000	100.516	-156.6691
4000.000000	100.460	-157.1264
4060.000000	100.386	-157.6430
4120.000000	100.310	-158.1266
4180.000000	100.231	-158.5784
4250.000000	100.137	-159.0691
4310.000000	100.056	-159.4603
4370.000000	99.974	-159.8316
4440.000000	99.877	-160.2455
4500.000000	99.791	-160.5793
4550.000000	99.718	-160.8406
4620.000000	99.615	-161.1804
4680.000000	99.525	-161.4477
4750.000000	99.418	-161.7317
4820.000000	99.310	-161.9854
4870.000000	99.231	-162.1474
4940.000000	99.120	-162.3457
5000.000000	99.025	-162.4877
5080.000000	98.897	-162.6344
5150.000000	98.787	-162.7236
5220.000000	98.677	-162.7729
5300.000000	98.552	-162.7794
5380.000000	98.431	-162.7314
5450.000000	98.328	-162.6485
5520.000000	98.229	-162.5293
5600.000000	98.122	-162.3501
5700.000000	98.000	-162.0685
5800.000000	97.893	-161.7380
5900.000000	97.803	-161.3746
6000.000000	97.732	-160.9982
6080.000000	97.691	-160.7008
6150.000000	97.668	-160.4523
6220.000000	97.659	-160.2244
6300.000000	97.675	-160.0045
6400.000000	97.740	-159.8132
6500.000000	97.845	-159.7533
6600.000000	97.977	-159.8693
6700.000000	98.132	-160.2004
6800.000000	98.306	-160.7894
6900.000000	98.495	-161.6789
7000.000000	98.694	-162.9063
7100.000000	98.897	-164.5029
7200.000000	99.097	-166.5144
7300.000000	99.283	-168.9988
7400.000000	99.438	-171.9822
7500.000000	99.543	-175.4405
7620.000000	99.580	179.8527
7750.000000	99.484	174.2032
7880.000000	99.213	168.2018
8000.000000	98.776	162.5968
8120.000000	98.130	157.2043
8250.000000	97.222	151.9527
8380.000000	96.152	147.6744
8500.000000	95.068	144.8374
8620.000000	93.946	143.1634
8750.000000	92.749	142.5976
8850.000000	91.872	142.9178
9000.000000	90.662	144.3351
9120.000000	89.795	146.0470
9250.000000	88.959	148.2747
9380.000000	88.221	150.7415
9500.000000	87.621	153.1386
9620.000000	87.092	155.5945
9750.000000	86.592	158.2828
9880.000000	86.161	160.9551
10000.000000	85.822	163.3693
10150.000000	85.475	166.3126
10300.000000	85.209	169.1473
10440.000000	85.028	171.6583
10600.000000	84.901	174.3141
10750.000000	84.855	176.5375
10900.000000	84.872	178.4379
11060.000000	84.952	-179.9676
11200.000000	85.061	-178.9951
11380.000000	85.231	-178.3533
11500.000000	85.342	-178.2564
11720.000000	85.516	-178.4177
11800.000000	85.573	-178.4511
12060.000000	85.842	-177.9836
12200.000000	86.127	-177.3962
12410.000000	86.887	-176.6942
12500.000000	87.366	-176.7639
12650.000000	88.388	-177.8911
12800.000000	89.671	179.0566
13150.000000	93.064	159.4485
13200.000000	93.465	154.9286
13400.000000	94.429	133.4052
13600.000000	94.081	110.1600
13800.000000	92.646	90.2383
14000.000000	90.786	75.4806
14300.000000	88.284	60.2038
14500.000000	87.026	51.8761
14750.000000	85.823	41.6480
15000.000000	84.934	31.0128
15250.000000	84.344	19.4906
15500.000000	84.054	6.5426
15750.000000	84.061	-8.4150
16000.000000	84.388	-26.0006
16250.000000	85.001	-46.8743
16500.000000	85.668	-71.5583
16750.000000	86.100	-100.0380
17000.000000	86.055	-131.4702
17250.000000	85.426	-164.4445
17500.000000	84.283	162.2505
17750.000000	82.798	129.0285
18000.000000	81.132	95.4718
18250.000000	79.374	60.7410
18500.000000	77.539	23.8143
18750.000000	75.596	-16.3781
19000.000000	73.474	-60.8965
19250.000000	71.067	-110.7024
19500.000000	68.265	-166.9800
19750.000000	65.061	128.6191
20000.000000	62.363	61.4675
