* Measurement data measured by REW V5.31.3
* Source: USB-C to 3.5mm Headphone Jack Adapter, USB-C to 3.5mm Headphone Jack Adapter, 0, volume: 0.295
* Format: 256k Log Swept Sine, 4 sweeps at -12.0 dBFS with no timing reference
* Dated: Feb 21, 2026 11:45:21 PM
* REW Settings:
*  C-weighting compensation: Off
*  Target level: 75.0 dB
* Note: ; 
* Measurement: Truthear Hola Coreir R
* Smoothing: 1/24 octave
* Frequency Step: 1/48 octave
* Start Frequency: 20.300 Hz
*
* Freq(Hz)	SPL(dB)	Phase(degrees)
20.299999	100.538	-162.6219
20.600000	100.548	-163.1179
20.900000	100.555	-163.6526
21.200001	100.561	-164.1882
21.400000	100.566	-164.5443
21.799999	100.575	-165.2492
22.000000	100.580	-165.5948
22.400000	100.592	-166.2649
22.700001	100.601	-166.7478
23.000000	100.610	-167.2166
23.299999	100.618	-167.6756
23.600000	100.624	-168.1284
24.000000	100.628	-168.7244
24.299999	100.629	-169.1646
24.700001	100.628	-169.7423
25.000000	100.628	-170.1709
25.400000	100.627	-170.7417
25.799999	100.626	-171.3129
26.200001	100.624	-171.8766
26.500000	100.622	-172.2859
26.900000	100.618	-172.8052
27.200001	100.615	-173.1748
27.600000	100.612	-173.6481
28.000000	100.608	-174.1085
28.500000	100.601	-174.6732
29.000000	100.591	-175.2277
29.500000	100.580	-175.7829
30.000000	100.568	-176.3557
30.400000	100.555	-176.8245
30.700001	100.544	-177.1723
31.100000	100.528	-177.6158
31.500000	100.516	-178.0292
32.000000	100.508	-178.5186
32.500000	100.506	-179.0082
33.000000	100.502	-179.5061
33.500000	100.489	-179.9852
34.000000	100.469	179.5788
34.500000	100.449	179.1738
35.000000	100.431	178.7633
35.500000	100.415	178.3268
36.000000	100.399	177.8731
36.500000	100.382	177.4215
37.000000	100.363	176.9836
37.500000	100.340	176.5726
38.200001	100.303	176.0780
38.700001	100.283	175.7711
39.500000	100.268	175.2189
40.000000	100.256	174.8073
40.599998	100.225	174.3390
41.200001	100.190	173.9505
41.799999	100.161	173.5528
42.500000	100.126	173.0190
43.099998	100.100	172.6100
43.700001	100.091	172.2547
44.400002	100.066	171.8491
45.000000	100.002	171.7307
45.500000	99.952	171.8909
46.200001	99.975	171.8926
46.799999	100.037	170.9859
47.500000	100.021	169.3022
48.200001	99.949	168.2958
48.700001	99.953	168.1045
49.400002	100.012	167.8415
50.000000	99.988	167.4767
50.799999	99.829	167.5085
51.500000	99.725	167.8701
52.200001	99.680	167.8178
53.000000	99.625	167.4268
53.799999	99.585	167.1625
54.500000	99.566	166.8882
55.200001	99.529	166.5450
56.000000	99.479	166.2338
57.000000	99.436	165.8669
58.000000	99.385	165.4508
59.000000	99.329	165.0416
60.000000	99.276	164.6227
60.799999	99.236	164.3347
61.500000	99.203	164.1237
62.200001	99.170	163.9343
63.000000	99.130	163.7340
64.000000	99.078	163.4778
65.000000	99.020	163.2021
66.000000	98.965	162.9368
67.000000	98.913	162.6289
68.000000	98.852	162.2735
69.000000	98.805	161.7527
70.000000	98.751	161.1738
71.000000	98.693	161.0312
72.000000	98.650	161.1199
73.000000	98.598	161.0615
74.000000	98.545	160.8698
75.000000	98.495	160.6089
76.199997	98.424	160.3908
77.500000	98.335	160.1878
78.800003	98.257	159.9489
80.000000	98.217	159.7027
81.199997	98.171	159.5315
82.500000	98.162	159.2711
83.800003	98.279	159.4370
85.000000	98.415	159.7232
86.199997	98.268	159.4125
87.500000	97.988	159.3128
88.500000	97.873	159.1388
90.000000	97.811	158.2716
91.199997	97.885	156.2476
92.500000	97.983	155.6955
93.800003	98.103	157.8715
95.000000	98.005	159.1241
96.199997	97.714	159.2622
97.500000	97.479	159.1895
98.800003	97.369	159.3109
100.000000	97.306	159.3314
101.500000	97.279	158.4622
103.000000	97.255	157.6307
104.400002	97.203	157.3552
106.000000	97.134	157.2263
107.500000	97.066	157.1340
109.000000	97.001	157.0470
110.599998	96.943	156.9688
112.000000	96.895	156.9166
113.800003	96.849	156.9224
115.000000	96.803	157.0656
117.199997	96.653	157.3209
118.000000	96.599	157.3795
120.599998	96.496	157.5496
122.000000	96.487	157.6148
124.099998	96.493	157.9103
125.000000	96.482	158.0552
126.500000	96.449	158.2048
128.000000	96.402	158.1013
131.500000	96.326	157.5386
132.000000	96.314	157.5282
134.000000	96.249	157.5800
136.000000	96.184	157.7247
138.000000	96.141	157.9471
140.000000	96.092	158.2672
143.000000	96.160	158.3465
145.000000	96.025	157.9842
147.500000	95.874	157.5850
150.000000	95.817	157.3113
152.500000	95.729	157.7259
155.000000	95.651	158.0331
157.500000	95.596	158.1299
160.000000	95.532	158.2668
162.500000	95.465	158.4444
165.000000	95.399	158.5714
167.500000	95.342	158.6782
170.000000	95.294	158.7348
172.500000	95.232	158.8673
175.000000	95.163	159.1244
177.500000	95.095	159.3147
180.000000	95.027	159.4001
182.500000	94.951	159.3361
185.000000	94.900	159.4932
187.500000	94.841	159.9902
190.000000	94.767	160.3652
192.500000	94.742	160.4481
195.000000	94.722	160.5530
197.500000	94.687	160.5651
200.000000	94.647	160.5401
203.000000	94.588	160.7927
206.000000	94.529	161.0756
209.000000	94.476	161.3276
212.000000	94.427	161.5485
214.000000	94.396	161.7105
218.000000	94.336	161.9812
220.000000	94.306	162.1024
224.000000	94.248	162.3456
227.000000	94.205	162.5499
230.000000	94.163	162.7681
233.000000	94.118	162.9741
236.000000	94.072	163.1929
240.000000	94.015	163.4930
243.000000	93.974	163.7047
247.000000	93.915	164.0087
250.000000	93.870	164.2381
254.000000	93.820	164.5542
258.000000	93.772	164.8403
262.000000	93.724	165.1321
265.000000	93.693	165.4159
269.000000	93.648	165.8181
272.000000	93.612	166.0724
276.000000	93.567	166.4592
280.000000	93.524	166.9106
285.000000	93.474	167.4997
290.000000	93.450	168.1084
295.000000	93.441	168.6427
300.000000	93.440	169.1275
304.000000	93.441	169.2483
307.000000	93.435	169.2746
311.000000	93.412	169.3668
315.000000	93.374	169.5248
320.000000	93.325	169.7731
325.000000	93.290	170.0563
330.000000	93.253	170.3849
335.000000	93.218	170.7119
340.000000	93.184	171.0300
345.000000	93.151	171.3605
350.000000	93.119	171.6951
355.000000	93.094	172.0461
360.000000	93.073	172.4186
365.000000	93.048	172.7173
370.000000	93.019	173.1506
375.000000	93.001	173.5727
382.000000	92.959	173.9648
387.000000	92.929	174.2658
395.000000	92.886	174.7547
400.000000	92.861	175.0381
406.000000	92.835	175.4047
412.000000	92.810	175.7762
418.000000	92.786	176.1523
425.000000	92.758	176.6072
431.000000	92.734	176.9988
437.000000	92.714	177.3876
444.000000	92.693	177.8344
450.000000	92.677	178.2018
455.000000	92.662	178.5246
462.000000	92.641	178.9727
468.000000	92.623	179.3599
475.000000	92.603	179.7977
482.000000	92.585	-179.7744
487.000000	92.572	-179.4616
494.000000	92.556	-179.0257
500.000000	92.542	-178.6567
508.000000	92.527	-178.1711
515.000000	92.512	-177.7444
522.000000	92.497	-177.3097
530.000000	92.484	-176.8197
538.000000	92.473	-176.3313
545.000000	92.467	-175.9103
552.000000	92.459	-175.4895
560.000000	92.443	-174.9900
570.000000	92.427	-174.3762
580.000000	92.417	-173.7702
590.000000	92.408	-173.1567
600.000000	92.397	-172.5501
608.000000	92.390	-172.0805
615.000000	92.387	-171.6610
622.000000	92.385	-171.2281
630.000000	92.383	-170.7284
640.000000	92.381	-170.1177
650.000000	92.381	-169.5179
660.000000	92.381	-168.8914
670.000000	92.382	-168.2642
680.000000	92.385	-167.6448
690.000000	92.389	-167.0259
700.000000	92.395	-166.4044
710.000000	92.403	-165.7844
720.000000	92.413	-165.1637
730.000000	92.425	-164.5356
740.000000	92.437	-163.9086
750.000000	92.452	-163.2821
762.000000	92.473	-162.5106
775.000000	92.499	-161.6772
788.000000	92.528	-160.8529
800.000000	92.555	-160.0968
812.000000	92.583	-159.3385
825.000000	92.616	-158.5125
838.000000	92.653	-157.6807
850.000000	92.689	-156.9181
862.000000	92.732	-156.1797
875.000000	92.782	-155.3891
885.000000	92.823	-154.7897
900.000000	92.890	-153.9083
912.000000	92.948	-153.2106
925.000000	93.015	-152.4707
938.000000	93.086	-151.7542
950.000000	93.156	-151.1150
962.000000	93.229	-150.5027
975.000000	93.311	-149.8710
988.000000	93.394	-149.2673
1000.000000	93.474	-148.7372
1015.000000	93.575	-148.1163
1030.000000	93.679	-147.5415
1044.000000	93.776	-147.0502
1060.000000	93.887	-146.5266
1075.000000	93.992	-146.0760
1090.000000	94.097	-145.6708
1106.000000	94.207	-145.2774
1120.000000	94.302	-144.9656
1138.000000	94.421	-144.6080
1150.000000	94.499	-144.3945
1172.000000	94.638	-144.0492
1180.000000	94.688	-143.9368
1206.000000	94.844	-143.6187
1220.000000	94.924	-143.4689
1241.000000	95.042	-143.2733
1250.000000	95.093	-143.1988
1265.000000	95.179	-143.0815
1280.000000	95.264	-142.9727
1315.000000	95.455	-142.7561
1320.000000	95.481	-142.7276
1340.000000	95.583	-142.6156
1360.000000	95.681	-142.5121
1380.000000	95.777	-142.4158
1400.000000	95.869	-142.3217
1430.000000	96.003	-142.1775
1450.000000	96.089	-142.0814
1475.000000	96.194	-141.9641
1500.000000	96.297	-141.8490
1525.000000	96.398	-141.7316
1550.000000	96.498	-141.6165
1575.000000	96.594	-141.5023
1600.000000	96.687	-141.3933
1625.000000	96.776	-141.2870
1650.000000	96.862	-141.1841
1675.000000	96.947	-141.0909
1700.000000	97.031	-141.0002
1725.000000	97.116	-140.9180
1750.000000	97.198	-140.8406
1775.000000	97.281	-140.7631
1800.000000	97.363	-140.6889
1825.000000	97.444	-140.6193
1850.000000	97.526	-140.5572
1875.000000	97.608	-140.5088
1900.000000	97.690	-140.4679
1925.000000	97.770	-140.4359
1950.000000	97.851	-140.4110
1975.000000	97.931	-140.3949
2000.000000	98.013	-140.3875
2030.000000	98.113	-140.3929
2060.000000	98.214	-140.4141
2090.000000	98.315	-140.4537
2120.000000	98.416	-140.5146
2140.000000	98.482	-140.5664
2180.000000	98.615	-140.6965
2200.000000	98.680	-140.7759
2240.000000	98.810	-140.9656
2270.000000	98.906	-141.1352
2300.000000	99.001	-141.3270
2330.000000	99.093	-141.5423
2360.000000	99.183	-141.7812
2400.000000	99.300	-142.1375
2430.000000	99.384	-142.4314
2470.000000	99.491	-142.8519
2500.000000	99.568	-143.1879
2540.000000	99.666	-143.6628
2580.000000	99.759	-144.1612
2620.000000	99.845	-144.6805
2650.000000	99.904	-145.0804
2690.000000	99.977	-145.6243
2720.000000	100.028	-146.0362
2760.000000	100.088	-146.5880
2800.000000	100.142	-147.1409
2850.000000	100.201	-147.8255
2900.000000	100.250	-148.4955
2950.000000	100.291	-149.1497
3000.000000	100.324	-149.7823
3040.000000	100.347	-150.2723
3070.000000	100.361	-150.6295
3110.000000	100.378	-151.0930
3150.000000	100.392	-151.5414
3200.000000	100.408	-152.0811
3250.000000	100.420	-152.6013
3300.000000	100.431	-153.1023
3350.000000	100.439	-153.5887
3400.000000	100.446	-154.0623
3450.000000	100.451	-154.5235
3500.000000	100.456	-154.9767
3550.000000	100.461	-155.4254
3600.000000	100.464	-155.8720
3650.000000	100.467	-156.3218
3700.000000	100.471	-156.7784
3750.000000	100.474	-157.2466
3820.000000	100.477	-157.9333
3870.000000	100.477	-158.4495
3950.000000	100.471	-159.3280
4000.000000	100.460	-159.9101
4060.000000	100.438	-160.6418
4120.000000	100.405	-161.4040
4180.000000	100.364	-162.1970
4250.000000	100.304	-163.1575
4310.000000	100.242	-164.0010
4370.000000	100.168	-164.8571
4440.000000	100.067	-165.8618
4500.000000	99.967	-166.7202
4550.000000	99.874	-167.4252
4620.000000	99.728	-168.3842
4680.000000	99.589	-169.1692
4750.000000	99.412	-170.0246
4820.000000	99.220	-170.8044
4870.000000	99.074	-171.3073
4940.000000	98.859	-171.9279
5000.000000	98.668	-172.3779
5080.000000	98.404	-172.8483
5150.000000	98.167	-173.1349
5220.000000	97.927	-173.3046
5300.000000	97.649	-173.3548
5380.000000	97.372	-173.2521
5450.000000	97.131	-173.0388
5520.000000	96.896	-172.7167
5600.000000	96.634	-172.2198
5700.000000	96.322	-171.4167
5800.000000	96.029	-170.4349
5900.000000	95.759	-169.2936
6000.000000	95.515	-168.0154
6080.000000	95.342	-166.9153
6150.000000	95.207	-165.9060
6220.000000	95.090	-164.8611
6300.000000	94.986	-163.6364
6400.000000	94.912	-162.0750
6500.000000	94.886	-160.5113
6600.000000	94.899	-158.9729
6700.000000	94.950	-157.4859
6800.000000	95.039	-156.0818
6900.000000	95.166	-154.7906
7000.000000	95.335	-153.6410
7100.000000	95.547	-152.6730
7200.000000	95.802	-151.9527
7300.000000	96.098	-151.5222
7400.000000	96.438	-151.4068
7500.000000	96.832	-151.6670
7620.000000	97.396	-152.7091
7750.000000	98.118	-155.3618
7880.000000	98.852	-160.5007
8000.000000	99.318	-167.8391
8120.000000	99.346	-177.0388
8250.000000	98.772	172.6299
8380.000000	97.647	163.8618
8500.000000	96.293	158.1870
8620.000000	94.808	155.0362
8750.000000	93.191	154.2264
8850.000000	92.000	155.2381
9000.000000	90.373	159.1865
9120.000000	89.283	164.3486
9250.000000	88.434	171.7154
9380.000000	88.083	-179.9215
9500.000000	88.271	-172.8739
9620.000000	88.847	-168.1521
9750.000000	89.632	-166.6261
9880.000000	90.279	-168.4152
10000.000000	90.595	-171.7962
10150.000000	90.589	-176.4854
10300.000000	90.259	179.7179
10440.000000	89.814	177.4538
10600.000000	89.287	176.2465
10750.000000	88.851	176.0944
10900.000000	88.504	176.5518
11060.000000	88.247	177.4394
11200.000000	88.124	178.3909
11380.000000	88.108	179.6824
11500.000000	88.191	-179.4975
11720.000000	88.545	-178.2820
11800.000000	88.746	-177.9736
12060.000000	89.713	-177.7593
12200.000000	90.474	-178.4042
12410.000000	92.038	178.8723
12500.000000	92.901	176.6688
12650.000000	94.608	170.7187
12800.000000	96.526	160.6470
13150.000000	99.490	116.9286
13200.000000	99.480	109.2275
13400.000000	98.174	80.1193
13600.000000	95.563	58.4704
13800.000000	92.759	44.5806
14000.000000	90.381	35.4309
14300.000000	87.767	25.0951
14500.000000	86.513	18.5656
14750.000000	85.338	9.7673
15000.000000	84.505	-0.3044
15250.000000	83.948	-12.1245
15500.000000	83.609	-26.0891
15750.000000	83.429	-42.5563
16000.000000	83.367	-61.7843
16250.000000	83.365	-83.8013
16500.000000	83.256	-108.3682
16750.000000	82.916	-135.0300
17000.000000	82.307	-163.2807
17250.000000	81.440	167.0845
17500.000000	80.347	136.1826
17750.000000	79.041	103.9293
18000.000000	77.531	69.9701
18250.000000	75.826	33.9019
18500.000000	73.933	-4.9031
18750.000000	71.828	-47.2236
19000.000000	69.457	-94.0232
19250.000000	66.731	-146.3395
19500.000000	63.414	155.3694
19750.000000	59.043	92.1885
20000.000000	54.383	30.4852
