* Measurement data measured by REW V5.31.3
* Source: USB-C to 3.5mm Headphone Jack Adapter, USB-C to 3.5mm Headphone Jack Adapter, 0, volume: 0.295
* Format: 256k Log Swept Sine, 4 sweeps at -12.0 dBFS with no timing reference
* Dated: Nov 6, 2024 8:55:26 PM
* REW Settings:
*  C-weighting compensation: Off
*  Target level: 75.0 dB
* Note: ; 
* Measurement: Truthear Zero RED Wide R
* Smoothing: 1/24 octave
* Frequency Step: 1/48 octave
* Start Frequency: 20.300 Hz
*
* Freq(Hz)	SPL(dB)	Phase(degrees)
20.299999	98.530	-152.8113
20.600000	98.547	-153.4033
20.900000	98.564	-154.0486
21.200001	98.583	-154.6933
21.400000	98.597	-155.1181
21.799999	98.634	-155.9556
22.000000	98.655	-156.3718
22.400000	98.702	-157.2102
22.700001	98.735	-157.8477
23.000000	98.761	-158.4864
23.299999	98.779	-159.1121
23.600000	98.787	-159.7085
24.000000	98.791	-160.4400
24.299999	98.792	-160.9424
24.700001	98.800	-161.5758
25.000000	98.811	-162.0457
25.400000	98.828	-162.6866
25.799999	98.843	-163.3418
26.200001	98.854	-163.9899
26.500000	98.860	-164.4608
26.900000	98.867	-165.0719
27.200001	98.874	-165.5307
27.600000	98.884	-166.1614
28.000000	98.892	-166.8116
28.500000	98.896	-167.6019
29.000000	98.896	-168.3023
29.500000	98.900	-168.9213
30.000000	98.904	-169.5454
30.400000	98.898	-170.0891
30.700001	98.885	-170.5134
31.100000	98.860	-171.0661
31.500000	98.837	-171.5764
32.000000	98.830	-172.1812
32.500000	98.852	-172.8421
33.000000	98.885	-173.6000
33.500000	98.900	-174.3597
34.000000	98.893	-174.9812
34.500000	98.875	-175.4265
35.000000	98.860	-175.7927
35.500000	98.847	-176.2017
36.000000	98.831	-176.6945
36.500000	98.810	-177.2343
37.000000	98.790	-177.7769
37.500000	98.774	-178.3071
38.200001	98.757	-179.0239
38.700001	98.745	-179.5099
39.500000	98.723	179.7467
40.000000	98.705	179.2841
40.599998	98.680	178.7266
41.200001	98.654	178.1846
41.799999	98.630	177.6824
42.500000	98.607	177.1638
43.099998	98.591	176.7436
43.700001	98.574	176.2804
44.400002	98.544	175.6606
45.000000	98.511	175.1249
45.500000	98.486	174.7202
46.200001	98.456	174.2336
46.799999	98.429	173.8776
47.500000	98.396	173.4656
48.200001	98.364	172.9464
48.700001	98.339	172.5327
49.400002	98.308	172.0461
50.000000	98.293	171.7358
50.799999	98.258	171.2693
51.500000	98.191	170.7966
52.200001	98.158	170.2310
53.000000	98.212	169.0119
53.799999	98.222	167.5068
54.500000	98.134	167.0572
55.200001	98.050	167.5644
56.000000	98.001	168.0619
57.000000	97.908	167.7358
58.000000	97.839	167.2175
59.000000	97.826	166.6875
60.000000	97.777	166.2185
60.799999	97.725	165.8586
61.500000	97.683	165.4857
62.200001	97.645	165.1072
63.000000	97.603	164.7460
64.000000	97.548	164.3958
65.000000	97.490	164.0235
66.000000	97.428	163.6029
67.000000	97.371	163.1714
68.000000	97.315	162.7375
69.000000	97.257	162.3775
70.000000	97.201	162.0793
71.000000	97.142	161.7766
72.000000	97.079	161.4552
73.000000	97.019	161.1074
74.000000	96.960	160.7753
75.000000	96.904	160.4917
76.199997	96.833	160.1840
77.500000	96.754	159.8615
78.800003	96.678	159.5093
80.000000	96.604	159.2128
81.199997	96.533	158.9348
82.500000	96.460	158.5917
83.800003	96.384	158.2932
85.000000	96.312	158.0766
86.199997	96.237	157.8394
87.500000	96.153	157.5495
88.500000	96.089	157.3346
90.000000	95.996	157.0669
91.199997	95.925	156.8587
92.500000	95.850	156.6487
93.800003	95.780	156.4808
95.000000	95.712	156.3147
96.199997	95.637	156.1639
97.500000	95.558	156.0439
98.800003	95.483	155.9163
100.000000	95.410	155.8053
101.500000	95.317	155.6888
103.000000	95.228	155.5809
104.400002	95.155	155.4800
106.000000	95.068	155.3723
107.500000	94.985	155.2845
109.000000	94.901	155.2207
110.599998	94.808	155.1725
112.000000	94.730	155.1213
113.800003	94.634	155.0954
115.000000	94.566	155.0909
117.199997	94.444	155.0909
118.000000	94.402	155.1205
120.599998	94.264	155.2647
122.000000	94.191	155.3457
124.099998	94.077	155.2308
125.000000	94.029	155.1031
126.500000	93.948	155.0053
128.000000	93.868	155.1622
131.500000	93.697	155.7809
132.000000	93.672	155.7847
134.000000	93.578	155.7971
136.000000	93.507	155.9622
138.000000	93.444	156.1283
140.000000	93.354	156.4004
143.000000	93.203	156.9525
145.000000	93.116	157.1840
147.500000	93.011	157.6656
150.000000	92.893	157.9991
152.500000	92.813	158.3566
155.000000	92.751	158.9469
157.500000	92.666	159.4742
160.000000	92.564	160.0389
162.500000	92.469	160.4499
165.000000	92.378	160.8534
167.500000	92.298	161.4351
170.000000	92.243	161.7080
172.500000	92.202	162.2398
175.000000	92.175	162.8880
177.500000	92.137	163.4624
180.000000	92.073	164.0870
182.500000	92.031	164.6049
185.000000	92.010	165.0070
187.500000	91.980	165.3829
190.000000	91.945	165.8356
192.500000	91.911	166.2732
195.000000	91.881	166.6141
197.500000	91.856	166.9695
200.000000	91.828	167.4008
203.000000	91.783	167.9287
206.000000	91.744	168.3922
209.000000	91.726	168.8515
212.000000	91.711	169.3616
214.000000	91.691	169.7349
218.000000	91.660	170.3671
220.000000	91.656	170.6597
224.000000	91.655	171.2647
227.000000	91.654	171.7632
230.000000	91.650	172.1884
233.000000	91.635	172.5090
236.000000	91.631	172.9168
240.000000	91.640	173.4270
243.000000	91.633	173.7306
247.000000	91.609	174.1241
250.000000	91.598	174.5114
254.000000	91.595	175.0530
258.000000	91.580	175.4937
262.000000	91.564	175.8401
265.000000	91.575	176.1505
269.000000	91.596	176.6320
272.000000	91.607	177.0062
276.000000	91.631	177.4108
280.000000	91.656	177.6934
285.000000	91.674	178.0323
290.000000	91.679	178.3770
295.000000	91.685	178.6999
300.000000	91.680	179.0373
304.000000	91.677	179.3210
307.000000	91.679	179.5398
311.000000	91.686	179.8438
315.000000	91.692	-179.8624
320.000000	91.696	-179.5186
325.000000	91.698	-179.1508
330.000000	91.697	-178.7927
335.000000	91.702	-178.4560
340.000000	91.713	-178.1436
345.000000	91.733	-177.9022
350.000000	91.743	-177.6893
355.000000	91.744	-177.4126
360.000000	91.746	-177.1152
365.000000	91.749	-176.8349
370.000000	91.747	-176.5986
375.000000	91.751	-176.3542
382.000000	91.758	-176.0342
387.000000	91.760	-175.7801
395.000000	91.767	-175.3605
400.000000	91.769	-175.1287
406.000000	91.771	-174.8595
412.000000	91.768	-174.5350
418.000000	91.765	-174.2067
425.000000	91.770	-173.8769
431.000000	91.775	-173.5962
437.000000	91.775	-173.3201
444.000000	91.775	-173.0074
450.000000	91.772	-172.7071
455.000000	91.772	-172.4461
462.000000	91.772	-172.1052
468.000000	91.773	-171.8103
475.000000	91.774	-171.4611
482.000000	91.775	-171.1045
487.000000	91.777	-170.8664
494.000000	91.779	-170.5421
500.000000	91.782	-170.2524
508.000000	91.787	-169.8619
515.000000	91.790	-169.5138
522.000000	91.794	-169.1609
530.000000	91.800	-168.7771
538.000000	91.805	-168.4151
545.000000	91.809	-168.0739
552.000000	91.815	-167.7097
560.000000	91.822	-167.3097
570.000000	91.831	-166.8385
580.000000	91.843	-166.3788
590.000000	91.854	-165.9214
600.000000	91.865	-165.4679
608.000000	91.874	-165.1054
615.000000	91.882	-164.7885
622.000000	91.890	-164.4732
630.000000	91.898	-164.1100
640.000000	91.908	-163.6566
650.000000	91.918	-163.1962
660.000000	91.928	-162.7355
670.000000	91.937	-162.2809
680.000000	91.947	-161.8182
690.000000	91.959	-161.3458
700.000000	91.971	-160.8656
710.000000	91.983	-160.3778
720.000000	91.997	-159.8909
730.000000	92.010	-159.4037
740.000000	92.024	-158.9044
750.000000	92.039	-158.3931
762.000000	92.059	-157.7798
775.000000	92.082	-157.1055
788.000000	92.108	-156.4192
800.000000	92.133	-155.7850
812.000000	92.157	-155.1434
825.000000	92.183	-154.4380
838.000000	92.212	-153.7353
850.000000	92.244	-153.0863
862.000000	92.279	-152.4293
875.000000	92.320	-151.7127
885.000000	92.355	-151.1676
900.000000	92.412	-150.3566
912.000000	92.461	-149.7149
925.000000	92.518	-149.0285
938.000000	92.581	-148.3579
950.000000	92.642	-147.7555
962.000000	92.707	-147.1677
975.000000	92.781	-146.5509
988.000000	92.858	-145.9592
1000.000000	92.932	-145.4365
1015.000000	93.027	-144.8173
1030.000000	93.124	-144.2372
1044.000000	93.217	-143.7344
1060.000000	93.325	-143.2105
1075.000000	93.427	-142.7654
1090.000000	93.528	-142.3580
1106.000000	93.636	-141.9659
1120.000000	93.728	-141.6605
1138.000000	93.845	-141.3174
1150.000000	93.921	-141.1142
1172.000000	94.053	-140.7791
1180.000000	94.100	-140.6678
1206.000000	94.245	-140.3373
1220.000000	94.319	-140.1796
1241.000000	94.426	-139.9485
1250.000000	94.472	-139.8509
1265.000000	94.550	-139.6879
1280.000000	94.629	-139.5202
1315.000000	94.808	-139.1119
1320.000000	94.833	-139.0511
1340.000000	94.934	-138.8033
1360.000000	95.036	-138.5515
1380.000000	95.140	-138.2964
1400.000000	95.246	-138.0504
1430.000000	95.410	-137.7121
1450.000000	95.521	-137.5178
1475.000000	95.662	-137.3204
1500.000000	95.803	-137.1774
1525.000000	95.940	-137.0945
1550.000000	96.071	-137.0680
1575.000000	96.196	-137.0760
1600.000000	96.310	-137.1083
1625.000000	96.413	-137.1575
1650.000000	96.507	-137.2087
1675.000000	96.595	-137.2485
1700.000000	96.678	-137.2759
1725.000000	96.758	-137.2899
1750.000000	96.835	-137.2844
1775.000000	96.911	-137.2636
1800.000000	96.986	-137.2308
1825.000000	97.060	-137.1889
1850.000000	97.134	-137.1375
1875.000000	97.209	-137.0787
1900.000000	97.284	-137.0155
1925.000000	97.360	-136.9494
1950.000000	97.436	-136.8796
1975.000000	97.513	-136.8081
2000.000000	97.593	-136.7353
2030.000000	97.692	-136.6436
2060.000000	97.796	-136.5471
2090.000000	97.904	-136.4513
2120.000000	98.020	-136.3723
2140.000000	98.102	-136.3432
2180.000000	98.270	-136.3807
2200.000000	98.353	-136.4562
2240.000000	98.512	-136.6977
2270.000000	98.623	-136.9225
2300.000000	98.727	-137.1598
2330.000000	98.825	-137.4021
2360.000000	98.921	-137.6460
2400.000000	99.044	-137.9774
2430.000000	99.133	-138.2316
2470.000000	99.248	-138.5785
2500.000000	99.332	-138.8397
2540.000000	99.443	-139.1835
2580.000000	99.554	-139.5148
2620.000000	99.668	-139.8401
2650.000000	99.756	-140.0863
2690.000000	99.883	-140.4294
2720.000000	99.985	-140.7306
2760.000000	100.127	-141.2532
2800.000000	100.264	-141.9416
2850.000000	100.412	-142.9687
2900.000000	100.532	-144.0869
2950.000000	100.624	-145.2420
3000.000000	100.691	-146.3977
3040.000000	100.729	-147.2895
3070.000000	100.750	-147.9291
3110.000000	100.773	-148.7487
3150.000000	100.789	-149.5423
3200.000000	100.801	-150.4609
3250.000000	100.817	-151.3040
3300.000000	100.840	-152.2093
3350.000000	100.851	-153.2164
3400.000000	100.839	-154.2481
3450.000000	100.805	-155.2345
3500.000000	100.757	-156.1330
3550.000000	100.700	-156.9332
3600.000000	100.642	-157.6551
3650.000000	100.585	-158.3309
3700.000000	100.528	-158.9909
3750.000000	100.466	-159.6472
3820.000000	100.367	-160.5393
3870.000000	100.286	-161.1314
3950.000000	100.143	-161.9671
4000.000000	100.047	-162.4157
4060.000000	99.924	-162.8827
4120.000000	99.798	-163.2770
4180.000000	99.672	-163.6046
4250.000000	99.526	-163.9129
4310.000000	99.404	-164.1259
4370.000000	99.285	-164.3008
4440.000000	99.149	-164.4701
4500.000000	99.034	-164.5954
4550.000000	98.938	-164.6925
4620.000000	98.803	-164.8158
4680.000000	98.683	-164.8992
4750.000000	98.541	-164.9508
4820.000000	98.396	-164.9413
4870.000000	98.293	-164.8950
4940.000000	98.151	-164.7802
5000.000000	98.033	-164.6442
5080.000000	97.881	-164.4188
5150.000000	97.752	-164.1884
5220.000000	97.626	-163.9310
5300.000000	97.486	-163.6062
5380.000000	97.348	-163.2514
5450.000000	97.231	-162.9133
5520.000000	97.115	-162.5454
5600.000000	96.987	-162.0867
5700.000000	96.831	-161.4578
5800.000000	96.683	-160.7689
5900.000000	96.544	-160.0121
6000.000000	96.418	-159.1825
6080.000000	96.328	-158.4729
6150.000000	96.259	-157.8229
6220.000000	96.203	-157.1512
6300.000000	96.162	-156.3653
6400.000000	96.156	-155.3745
6500.000000	96.188	-154.3944
6600.000000	96.249	-153.4492
6700.000000	96.337	-152.5602
6800.000000	96.453	-151.7515
6900.000000	96.599	-151.0454
7000.000000	96.775	-150.4666
7100.000000	96.985	-150.0477
7200.000000	97.233	-149.8424
7300.000000	97.517	-149.9206
7400.000000	97.836	-150.3447
7500.000000	98.186	-151.1817
7620.000000	98.642	-152.8768
7750.000000	99.150	-155.7684
7880.000000	99.622	-159.9090
8000.000000	99.951	-164.8797
8120.000000	100.101	-170.8566
8250.000000	100.025	-178.1454
8380.000000	99.681	174.2637
8500.000000	99.132	167.5406
8620.000000	98.395	161.5294
8750.000000	97.452	156.1119
8850.000000	96.668	152.7704
9000.000000	95.465	148.9922
9120.000000	94.513	146.8785
9250.000000	93.516	145.3291
9380.000000	92.567	144.3935
9500.000000	91.739	143.9454
9620.000000	90.958	143.7915
9750.000000	90.157	143.8766
9880.000000	89.399	144.1877
10000.000000	88.736	144.6683
10150.000000	87.952	145.5202
10300.000000	87.218	146.6664
10440.000000	86.584	148.0136
10600.000000	85.932	149.8461
10750.000000	85.401	151.7621
10900.000000	84.952	153.7684
11060.000000	84.560	155.8690
11200.000000	84.283	157.5814
11380.000000	83.996	159.5410
11500.000000	83.835	160.6954
11720.000000	83.582	162.6415
11800.000000	83.503	163.3549
12060.000000	83.328	165.9236
12200.000000	83.317	167.4646
12410.000000	83.463	169.7768
12500.000000	83.596	170.6917
12650.000000	83.919	172.0217
12800.000000	84.365	173.0316
13150.000000	85.914	173.6287
13200.000000	86.204	173.4465
13400.000000	87.580	171.7507
13600.000000	89.382	167.7498
13800.000000	91.666	159.7360
14000.000000	94.214	145.1705
14300.000000	96.939	108.1013
14500.000000	96.870	77.7699
14750.000000	94.703	44.4518
15000.000000	91.648	20.5879
15250.000000	88.886	3.3407
15500.000000	86.741	-11.1619
15750.000000	85.143	-25.2575
16000.000000	84.029	-40.1324
16250.000000	83.393	-56.5353
16500.000000	83.125	-74.9910
16750.000000	83.116	-95.9272
17000.000000	83.298	-119.7909
17250.000000	83.586	-147.0265
17500.000000	83.850	-177.9720
17750.000000	83.927	147.2813
18000.000000	83.650	108.9622
18250.000000	82.906	67.5067
18500.000000	81.668	23.3214
18750.000000	79.973	-23.6104
19000.000000	77.870	-73.8206
19250.000000	75.373	-128.1715
19500.000000	72.443	172.2668
19750.000000	69.114	104.4332
20000.000000	66.321	34.2111
