* Measurement data measured by REW V5.31.3
* Source: USB-C to 3.5mm Headphone Jack Adapter, USB-C to 3.5mm Headphone Jack Adapter, 0, volume: 0.295
* Format: 256k Log Swept Sine, 4 sweeps at -12.0 dBFS with no timing reference
* Dated: Nov 6, 2024 7:08:17 PM
* REW Settings:
*  C-weighting compensation: Off
*  Target level: 75.0 dB
* Note: ; 
* Measurement: Truthear Hexa Narrow Bore L
* Smoothing: 1/24 octave
* Frequency Step: 1/48 octave
* Start Frequency: 20.300 Hz
*
* Freq(Hz)	SPL(dB)	Phase(degrees)
20.299999	96.049	-5.7583
20.600000	96.028	-6.1370
20.900000	96.004	-6.5507
21.200001	95.980	-6.9769
21.400000	95.961	-7.2627
21.799999	95.916	-7.8120
22.000000	95.891	-8.0641
22.400000	95.840	-8.5154
22.700001	95.804	-8.8241
23.000000	95.772	-9.1362
23.299999	95.743	-9.4769
23.600000	95.715	-9.8585
24.000000	95.671	-10.4173
24.299999	95.633	-10.8441
24.700001	95.576	-11.3717
25.000000	95.533	-11.7152
25.400000	95.479	-12.1081
25.799999	95.434	-12.4706
26.200001	95.395	-12.8621
26.500000	95.366	-13.1957
26.900000	95.319	-13.6843
27.200001	95.277	-14.0574
27.600000	95.215	-14.5169
28.000000	95.154	-14.9024
28.500000	95.090	-15.2923
29.000000	95.036	-15.6374
29.500000	94.979	-15.9618
30.000000	94.912	-16.2350
30.400000	94.858	-16.4146
30.700001	94.821	-16.5527
31.100000	94.779	-16.7894
31.500000	94.742	-17.1165
32.000000	94.689	-17.6028
32.500000	94.626	-18.0234
33.000000	94.564	-18.2555
33.500000	94.516	-18.3339
34.000000	94.478	-18.4026
34.500000	94.433	-18.5753
35.000000	94.371	-18.8674
35.500000	94.295	-19.2260
36.000000	94.217	-19.5714
36.500000	94.151	-19.8208
37.000000	94.103	-19.9298
37.500000	94.073	-19.9335
38.200001	94.026	-19.9136
38.700001	93.965	-19.9148
39.500000	93.842	-19.8804
40.000000	93.791	-19.9263
40.599998	93.771	-20.2365
41.200001	93.761	-20.7865
41.799999	93.727	-21.3028
42.500000	93.661	-21.6193
43.099998	93.595	-21.7248
43.700001	93.524	-21.8105
44.400002	93.442	-21.9358
45.000000	93.380	-22.0665
45.500000	93.333	-22.1878
46.200001	93.264	-22.3390
46.799999	93.203	-22.4214
47.500000	93.140	-22.4735
48.200001	93.092	-22.5191
48.700001	93.068	-22.5756
49.400002	93.035	-22.7010
50.000000	92.992	-22.8007
50.799999	92.919	-22.8188
51.500000	92.855	-22.7899
52.200001	92.794	-22.8556
53.000000	92.715	-23.0239
53.799999	92.638	-23.1293
54.500000	92.595	-23.1303
55.200001	92.580	-23.1485
56.000000	92.569	-23.3257
57.000000	92.501	-23.5282
58.000000	92.400	-23.1708
59.000000	92.330	-22.7318
60.000000	92.240	-22.7676
60.799999	92.158	-22.9420
61.500000	92.110	-23.1031
62.200001	92.079	-23.2415
63.000000	92.044	-23.2973
64.000000	91.984	-23.1821
65.000000	91.910	-23.0656
66.000000	91.813	-23.1040
67.000000	91.711	-23.0416
68.000000	91.668	-22.9542
69.000000	91.648	-23.0530
70.000000	91.611	-23.0522
71.000000	91.572	-22.9553
72.000000	91.524	-22.8818
73.000000	91.469	-22.8080
74.000000	91.416	-22.7645
75.000000	91.364	-22.7184
76.199997	91.307	-22.5819
77.500000	91.243	-22.4191
78.800003	91.179	-22.2979
80.000000	91.133	-22.2093
81.199997	91.081	-22.0956
82.500000	91.014	-21.9302
83.800003	90.954	-21.7833
85.000000	90.915	-21.6965
86.199997	90.877	-21.6519
87.500000	90.836	-21.5667
88.500000	90.803	-21.4830
90.000000	90.749	-21.2840
91.199997	90.710	-21.1194
92.500000	90.673	-20.9548
93.800003	90.633	-20.8009
95.000000	90.586	-20.7215
96.199997	90.538	-20.6039
97.500000	90.498	-20.4293
98.800003	90.462	-20.2854
100.000000	90.427	-20.1938
101.500000	90.381	-20.0795
103.000000	90.345	-19.9359
104.400002	90.310	-19.7422
106.000000	90.258	-19.5231
107.500000	90.205	-19.3887
109.000000	90.163	-19.2802
110.599998	90.124	-19.1121
112.000000	90.088	-18.8337
113.800003	90.035	-18.5163
115.000000	90.009	-18.4211
117.199997	89.987	-18.2057
118.000000	89.974	-18.0820
120.599998	89.897	-17.7594
122.000000	89.866	-17.7100
124.099998	89.816	-17.4475
125.000000	89.789	-17.3364
126.500000	89.749	-17.2237
128.000000	89.729	-17.0644
131.500000	89.708	-16.4656
132.000000	89.699	-16.4034
134.000000	89.658	-16.2531
136.000000	89.652	-16.0952
138.000000	89.625	-15.9867
140.000000	89.575	-16.1182
143.000000	89.537	-15.7578
145.000000	89.507	-15.2535
147.500000	89.465	-15.0559
150.000000	89.440	-14.9122
152.500000	89.408	-14.5810
155.000000	89.371	-14.1075
157.500000	89.345	-13.7768
160.000000	89.321	-13.4955
162.500000	89.309	-13.1453
165.000000	89.280	-12.6631
167.500000	89.240	-12.0756
170.000000	89.251	-11.8522
172.500000	89.313	-11.8116
175.000000	89.326	-11.7757
177.500000	89.321	-11.6841
180.000000	89.309	-11.6026
182.500000	89.284	-11.5920
185.000000	89.253	-11.5774
187.500000	89.225	-11.4999
190.000000	89.195	-11.3955
192.500000	89.164	-11.2423
195.000000	89.133	-11.0774
197.500000	89.104	-10.9254
200.000000	89.075	-10.7877
203.000000	89.045	-10.6023
206.000000	89.024	-10.3792
209.000000	89.009	-10.1627
212.000000	88.988	-9.8903
214.000000	88.969	-9.7475
218.000000	88.938	-9.4845
220.000000	88.925	-9.3373
224.000000	88.899	-9.0658
227.000000	88.877	-8.8754
230.000000	88.854	-8.6959
233.000000	88.832	-8.4810
236.000000	88.816	-8.2829
240.000000	88.796	-8.0369
243.000000	88.780	-7.8495
247.000000	88.759	-7.6182
250.000000	88.742	-7.4140
254.000000	88.721	-7.1335
258.000000	88.697	-6.8959
262.000000	88.674	-6.6253
265.000000	88.656	-6.4245
269.000000	88.634	-6.1235
272.000000	88.620	-5.9164
276.000000	88.599	-5.6930
280.000000	88.577	-5.4429
285.000000	88.550	-5.1053
290.000000	88.525	-4.7658
295.000000	88.497	-4.4924
300.000000	88.463	-4.2430
304.000000	88.454	-3.8739
307.000000	88.452	-3.5825
311.000000	88.449	-3.2019
315.000000	88.447	-2.8107
320.000000	88.447	-2.3849
325.000000	88.452	-2.0355
330.000000	88.463	-1.7199
335.000000	88.471	-1.5008
340.000000	88.482	-1.3212
345.000000	88.487	-1.1338
350.000000	88.478	-0.9594
355.000000	88.463	-0.8046
360.000000	88.449	-0.6557
365.000000	88.438	-0.4619
370.000000	88.427	-0.2754
375.000000	88.415	-0.0655
382.000000	88.396	0.2820
387.000000	88.379	0.5177
395.000000	88.358	0.9119
400.000000	88.348	1.1692
406.000000	88.337	1.4759
412.000000	88.322	1.8046
418.000000	88.302	2.2087
425.000000	88.295	2.5226
431.000000	88.297	2.6996
437.000000	88.292	2.9478
444.000000	88.281	3.2590
450.000000	88.273	3.5296
455.000000	88.266	3.7526
462.000000	88.255	4.0618
468.000000	88.245	4.3367
475.000000	88.233	4.6551
482.000000	88.221	4.9668
487.000000	88.213	5.1883
494.000000	88.202	5.4996
500.000000	88.191	5.7727
508.000000	88.178	6.1472
515.000000	88.167	6.4856
522.000000	88.156	6.8270
530.000000	88.143	7.2145
538.000000	88.131	7.6177
545.000000	88.123	7.9592
552.000000	88.115	8.2882
560.000000	88.106	8.6788
570.000000	88.095	9.1816
580.000000	88.084	9.6841
590.000000	88.073	10.1880
600.000000	88.064	10.6986
608.000000	88.057	11.1085
615.000000	88.052	11.4717
622.000000	88.047	11.8411
630.000000	88.042	12.2619
640.000000	88.037	12.7932
650.000000	88.032	13.3350
660.000000	88.029	13.8811
670.000000	88.027	14.4230
680.000000	88.025	14.9722
690.000000	88.025	15.5274
700.000000	88.027	16.0900
710.000000	88.030	16.6547
720.000000	88.036	17.2215
730.000000	88.043	17.8117
740.000000	88.050	18.4070
750.000000	88.059	18.9974
762.000000	88.074	19.7124
775.000000	88.094	20.4863
788.000000	88.115	21.2724
800.000000	88.134	22.0195
812.000000	88.154	22.7599
825.000000	88.179	23.5604
838.000000	88.207	24.3580
850.000000	88.238	25.1041
862.000000	88.273	25.8464
875.000000	88.315	26.6397
885.000000	88.351	27.2461
900.000000	88.411	28.1487
912.000000	88.463	28.8609
925.000000	88.523	29.6150
938.000000	88.588	30.3467
950.000000	88.653	31.0060
962.000000	88.721	31.6469
975.000000	88.799	32.3125
988.000000	88.880	32.9518
1000.000000	88.957	33.5153
1015.000000	89.055	34.1858
1030.000000	89.158	34.8059
1044.000000	89.258	35.3341
1060.000000	89.372	35.8922
1075.000000	89.480	36.3703
1090.000000	89.588	36.7986
1106.000000	89.702	37.2019
1120.000000	89.801	37.5147
1138.000000	89.926	37.8579
1150.000000	90.006	38.0644
1172.000000	90.148	38.3914
1180.000000	90.198	38.4905
1206.000000	90.354	38.7639
1220.000000	90.434	38.8805
1241.000000	90.548	39.0274
1250.000000	90.596	39.0842
1265.000000	90.677	39.1700
1280.000000	90.755	39.2454
1315.000000	90.924	39.4086
1320.000000	90.947	39.4324
1340.000000	91.036	39.5273
1360.000000	91.120	39.6233
1380.000000	91.200	39.7248
1400.000000	91.275	39.8401
1430.000000	91.381	40.0400
1450.000000	91.448	40.1905
1475.000000	91.531	40.3923
1500.000000	91.612	40.6060
1525.000000	91.689	40.8458
1550.000000	91.766	41.1035
1575.000000	91.843	41.3787
1600.000000	91.917	41.6744
1625.000000	91.988	41.9810
1650.000000	92.059	42.3005
1675.000000	92.130	42.6335
1700.000000	92.203	42.9737
1725.000000	92.279	43.3169
1750.000000	92.357	43.6637
1775.000000	92.438	44.0035
1800.000000	92.521	44.3359
1825.000000	92.605	44.6623
1850.000000	92.690	44.9844
1875.000000	92.777	45.3064
1900.000000	92.866	45.6292
1925.000000	92.957	45.9440
1950.000000	93.050	46.2508
1975.000000	93.147	46.5486
2000.000000	93.246	46.8394
2030.000000	93.371	47.1754
2060.000000	93.500	47.4921
2090.000000	93.632	47.7852
2120.000000	93.767	48.0506
2140.000000	93.859	48.2136
2180.000000	94.046	48.5021
2200.000000	94.142	48.6262
2240.000000	94.337	48.8334
2270.000000	94.486	48.9464
2300.000000	94.638	49.0227
2330.000000	94.791	49.0603
2360.000000	94.946	49.0578
2400.000000	95.155	48.9854
2430.000000	95.313	48.8763
2470.000000	95.525	48.6560
2500.000000	95.685	48.4307
2540.000000	95.898	48.0474
2580.000000	96.111	47.5695
2620.000000	96.319	46.9937
2650.000000	96.472	46.4962
2690.000000	96.669	45.7482
2720.000000	96.811	45.1292
2760.000000	96.992	44.2373
2800.000000	97.163	43.2821
2850.000000	97.367	42.0248
2900.000000	97.568	40.6894
2950.000000	97.771	39.1812
3000.000000	97.967	37.3742
3040.000000	98.100	35.6903
3070.000000	98.179	34.3120
3110.000000	98.251	32.3664
3150.000000	98.283	30.3566
3200.000000	98.265	27.8387
3250.000000	98.185	25.4081
3300.000000	98.048	23.1680
3350.000000	97.868	21.1974
3400.000000	97.661	19.5285
3450.000000	97.441	18.1405
3500.000000	97.215	16.9889
3550.000000	96.988	16.0302
3600.000000	96.760	15.2415
3650.000000	96.533	14.6077
3700.000000	96.307	14.1199
3750.000000	96.083	13.7725
3820.000000	95.775	13.5108
3870.000000	95.563	13.4755
3950.000000	95.238	13.6533
4000.000000	95.044	13.8952
4060.000000	94.821	14.2977
4120.000000	94.612	14.8029
4180.000000	94.417	15.3953
4250.000000	94.212	16.1610
4310.000000	94.052	16.8388
4370.000000	93.901	17.5492
4440.000000	93.739	18.4422
4500.000000	93.613	19.2505
4550.000000	93.519	19.9483
4620.000000	93.402	20.9474
4680.000000	93.316	21.8133
4750.000000	93.231	22.8286
4820.000000	93.165	23.8319
4870.000000	93.129	24.5241
4940.000000	93.091	25.4427
5000.000000	93.068	26.1754
5080.000000	93.048	27.0738
5150.000000	93.036	27.7872
5220.000000	93.026	28.4411
5300.000000	93.015	29.1355
5380.000000	93.003	29.8055
5450.000000	92.991	30.3926
5520.000000	92.981	30.9852
5600.000000	92.971	31.6849
5700.000000	92.970	32.6125
5800.000000	92.988	33.5703
5900.000000	93.028	34.5185
6000.000000	93.089	35.4300
6080.000000	93.151	36.1321
6150.000000	93.215	36.7314
6220.000000	93.293	37.3170
6300.000000	93.407	37.9655
6400.000000	93.600	38.7334
6500.000000	93.836	39.4248
6600.000000	94.110	40.0060
6700.000000	94.422	40.4375
6800.000000	94.775	40.6802
6900.000000	95.175	40.6736
7000.000000	95.624	40.3230
7100.000000	96.123	39.5256
7200.000000	96.671	38.1372
7300.000000	97.254	35.9763
7400.000000	97.848	32.8763
7500.000000	98.421	28.7178
7620.000000	99.017	22.1474
7750.000000	99.405	13.1231
7880.000000	99.371	2.9764
8000.000000	98.908	-6.1986
8120.000000	98.074	-14.1927
8250.000000	96.904	-20.9041
8380.000000	95.625	-25.5123
8500.000000	94.448	-28.1385
8620.000000	93.328	-29.5248
8750.000000	92.208	-29.9669
8850.000000	91.421	-29.7482
9000.000000	90.363	-28.7884
9120.000000	89.619	-27.6468
9250.000000	88.909	-26.1632
9380.000000	88.293	-24.5256
9500.000000	87.806	-22.9485
9620.000000	87.391	-21.3546
9750.000000	87.021	-19.6893
9880.000000	86.730	-18.1645
10000.000000	86.532	-16.9173
10150.000000	86.374	-15.6540
10300.000000	86.306	-14.8318
10440.000000	86.309	-14.5629
10600.000000	86.374	-14.9660
10750.000000	86.471	-16.1149
10900.000000	86.570	-18.0900
11060.000000	86.616	-21.0791
11200.000000	86.547	-24.0829
11380.000000	86.356	-27.5292
11500.000000	86.254	-29.6252
11720.000000	86.105	-33.9719
11800.000000	86.040	-35.6786
12060.000000	85.802	-41.2425
12200.000000	85.688	-44.1947
12410.000000	85.591	-48.7391
12500.000000	85.587	-50.8284
12650.000000	85.629	-54.6256
12800.000000	85.712	-58.8794
13150.000000	85.981	-70.8089
13200.000000	86.022	-72.7650
13400.000000	86.180	-81.2653
13600.000000	86.299	-90.8354
13800.000000	86.350	-101.4010
14000.000000	86.315	-112.8219
14300.000000	86.094	-131.1949
14500.000000	85.846	-144.1051
14750.000000	85.436	-160.7701
15000.000000	84.981	-177.8761
15250.000000	84.540	164.3059
15500.000000	84.111	145.5666
15750.000000	83.705	125.8366
16000.000000	83.395	105.0150
16250.000000	83.269	82.8375
16500.000000	83.290	58.8262
16750.000000	83.389	32.2807
17000.000000	83.457	2.4188
17250.000000	83.260	-31.2134
17500.000000	82.490	-68.1091
17750.000000	80.932	-106.6840
18000.000000	78.594	-145.1294
18250.000000	75.639	177.8394
18500.000000	72.520	143.0624
18750.000000	70.850	105.7659
19000.000000	70.001	56.3009
19250.000000	67.645	-1.8246
19500.000000	63.798	-64.2443
19750.000000	59.113	-133.0444
20000.000000	54.907	155.4354
