* Measurement data measured by REW V5.31.3
* Source: USB-C to 3.5mm Headphone Jack Adapter, USB-C to 3.5mm Headphone Jack Adapter, 0, volume: 0.295
* Format: 256k Log Swept Sine, 4 sweeps at -12.0 dBFS with no timing reference
* Dated: Nov 6, 2024 8:02:55 PM
* REW Settings:
*  C-weighting compensation: Off
*  Target level: 75.0 dB
* Note: ; 
* Measurement: Truthear Hexa Divinus L
* Smoothing: 1/24 octave
* Frequency Step: 1/48 octave
* Start Frequency: 20.300 Hz
*
* Freq(Hz)	SPL(dB)	Phase(degrees)
20.299999	96.206	-5.0844
20.600000	96.202	-5.5122
20.900000	96.190	-6.0311
21.200001	96.167	-6.5863
21.400000	96.143	-6.9496
21.799999	96.081	-7.5914
22.000000	96.047	-7.8512
22.400000	95.983	-8.2562
22.700001	95.946	-8.5082
23.000000	95.919	-8.7747
23.299999	95.897	-9.0959
23.600000	95.875	-9.4832
24.000000	95.835	-10.0699
24.299999	95.798	-10.5186
24.700001	95.743	-11.0724
25.000000	95.702	-11.4393
25.400000	95.654	-11.8745
25.799999	95.613	-12.2759
26.200001	95.574	-12.6632
26.500000	95.543	-12.9451
26.900000	95.496	-13.3028
27.200001	95.457	-13.5532
27.600000	95.401	-13.8608
28.000000	95.342	-14.1389
28.500000	95.272	-14.4531
29.000000	95.213	-14.7566
29.500000	95.163	-15.0851
30.000000	95.114	-15.4422
30.400000	95.070	-15.7234
30.700001	95.035	-15.9209
31.100000	94.989	-16.1770
31.500000	94.947	-16.4610
32.000000	94.897	-16.9088
32.500000	94.841	-17.4329
33.000000	94.776	-17.9035
33.500000	94.713	-18.2051
34.000000	94.664	-18.3491
34.500000	94.626	-18.4444
35.000000	94.587	-18.5880
35.500000	94.539	-18.8190
36.000000	94.488	-19.1488
36.500000	94.436	-19.5615
37.000000	94.382	-19.9733
37.500000	94.326	-20.2484
38.200001	94.257	-20.2922
38.700001	94.218	-20.2138
39.500000	94.142	-20.2610
40.000000	94.074	-20.4152
40.599998	93.991	-20.6265
41.200001	93.931	-20.8352
41.799999	93.887	-21.0344
42.500000	93.826	-21.1620
43.099998	93.763	-21.1507
43.700001	93.702	-21.1446
44.400002	93.637	-21.2983
45.000000	93.582	-21.5192
45.500000	93.536	-21.6636
46.200001	93.478	-21.7336
46.799999	93.428	-21.7433
47.500000	93.357	-21.8263
48.200001	93.271	-22.0126
48.700001	93.212	-22.1914
49.400002	93.144	-22.4955
50.000000	93.093	-22.7616
50.799999	93.020	-22.9747
51.500000	92.962	-23.0574
52.200001	92.912	-23.2559
53.000000	92.853	-23.6287
53.799999	92.817	-23.8306
54.500000	92.823	-23.7418
55.200001	92.834	-23.4593
56.000000	92.806	-23.0427
57.000000	92.695	-22.7779
58.000000	92.578	-22.8855
59.000000	92.566	-23.2273
60.000000	92.535	-23.5472
60.799999	92.443	-23.3768
61.500000	92.368	-23.1247
62.200001	92.316	-23.0746
63.000000	92.270	-23.1389
64.000000	92.210	-23.0278
65.000000	92.132	-22.9243
66.000000	92.072	-23.2668
67.000000	92.028	-23.7849
68.000000	91.976	-23.6101
69.000000	91.927	-23.0887
70.000000	91.857	-22.9324
71.000000	91.795	-22.9363
72.000000	91.754	-22.8265
73.000000	91.710	-22.6426
74.000000	91.656	-22.5740
75.000000	91.606	-22.5678
76.199997	91.554	-22.4942
77.500000	91.492	-22.3626
78.800003	91.438	-22.3008
80.000000	91.384	-22.2400
81.199997	91.326	-22.1286
82.500000	91.267	-22.0068
83.800003	91.213	-21.8989
85.000000	91.167	-21.8042
86.199997	91.122	-21.6871
87.500000	91.072	-21.5745
88.500000	91.033	-21.4966
90.000000	90.979	-21.3599
91.199997	90.936	-21.2302
92.500000	90.891	-21.1034
93.800003	90.847	-20.9805
95.000000	90.809	-20.8726
96.199997	90.770	-20.7547
97.500000	90.730	-20.6121
98.800003	90.691	-20.4633
100.000000	90.653	-20.3538
101.500000	90.602	-20.2190
103.000000	90.562	-20.0754
104.400002	90.528	-19.9215
106.000000	90.489	-19.7526
107.500000	90.448	-19.6119
109.000000	90.410	-19.4611
110.599998	90.367	-19.2988
112.000000	90.328	-19.1653
113.800003	90.277	-19.0111
115.000000	90.244	-18.8806
117.199997	90.193	-18.5707
118.000000	90.167	-18.4501
120.599998	90.091	-18.1437
122.000000	90.077	-18.0950
124.099998	90.036	-17.8645
125.000000	90.015	-17.6951
126.500000	89.996	-17.4426
128.000000	89.979	-17.2193
131.500000	89.895	-17.0150
132.000000	89.887	-17.0308
134.000000	89.872	-17.0837
136.000000	89.836	-16.8888
138.000000	89.773	-16.5843
140.000000	89.752	-16.1764
143.000000	89.711	-15.6250
145.000000	89.660	-15.4769
147.500000	89.656	-15.0256
150.000000	89.630	-14.5197
152.500000	89.610	-14.4266
155.000000	89.585	-14.2443
157.500000	89.586	-14.0728
160.000000	89.570	-14.0497
162.500000	89.572	-13.6405
165.000000	89.537	-13.3247
167.500000	89.490	-12.9931
170.000000	89.466	-12.6897
172.500000	89.447	-12.4826
175.000000	89.425	-12.2323
177.500000	89.418	-12.0312
180.000000	89.406	-11.8428
182.500000	89.380	-11.6273
185.000000	89.361	-11.4678
187.500000	89.342	-11.2681
190.000000	89.322	-11.1174
192.500000	89.300	-10.9793
195.000000	89.269	-10.7879
197.500000	89.234	-10.6339
200.000000	89.202	-10.5243
203.000000	89.190	-10.3039
206.000000	89.183	-9.9879
209.000000	89.164	-9.6017
212.000000	89.138	-9.2910
214.000000	89.125	-9.2182
218.000000	89.128	-9.1181
220.000000	89.133	-9.0589
224.000000	89.114	-8.8478
227.000000	89.082	-8.6639
230.000000	89.054	-8.4797
233.000000	89.032	-8.2346
236.000000	89.016	-7.9627
240.000000	89.007	-7.6270
243.000000	89.010	-7.3820
247.000000	89.021	-7.0880
250.000000	89.027	-6.8890
254.000000	89.019	-6.6833
258.000000	88.989	-6.5521
262.000000	88.964	-6.3894
265.000000	88.953	-6.1911
269.000000	88.943	-5.9037
272.000000	88.938	-5.7800
276.000000	88.932	-5.6552
280.000000	88.919	-5.4843
285.000000	88.896	-5.2640
290.000000	88.874	-5.0566
295.000000	88.849	-4.8771
300.000000	88.816	-4.6563
304.000000	88.797	-4.4421
307.000000	88.785	-4.2806
311.000000	88.769	-4.0550
315.000000	88.754	-3.8287
320.000000	88.733	-3.5694
325.000000	88.711	-3.3129
330.000000	88.689	-3.0528
335.000000	88.667	-2.7855
340.000000	88.644	-2.4956
345.000000	88.621	-2.1868
350.000000	88.601	-1.8722
355.000000	88.585	-1.5347
360.000000	88.570	-1.1903
365.000000	88.557	-0.8359
370.000000	88.546	-0.4469
375.000000	88.541	-0.0310
382.000000	88.550	0.4920
387.000000	88.569	0.8237
395.000000	88.607	1.1992
400.000000	88.623	1.3449
406.000000	88.634	1.4724
412.000000	88.636	1.5927
418.000000	88.631	1.7174
425.000000	88.612	1.9104
431.000000	88.593	2.1121
437.000000	88.576	2.3303
444.000000	88.558	2.5947
450.000000	88.544	2.8303
455.000000	88.532	3.0343
462.000000	88.514	3.3202
468.000000	88.499	3.5712
475.000000	88.483	3.8888
482.000000	88.468	4.2059
487.000000	88.458	4.4220
494.000000	88.444	4.7255
500.000000	88.432	4.9953
508.000000	88.416	5.3619
515.000000	88.403	5.6897
522.000000	88.391	6.0206
530.000000	88.377	6.3932
538.000000	88.363	6.7690
545.000000	88.353	7.1055
552.000000	88.346	7.4409
560.000000	88.336	7.8291
570.000000	88.325	8.3157
580.000000	88.314	8.7993
590.000000	88.304	9.2899
600.000000	88.293	9.7870
608.000000	88.285	10.1826
615.000000	88.278	10.5288
622.000000	88.272	10.8841
630.000000	88.266	11.2967
640.000000	88.260	11.8111
650.000000	88.255	12.3268
660.000000	88.251	12.8487
670.000000	88.247	13.4000
680.000000	88.245	13.9544
690.000000	88.244	14.5055
700.000000	88.244	15.0564
710.000000	88.246	15.6155
720.000000	88.250	16.1817
730.000000	88.255	16.7495
740.000000	88.261	17.3319
750.000000	88.269	17.9258
762.000000	88.282	18.6342
775.000000	88.299	19.4050
788.000000	88.319	20.1867
800.000000	88.339	20.9105
812.000000	88.360	21.6381
825.000000	88.385	22.4269
838.000000	88.413	23.2196
850.000000	88.443	23.9560
862.000000	88.477	24.6907
875.000000	88.519	25.4812
885.000000	88.555	26.0826
900.000000	88.616	26.9697
912.000000	88.666	27.6767
925.000000	88.725	28.4260
938.000000	88.791	29.1550
950.000000	88.857	29.8070
962.000000	88.925	30.4393
975.000000	89.004	31.0998
988.000000	89.086	31.7332
1000.000000	89.165	32.2888
1015.000000	89.268	32.9430
1030.000000	89.372	33.5504
1044.000000	89.471	34.0706
1060.000000	89.587	34.6157
1075.000000	89.697	35.0766
1090.000000	89.807	35.4875
1106.000000	89.924	35.8728
1120.000000	90.025	36.1669
1138.000000	90.152	36.4851
1150.000000	90.234	36.6674
1172.000000	90.378	36.9453
1180.000000	90.429	37.0281
1206.000000	90.587	37.2443
1220.000000	90.667	37.3336
1241.000000	90.781	37.4434
1250.000000	90.830	37.4839
1265.000000	90.911	37.5362
1280.000000	90.989	37.5735
1315.000000	91.161	37.6556
1320.000000	91.184	37.6679
1340.000000	91.271	37.7202
1360.000000	91.354	37.7795
1380.000000	91.433	37.8423
1400.000000	91.507	37.9129
1430.000000	91.611	38.0433
1450.000000	91.678	38.1489
1475.000000	91.758	38.2993
1500.000000	91.836	38.4704
1525.000000	91.911	38.6618
1550.000000	91.986	38.8709
1575.000000	92.060	39.0980
1600.000000	92.132	39.3405
1625.000000	92.199	39.5962
1650.000000	92.266	39.8670
1675.000000	92.334	40.1485
1700.000000	92.403	40.4403
1725.000000	92.474	40.7377
1750.000000	92.547	41.0385
1775.000000	92.622	41.3434
1800.000000	92.698	41.6522
1825.000000	92.777	41.9582
1850.000000	92.858	42.2607
1875.000000	92.941	42.5585
1900.000000	93.027	42.8546
1925.000000	93.115	43.1491
1950.000000	93.206	43.4380
1975.000000	93.299	43.7164
2000.000000	93.395	43.9796
2030.000000	93.516	44.2811
2060.000000	93.641	44.5655
2090.000000	93.770	44.8329
2120.000000	93.902	45.0762
2140.000000	93.991	45.2234
2180.000000	94.175	45.4810
2200.000000	94.268	45.5906
2240.000000	94.459	45.7672
2270.000000	94.606	45.8605
2300.000000	94.756	45.9189
2330.000000	94.908	45.9386
2360.000000	95.062	45.9163
2400.000000	95.270	45.8183
2430.000000	95.428	45.6896
2470.000000	95.641	45.4431
2500.000000	95.802	45.1982
2540.000000	96.020	44.7834
2580.000000	96.238	44.2660
2620.000000	96.454	43.6436
2650.000000	96.614	43.1036
2690.000000	96.824	42.2819
2720.000000	96.978	41.5881
2760.000000	97.176	40.5599
2800.000000	97.364	39.4120
2850.000000	97.583	37.8054
2900.000000	97.779	36.0131
2950.000000	97.948	34.0419
3000.000000	98.084	31.9033
3040.000000	98.166	30.0866
3070.000000	98.210	28.6737
3110.000000	98.242	26.7378
3150.000000	98.242	24.7657
3200.000000	98.195	22.3018
3250.000000	98.094	19.9119
3300.000000	97.942	17.6772
3350.000000	97.748	15.6643
3400.000000	97.523	13.9117
3450.000000	97.280	12.4251
3500.000000	97.025	11.1910
3550.000000	96.765	10.1826
3600.000000	96.504	9.3728
3650.000000	96.245	8.7432
3700.000000	95.988	8.2802
3750.000000	95.735	7.9694
3820.000000	95.390	7.7680
3870.000000	95.152	7.7790
3950.000000	94.788	8.0387
4000.000000	94.571	8.3332
4060.000000	94.320	8.8049
4120.000000	94.083	9.3861
4180.000000	93.861	10.0641
4250.000000	93.624	10.9506
4310.000000	93.439	11.7683
4370.000000	93.270	12.6241
4440.000000	93.092	13.6534
4500.000000	92.953	14.5588
4550.000000	92.846	15.3311
4620.000000	92.713	16.4324
4680.000000	92.613	17.3808
4750.000000	92.515	18.4764
4820.000000	92.433	19.5357
4870.000000	92.383	20.2602
4940.000000	92.321	21.2270
5000.000000	92.273	22.0236
5080.000000	92.218	23.0593
5150.000000	92.174	23.9456
5220.000000	92.137	24.8196
5300.000000	92.104	25.8018
5380.000000	92.080	26.7643
5450.000000	92.066	27.5899
5520.000000	92.058	28.4002
5600.000000	92.056	29.3088
5700.000000	92.066	30.4203
5800.000000	92.091	31.5108
5900.000000	92.131	32.5748
6000.000000	92.188	33.6157
6080.000000	92.248	34.4279
6150.000000	92.312	35.1198
6220.000000	92.390	35.7910
6300.000000	92.504	36.5254
6400.000000	92.694	37.3870
6500.000000	92.924	38.1718
6600.000000	93.188	38.8549
6700.000000	93.486	39.4090
6800.000000	93.824	39.7904
6900.000000	94.204	39.9438
7000.000000	94.630	39.7957
7100.000000	95.102	39.2548
7200.000000	95.618	38.2025
7300.000000	96.167	36.5101
7400.000000	96.732	34.0835
7500.000000	97.303	30.8397
7620.000000	97.962	25.6246
7750.000000	98.548	18.1431
7880.000000	98.872	8.9916
8000.000000	98.828	-0.4301
8120.000000	98.374	-10.0035
8250.000000	97.452	-19.4153
8380.000000	96.216	-26.8837
8500.000000	94.944	-31.7560
8620.000000	93.658	-34.8608
8750.000000	92.330	-36.6380
8850.000000	91.381	-37.1598
9000.000000	90.091	-36.9831
9120.000000	89.177	-36.2929
9250.000000	88.294	-35.2151
9380.000000	87.511	-33.9390
9500.000000	86.868	-32.6819
9620.000000	86.295	-31.4171
9750.000000	85.744	-30.0994
9880.000000	85.259	-28.8423
10000.000000	84.868	-27.7703
10150.000000	84.449	-26.6297
10300.000000	84.102	-25.7628
10440.000000	83.833	-25.2622
10600.000000	83.576	-25.1304
10750.000000	83.369	-25.5067
10900.000000	83.170	-26.4439
11060.000000	82.919	-28.0491
11200.000000	82.616	-29.6172
11380.000000	82.167	-30.9721
11500.000000	81.922	-31.6283
11720.000000	81.553	-33.3497
11800.000000	81.417	-34.1038
12060.000000	80.960	-36.5524
12200.000000	80.729	-37.7569
12410.000000	80.458	-39.4638
12500.000000	80.383	-40.2353
12650.000000	80.312	-41.6727
12800.000000	80.294	-43.3380
13150.000000	80.421	-48.1809
13200.000000	80.460	-48.9989
13400.000000	80.669	-52.6550
13600.000000	80.969	-57.0359
13800.000000	81.359	-62.2877
14000.000000	81.835	-68.5622
14300.000000	82.706	-80.1176
14500.000000	83.416	-89.5059
14750.000000	84.496	-103.7325
15000.000000	85.777	-122.0022
15250.000000	86.998	-145.7774
15500.000000	87.679	-175.0634
15750.000000	87.369	152.4412
16000.000000	86.045	120.4474
16250.000000	84.148	91.4342
16500.000000	82.132	65.5992
16750.000000	80.252	41.8629
17000.000000	78.612	18.9946
17250.000000	77.240	-4.0768
17500.000000	76.137	-28.4366
17750.000000	75.248	-55.2117
18000.000000	74.363	-85.1882
18250.000000	73.164	-117.9021
18500.000000	71.844	-151.5100
18750.000000	71.786	171.1477
19000.000000	72.025	121.7586
19250.000000	70.753	63.2538
19500.000000	68.226	-0.4368
19750.000000	65.058	-72.5106
20000.000000	62.394	-146.9285
