* Measurement data measured by REW V5.31.3
* Source: USB-C to 3.5mm Headphone Jack Adapter, USB-C to 3.5mm Headphone Jack Adapter, 0, volume: 0.295
* Format: 256k Log Swept Sine, 4 sweeps at -12.0 dBFS with no timing reference
* Dated: Nov 6, 2024 7:36:53 PM
* REW Settings:
*  C-weighting compensation: Off
*  Target level: 75.0 dB
* Note: ; 
* Measurement: Truthear Hexa Narrow Bore R
* Smoothing: 1/24 octave
* Frequency Step: 1/48 octave
* Start Frequency: 20.300 Hz
*
* Freq(Hz)	SPL(dB)	Phase(degrees)
20.299999	96.874	-3.1424
20.600000	96.845	-3.4998
20.900000	96.813	-3.9089
21.200001	96.783	-4.3611
21.400000	96.763	-4.6872
21.799999	96.724	-5.3759
22.000000	96.703	-5.7210
22.400000	96.662	-6.3717
22.700001	96.634	-6.8103
23.000000	96.610	-7.2136
23.299999	96.589	-7.6012
23.600000	96.570	-7.9929
24.000000	96.541	-8.5362
24.299999	96.515	-8.9520
24.700001	96.473	-9.4906
25.000000	96.439	-9.8662
25.400000	96.395	-10.3221
25.799999	96.354	-10.7379
26.200001	96.318	-11.1335
26.500000	96.291	-11.4264
26.900000	96.255	-11.8197
27.200001	96.226	-12.1212
27.600000	96.185	-12.5389
28.000000	96.141	-12.9785
28.500000	96.082	-13.5465
29.000000	96.019	-14.0908
29.500000	95.955	-14.5525
30.000000	95.897	-14.9012
30.400000	95.859	-15.1151
30.700001	95.836	-15.2624
31.100000	95.810	-15.4792
31.500000	95.786	-15.7546
32.000000	95.748	-16.1954
32.500000	95.694	-16.6934
33.000000	95.627	-17.1592
33.500000	95.559	-17.5334
34.000000	95.500	-17.8232
34.500000	95.454	-18.0775
35.000000	95.415	-18.3404
35.500000	95.378	-18.6305
36.000000	95.338	-18.9487
36.500000	95.294	-19.2840
37.000000	95.244	-19.6125
37.500000	95.190	-19.9068
38.200001	95.119	-20.2513
38.700001	95.070	-20.4747
39.500000	94.989	-20.8155
40.000000	94.933	-20.9860
40.599998	94.867	-21.1239
41.200001	94.811	-21.2422
41.799999	94.762	-21.4291
42.500000	94.700	-21.7594
43.099998	94.639	-22.0625
43.700001	94.582	-22.3264
44.400002	94.524	-22.5869
45.000000	94.475	-22.7654
45.500000	94.432	-22.8716
46.200001	94.373	-23.0208
46.799999	94.324	-23.2613
47.500000	94.254	-23.6722
48.200001	94.175	-24.0148
48.700001	94.125	-24.1379
49.400002	94.074	-24.2017
50.000000	94.035	-24.2423
50.799999	93.980	-24.3100
51.500000	93.935	-24.3963
52.200001	93.892	-24.5532
53.000000	93.825	-24.7589
53.799999	93.737	-24.8433
54.500000	93.670	-24.8265
55.200001	93.625	-24.8458
56.000000	93.584	-25.0069
57.000000	93.508	-25.3541
58.000000	93.420	-25.5761
59.000000	93.412	-25.7919
60.000000	93.399	-26.2265
60.799999	93.311	-26.2880
61.500000	93.215	-26.0642
62.200001	93.137	-25.9062
63.000000	93.066	-25.9701
64.000000	92.987	-26.0544
65.000000	92.921	-26.0175
66.000000	92.833	-26.1192
67.000000	92.732	-26.1981
68.000000	92.684	-26.1755
69.000000	92.658	-26.2724
70.000000	92.598	-26.3181
71.000000	92.536	-26.2599
72.000000	92.480	-26.2722
73.000000	92.424	-26.3060
74.000000	92.371	-26.3054
75.000000	92.320	-26.2912
76.199997	92.253	-26.2819
77.500000	92.175	-26.2597
78.800003	92.103	-26.2177
80.000000	92.038	-26.2059
81.199997	91.972	-26.1764
82.500000	91.903	-26.1249
83.800003	91.828	-26.0366
85.000000	91.771	-26.0042
86.199997	91.722	-26.0217
87.500000	91.665	-25.9594
88.500000	91.618	-25.8925
90.000000	91.549	-25.8483
91.199997	91.495	-25.8007
92.500000	91.431	-25.7160
93.800003	91.362	-25.6438
95.000000	91.308	-25.5736
96.199997	91.259	-25.5093
97.500000	91.201	-25.4124
98.800003	91.146	-25.2790
100.000000	91.101	-25.1524
101.500000	91.049	-25.0377
103.000000	90.994	-24.8520
104.400002	90.922	-24.5753
106.000000	90.845	-24.3754
107.500000	90.792	-24.4131
109.000000	90.745	-24.3709
110.599998	90.703	-24.2282
112.000000	90.667	-24.0796
113.800003	90.608	-23.9265
115.000000	90.561	-23.9000
117.199997	90.477	-23.5922
118.000000	90.437	-23.3886
120.599998	90.274	-23.0527
122.000000	90.242	-22.9399
124.099998	90.189	-22.4097
125.000000	90.163	-22.1538
126.500000	90.143	-21.9811
128.000000	90.122	-22.0640
131.500000	90.034	-21.7574
132.000000	90.030	-21.6556
134.000000	90.021	-21.3616
136.000000	89.999	-21.1282
138.000000	89.914	-20.5360
140.000000	89.842	-20.4421
143.000000	89.784	-19.9223
145.000000	89.730	-19.3029
147.500000	89.687	-18.7350
150.000000	89.741	-18.1800
152.500000	89.775	-17.7092
155.000000	89.762	-17.4730
157.500000	89.729	-17.5281
160.000000	89.749	-17.6198
162.500000	89.761	-17.4497
165.000000	89.753	-17.4966
167.500000	89.726	-17.7027
170.000000	89.672	-17.6540
172.500000	89.645	-17.4748
175.000000	89.623	-17.1337
177.500000	89.583	-16.9529
180.000000	89.548	-16.9771
182.500000	89.489	-16.6556
185.000000	89.430	-16.3615
187.500000	89.393	-16.1872
190.000000	89.363	-15.9911
192.500000	89.332	-15.7806
195.000000	89.297	-15.5591
197.500000	89.258	-15.3726
200.000000	89.219	-15.3097
203.000000	89.201	-15.1742
206.000000	89.211	-14.9420
209.000000	89.187	-14.7986
212.000000	89.150	-14.5955
214.000000	89.127	-14.4896
218.000000	89.082	-14.3714
220.000000	89.059	-14.2741
224.000000	89.019	-13.9933
227.000000	88.992	-13.8268
230.000000	88.967	-13.6866
233.000000	88.939	-13.5145
236.000000	88.905	-13.2964
240.000000	88.858	-12.9943
243.000000	88.825	-12.7695
247.000000	88.784	-12.4973
250.000000	88.754	-12.2975
254.000000	88.714	-12.0323
258.000000	88.671	-11.7307
262.000000	88.632	-11.3628
265.000000	88.603	-11.1180
269.000000	88.558	-10.8342
272.000000	88.525	-10.6066
276.000000	88.484	-10.2975
280.000000	88.442	-9.9302
285.000000	88.388	-9.3490
290.000000	88.342	-8.6288
295.000000	88.312	-7.7434
300.000000	88.326	-6.7439
304.000000	88.384	-6.1589
307.000000	88.444	-5.8990
311.000000	88.521	-5.7916
315.000000	88.578	-5.8992
320.000000	88.607	-6.1131
325.000000	88.599	-6.2691
330.000000	88.571	-6.3407
335.000000	88.536	-6.3082
340.000000	88.501	-6.2046
345.000000	88.467	-6.0551
350.000000	88.432	-5.8631
355.000000	88.399	-5.6604
360.000000	88.369	-5.4707
365.000000	88.342	-5.2616
370.000000	88.319	-5.0107
375.000000	88.293	-4.7557
382.000000	88.258	-4.4180
387.000000	88.235	-4.1731
395.000000	88.202	-3.7609
400.000000	88.179	-3.5052
406.000000	88.152	-3.1997
412.000000	88.130	-2.8618
418.000000	88.115	-2.4443
425.000000	88.089	-2.1314
431.000000	88.064	-1.9176
437.000000	88.041	-1.6261
444.000000	88.018	-1.2584
450.000000	88.000	-0.9458
455.000000	87.985	-0.6945
462.000000	87.962	-0.3479
468.000000	87.944	-0.0385
475.000000	87.923	0.3235
482.000000	87.904	0.6738
487.000000	87.891	0.9344
494.000000	87.873	1.2972
500.000000	87.859	1.6070
508.000000	87.840	2.0125
515.000000	87.823	2.3819
522.000000	87.806	2.7385
530.000000	87.790	3.1568
538.000000	87.777	3.6090
545.000000	87.762	3.9552
552.000000	87.745	4.2860
560.000000	87.726	4.6958
570.000000	87.706	5.2286
580.000000	87.689	5.7646
590.000000	87.673	6.3024
600.000000	87.656	6.8419
608.000000	87.644	7.2775
615.000000	87.632	7.6553
622.000000	87.622	8.0344
630.000000	87.613	8.4752
640.000000	87.601	9.0286
650.000000	87.591	9.5949
660.000000	87.582	10.1802
670.000000	87.575	10.7330
680.000000	87.567	11.2961
690.000000	87.561	11.8693
700.000000	87.558	12.4474
710.000000	87.556	13.0340
720.000000	87.554	13.6271
730.000000	87.553	14.2265
740.000000	87.554	14.8294
750.000000	87.558	15.4391
762.000000	87.564	16.1795
775.000000	87.573	17.0118
788.000000	87.586	17.8186
800.000000	87.600	18.5516
812.000000	87.615	19.3089
825.000000	87.632	20.1313
838.000000	87.652	20.9547
850.000000	87.676	21.7247
862.000000	87.703	22.4922
875.000000	87.738	23.3169
885.000000	87.767	23.9482
900.000000	87.816	24.8837
912.000000	87.861	25.6217
925.000000	87.915	26.4033
938.000000	87.974	27.1742
950.000000	88.032	27.8702
962.000000	88.094	28.5401
975.000000	88.166	29.2420
988.000000	88.241	29.9154
1000.000000	88.313	30.5142
1015.000000	88.406	31.2231
1030.000000	88.503	31.8899
1044.000000	88.595	32.4727
1060.000000	88.703	33.0852
1075.000000	88.806	33.6056
1090.000000	88.909	34.0761
1106.000000	89.018	34.5277
1120.000000	89.112	34.8865
1138.000000	89.232	35.2942
1150.000000	89.310	35.5312
1172.000000	89.448	35.9040
1180.000000	89.496	36.0218
1206.000000	89.647	36.3556
1220.000000	89.724	36.5067
1241.000000	89.834	36.7079
1250.000000	89.880	36.7880
1265.000000	89.957	36.9120
1280.000000	90.034	37.0241
1315.000000	90.202	37.2617
1320.000000	90.224	37.2955
1340.000000	90.310	37.4303
1360.000000	90.391	37.5645
1380.000000	90.467	37.7028
1400.000000	90.540	37.8523
1430.000000	90.644	38.0992
1450.000000	90.709	38.2739
1475.000000	90.789	38.5075
1500.000000	90.866	38.7603
1525.000000	90.941	39.0300
1550.000000	91.014	39.3113
1575.000000	91.087	39.6081
1600.000000	91.159	39.9167
1625.000000	91.227	40.2350
1650.000000	91.293	40.5681
1675.000000	91.359	40.9041
1700.000000	91.426	41.2488
1725.000000	91.493	41.6035
1750.000000	91.562	41.9662
1775.000000	91.633	42.3313
1800.000000	91.706	42.6991
1825.000000	91.780	43.0661
1850.000000	91.856	43.4296
1875.000000	91.935	43.7934
1900.000000	92.015	44.1537
1925.000000	92.098	44.5097
1950.000000	92.182	44.8621
1975.000000	92.269	45.2090
2000.000000	92.359	45.5462
2030.000000	92.472	45.9364
2060.000000	92.589	46.3159
2090.000000	92.709	46.6816
2120.000000	92.832	47.0277
2140.000000	92.916	47.2471
2180.000000	93.087	47.6513
2200.000000	93.174	47.8358
2240.000000	93.352	48.1730
2270.000000	93.489	48.3924
2300.000000	93.628	48.5818
2330.000000	93.770	48.7383
2360.000000	93.913	48.8615
2400.000000	94.106	48.9713
2430.000000	94.253	49.0105
2470.000000	94.450	49.0016
2500.000000	94.598	48.9480
2540.000000	94.797	48.8164
2580.000000	94.996	48.6170
2620.000000	95.192	48.3635
2650.000000	95.337	48.1471
2690.000000	95.529	47.8375
2720.000000	95.677	47.5991
2760.000000	95.885	47.2607
2800.000000	96.111	46.8316
2850.000000	96.419	46.0035
2900.000000	96.726	44.7234
2950.000000	96.998	43.0344
3000.000000	97.222	41.0694
3040.000000	97.365	39.3651
3070.000000	97.451	38.0336
3110.000000	97.538	36.2075
3150.000000	97.590	34.3496
3200.000000	97.609	32.0328
3250.000000	97.577	29.7879
3300.000000	97.498	27.6910
3350.000000	97.382	25.7980
3400.000000	97.242	24.1351
3450.000000	97.089	22.6823
3500.000000	96.930	21.3902
3550.000000	96.765	20.2167
3600.000000	96.593	19.1445
3650.000000	96.412	18.1739
3700.000000	96.221	17.3197
3750.000000	96.020	16.5966
3820.000000	95.731	15.8242
3870.000000	95.522	15.4488
3950.000000	95.191	15.1321
4000.000000	94.987	15.0972
4060.000000	94.746	15.2114
4120.000000	94.515	15.4838
4180.000000	94.300	15.8948
4250.000000	94.072	16.5149
4310.000000	93.900	17.1306
4370.000000	93.747	17.7712
4440.000000	93.587	18.5176
4500.000000	93.463	19.1467
4550.000000	93.367	19.6546
4620.000000	93.236	20.3645
4680.000000	93.127	21.0078
4750.000000	93.009	21.8211
4820.000000	92.908	22.6808
4870.000000	92.847	23.2952
4940.000000	92.775	24.1244
5000.000000	92.723	24.7955
5080.000000	92.662	25.6427
5150.000000	92.614	26.3447
5220.000000	92.568	27.0226
5300.000000	92.517	27.7836
5380.000000	92.468	28.5567
5450.000000	92.428	29.2609
5520.000000	92.393	29.9902
5600.000000	92.362	30.8486
5700.000000	92.336	31.9551
5800.000000	92.328	33.0953
5900.000000	92.340	34.2631
6000.000000	92.373	35.4486
6080.000000	92.417	36.4029
6150.000000	92.470	37.2409
6220.000000	92.539	38.0794
6300.000000	92.648	39.0308
6400.000000	92.840	40.1901
6500.000000	93.084	41.2840
6600.000000	93.372	42.2648
6700.000000	93.703	43.0802
6800.000000	94.080	43.6788
6900.000000	94.501	44.0219
7000.000000	94.973	44.0497
7100.000000	95.498	43.6525
7200.000000	96.075	42.7082
7300.000000	96.699	41.0554
7400.000000	97.352	38.5010
7500.000000	98.006	34.8582
7620.000000	98.722	28.8420
7750.000000	99.282	20.2980
7880.000000	99.460	10.2483
8000.000000	99.193	0.6850
8120.000000	98.517	-8.0644
8250.000000	97.463	-15.7938
8380.000000	96.244	-21.4296
8500.000000	95.089	-24.9164
8620.000000	93.970	-27.0594
8750.000000	92.838	-28.2139
8850.000000	92.035	-28.4783
9000.000000	90.951	-28.1529
9120.000000	90.188	-27.4574
9250.000000	89.459	-26.4259
9380.000000	88.824	-25.2142
9500.000000	88.319	-24.0262
9620.000000	87.889	-22.8437
9750.000000	87.504	-21.6339
9880.000000	87.200	-20.5712
10000.000000	86.986	-19.7882
10150.000000	86.801	-19.1707
10300.000000	86.691	-19.0644
10440.000000	86.635	-19.5024
10600.000000	86.595	-20.6819
10750.000000	86.549	-22.4289
10900.000000	86.457	-24.6841
11060.000000	86.278	-27.2994
11200.000000	86.079	-29.3471
11380.000000	85.850	-31.6870
11500.000000	85.730	-33.2570
11720.000000	85.575	-36.3396
11800.000000	85.540	-37.5871
12060.000000	85.474	-42.3520
12200.000000	85.446	-45.3797
12410.000000	85.400	-50.3950
12500.000000	85.384	-52.6907
12650.000000	85.371	-56.7009
12800.000000	85.378	-60.9682
13150.000000	85.464	-72.3303
13200.000000	85.482	-74.1623
13400.000000	85.552	-82.1095
13600.000000	85.592	-91.0742
13800.000000	85.576	-100.9977
14000.000000	85.488	-111.7835
14300.000000	85.207	-129.3348
14500.000000	84.925	-141.7975
14750.000000	84.469	-157.9670
15000.000000	83.969	-174.5137
15250.000000	83.509	168.2915
15500.000000	83.073	150.1618
15750.000000	82.635	131.2454
16000.000000	82.236	111.9055
16250.000000	82.044	92.9393
16500.000000	82.642	74.4686
16750.000000	84.418	50.7756
17000.000000	85.656	16.9841
17250.000000	85.650	-20.9280
17500.000000	84.961	-60.0011
17750.000000	83.699	-100.3529
18000.000000	81.795	-141.4948
18250.000000	79.357	176.9561
18500.000000	76.567	134.2586
18750.000000	73.496	89.3682
19000.000000	70.094	41.2705
19250.000000	66.281	-11.0138
19500.000000	61.980	-68.2262
19750.000000	57.158	-132.0322
20000.000000	52.776	159.2168
