* Measurement data measured by REW V5.31.3
* Source: USB-C to 3.5mm Headphone Jack Adapter, USB-C to 3.5mm Headphone Jack Adapter, 0, volume: 0.295
* Format: 256k Log Swept Sine, 4 sweeps at -12.0 dBFS with no timing reference
* Dated: Jul 8, 2025 11:32:55 PM
* REW Settings:
*  C-weighting compensation: Off
*  Target level: 75.0 dB
* Note: ; 
* Measurement: Truthear Pure Velvet L
* Smoothing: 1/24 octave
* Frequency Step: 1/48 octave
* Start Frequency: 20.300 Hz
*
* Freq(Hz)	SPL(dB)	Phase(degrees)
20.299999	101.151	-178.0200
20.600000	101.136	-178.3776
20.900000	101.119	-178.7711
21.200001	101.101	-179.1850
21.400000	101.090	-179.4738
21.799999	101.066	179.9286
22.000000	101.053	179.6302
22.400000	101.026	179.0627
22.700001	101.006	178.6759
23.000000	100.988	178.3217
23.299999	100.974	177.9887
23.600000	100.961	177.6624
24.000000	100.945	177.2215
24.299999	100.930	176.8851
24.700001	100.906	176.4393
25.000000	100.884	176.1146
25.400000	100.851	175.6975
25.799999	100.815	175.2927
26.200001	100.778	174.8943
26.500000	100.749	174.6011
26.900000	100.710	174.2242
27.200001	100.683	173.9549
27.600000	100.652	173.6104
28.000000	100.627	173.2726
28.500000	100.602	172.8500
29.000000	100.574	172.4405
29.500000	100.541	172.0704
30.000000	100.503	171.7421
30.400000	100.471	171.4889
30.700001	100.447	171.2915
31.100000	100.414	171.0112
31.500000	100.380	170.7164
32.000000	100.338	170.3511
32.500000	100.298	170.0170
33.000000	100.260	169.7290
33.500000	100.225	169.4855
34.000000	100.192	169.2703
34.500000	100.162	169.0547
35.000000	100.132	168.8101
35.500000	100.098	168.5340
36.000000	100.056	168.2582
36.500000	100.010	168.0217
37.000000	99.967	167.8274
37.500000	99.933	167.6331
38.200001	99.895	167.2859
38.700001	99.867	167.0050
39.500000	99.810	166.6347
40.000000	99.773	166.4755
40.599998	99.731	166.3024
41.200001	99.692	166.0911
41.799999	99.657	165.8348
42.500000	99.618	165.5480
43.099998	99.581	165.3786
43.700001	99.543	165.2580
44.400002	99.497	165.0591
45.000000	99.456	164.8147
45.500000	99.428	164.6182
46.200001	99.400	164.4343
46.799999	99.365	164.3743
47.500000	99.291	164.3549
48.200001	99.204	164.0786
48.700001	99.150	163.5606
49.400002	99.093	162.7762
50.000000	99.113	162.7359
50.799999	99.330	163.5152
51.500000	99.533	163.7333
52.200001	99.491	163.3110
53.000000	99.185	163.0971
53.799999	98.943	163.1505
54.500000	98.868	162.8466
55.200001	98.834	162.5537
56.000000	98.811	162.5989
57.000000	98.771	162.5925
58.000000	98.698	162.3535
59.000000	98.644	162.1617
60.000000	98.584	162.0637
60.799999	98.541	162.0299
61.500000	98.518	161.9486
62.200001	98.498	161.8510
63.000000	98.462	161.8157
64.000000	98.412	161.8558
65.000000	98.382	161.8329
66.000000	98.368	161.7659
67.000000	98.330	161.6285
68.000000	98.245	161.4328
69.000000	98.165	161.2990
70.000000	98.122	161.2217
71.000000	98.079	161.2194
72.000000	98.017	161.2420
73.000000	97.956	161.1993
74.000000	97.913	161.1567
75.000000	97.881	161.1943
76.199997	97.840	161.1802
77.500000	97.817	160.8851
78.800003	97.781	160.4943
80.000000	97.653	160.7832
81.199997	97.585	161.4033
82.500000	97.587	161.1237
83.800003	97.543	161.0208
85.000000	97.504	161.1689
86.199997	97.474	161.1011
87.500000	97.468	161.0392
88.500000	97.453	161.1362
90.000000	97.378	161.4038
91.199997	97.322	161.4772
92.500000	97.285	161.4357
93.800003	97.256	161.5030
95.000000	97.235	161.4758
96.199997	97.206	161.4702
97.500000	97.143	161.5054
98.800003	97.081	161.1882
100.000000	97.056	160.8235
101.500000	97.060	161.3567
103.000000	97.034	161.8204
104.400002	96.990	161.9098
106.000000	96.968	162.0329
107.500000	96.924	162.1429
109.000000	96.872	162.2538
110.599998	96.826	162.3757
112.000000	96.786	162.3651
113.800003	96.736	162.3012
115.000000	96.707	162.2481
117.199997	96.649	162.3043
118.000000	96.632	162.4416
120.599998	96.580	162.6604
122.000000	96.527	162.9605
124.099998	96.480	163.6967
125.000000	96.496	163.7198
126.500000	96.525	163.6298
128.000000	96.525	163.5611
131.500000	96.430	163.0400
132.000000	96.426	162.9500
134.000000	96.417	162.7100
136.000000	96.405	162.6329
138.000000	96.404	162.8206
140.000000	96.391	163.2053
143.000000	96.329	163.5117
145.000000	96.284	163.5831
147.500000	96.271	163.6586
150.000000	96.263	163.7275
152.500000	96.201	163.7362
155.000000	96.160	163.7553
157.500000	96.141	163.9802
160.000000	96.117	164.2440
162.500000	96.065	164.3390
165.000000	96.015	164.3571
167.500000	95.975	164.4280
170.000000	95.944	164.5488
172.500000	95.911	164.6240
175.000000	95.886	164.7341
177.500000	95.854	164.9037
180.000000	95.819	165.0173
182.500000	95.788	165.0123
185.000000	95.765	165.1247
187.500000	95.736	165.2134
190.000000	95.706	165.3625
192.500000	95.667	165.4990
195.000000	95.632	165.5894
197.500000	95.612	165.6877
200.000000	95.593	165.8101
203.000000	95.552	165.9830
206.000000	95.506	166.1108
209.000000	95.482	166.2653
212.000000	95.468	166.4031
214.000000	95.463	166.4718
218.000000	95.444	166.6454
220.000000	95.425	166.7183
224.000000	95.385	166.7937
227.000000	95.358	166.8694
230.000000	95.333	166.9653
233.000000	95.303	167.0819
236.000000	95.273	167.1893
240.000000	95.242	167.2588
243.000000	95.216	167.3806
247.000000	95.191	167.5709
250.000000	95.176	167.7312
254.000000	95.134	167.9241
258.000000	95.090	168.3331
262.000000	95.106	168.6555
265.000000	95.107	168.6668
269.000000	95.081	168.6327
272.000000	95.067	168.6838
276.000000	95.042	168.6939
280.000000	95.004	168.7918
285.000000	94.968	168.9195
290.000000	94.938	169.2070
295.000000	94.931	169.5190
300.000000	94.917	169.6036
304.000000	94.898	169.5194
307.000000	94.886	169.5007
311.000000	94.880	169.6061
315.000000	94.855	169.8980
320.000000	94.771	170.2035
325.000000	94.724	170.2438
330.000000	94.710	170.5718
335.000000	94.681	170.7350
340.000000	94.650	170.8730
345.000000	94.624	171.0599
350.000000	94.600	171.2093
355.000000	94.581	171.4103
360.000000	94.562	171.5334
365.000000	94.538	171.6688
370.000000	94.509	171.8303
375.000000	94.477	171.9802
382.000000	94.435	172.2181
387.000000	94.408	172.4094
395.000000	94.365	172.6213
400.000000	94.341	172.7614
406.000000	94.312	173.0099
412.000000	94.279	173.2357
418.000000	94.250	173.4367
425.000000	94.219	173.6885
431.000000	94.187	173.8810
437.000000	94.155	174.0849
444.000000	94.121	174.3210
450.000000	94.094	174.5037
455.000000	94.074	174.6931
462.000000	94.049	174.9741
468.000000	94.023	175.1345
475.000000	93.983	175.3675
482.000000	93.947	175.6612
487.000000	93.927	175.8510
494.000000	93.900	176.0919
500.000000	93.874	176.2992
508.000000	93.835	176.6097
515.000000	93.800	176.8918
522.000000	93.765	177.1660
530.000000	93.725	177.4969
538.000000	93.685	177.8605
545.000000	93.650	178.1727
552.000000	93.618	178.4372
560.000000	93.588	178.7656
570.000000	93.548	179.2285
580.000000	93.507	179.6924
590.000000	93.467	-179.8385
600.000000	93.426	-179.3597
608.000000	93.394	-178.9705
615.000000	93.368	-178.6233
622.000000	93.342	-178.2682
630.000000	93.314	-177.8557
640.000000	93.280	-177.3281
650.000000	93.246	-176.7887
660.000000	93.216	-176.2597
670.000000	93.187	-175.7108
680.000000	93.160	-175.1500
690.000000	93.134	-174.5800
700.000000	93.108	-173.9994
710.000000	93.084	-173.4131
720.000000	93.063	-172.8181
730.000000	93.046	-172.2155
740.000000	93.030	-171.6039
750.000000	93.018	-170.9855
762.000000	93.003	-170.2159
775.000000	92.992	-169.3728
788.000000	92.987	-168.5151
800.000000	92.985	-167.7421
812.000000	92.980	-166.9663
825.000000	92.980	-166.0989
838.000000	92.988	-165.2233
850.000000	92.999	-164.4366
862.000000	93.015	-163.6406
875.000000	93.037	-162.7821
885.000000	93.060	-162.1199
900.000000	93.099	-161.1378
912.000000	93.133	-160.3873
925.000000	93.178	-159.5803
938.000000	93.228	-158.7791
950.000000	93.278	-158.0582
962.000000	93.334	-157.3745
975.000000	93.398	-156.6596
988.000000	93.465	-155.9812
1000.000000	93.531	-155.3820
1015.000000	93.617	-154.6800
1030.000000	93.705	-154.0220
1044.000000	93.788	-153.4577
1060.000000	93.887	-152.8651
1075.000000	93.980	-152.3592
1090.000000	94.074	-151.9027
1106.000000	94.172	-151.4653
1120.000000	94.256	-151.1234
1138.000000	94.361	-150.7332
1150.000000	94.430	-150.5045
1172.000000	94.551	-150.1456
1180.000000	94.592	-150.0276
1206.000000	94.721	-149.6904
1220.000000	94.786	-149.5350
1241.000000	94.879	-149.3247
1250.000000	94.918	-149.2411
1265.000000	94.986	-149.1127
1280.000000	95.052	-148.9914
1315.000000	95.194	-148.7073
1320.000000	95.213	-148.6666
1340.000000	95.286	-148.5029
1360.000000	95.355	-148.3374
1380.000000	95.421	-148.1662
1400.000000	95.483	-147.9861
1430.000000	95.572	-147.6974
1450.000000	95.629	-147.4897
1475.000000	95.699	-147.2063
1500.000000	95.766	-146.9128
1525.000000	95.832	-146.6032
1550.000000	95.898	-146.2754
1575.000000	95.965	-145.9362
1600.000000	96.030	-145.5859
1625.000000	96.093	-145.2189
1650.000000	96.155	-144.8409
1675.000000	96.220	-144.4528
1700.000000	96.289	-144.0763
1725.000000	96.359	-143.6946
1750.000000	96.429	-143.3086
1775.000000	96.503	-142.9386
1800.000000	96.581	-142.5576
1825.000000	96.661	-142.1901
1850.000000	96.744	-141.8300
1875.000000	96.829	-141.4748
1900.000000	96.917	-141.1303
1925.000000	97.007	-140.7996
1950.000000	97.100	-140.4874
1975.000000	97.197	-140.1915
2000.000000	97.297	-139.9112
2030.000000	97.423	-139.5989
2060.000000	97.552	-139.3175
2090.000000	97.685	-139.0708
2120.000000	97.821	-138.8607
2140.000000	97.914	-138.7437
2180.000000	98.101	-138.5547
2200.000000	98.197	-138.4864
2240.000000	98.390	-138.4134
2270.000000	98.536	-138.4208
2300.000000	98.683	-138.4810
2330.000000	98.831	-138.5852
2360.000000	98.979	-138.7446
2400.000000	99.175	-139.0454
2430.000000	99.321	-139.3377
2470.000000	99.511	-139.8212
2500.000000	99.650	-140.2514
2540.000000	99.832	-140.9144
2580.000000	100.005	-141.6765
2620.000000	100.166	-142.5361
2650.000000	100.279	-143.2365
2690.000000	100.416	-144.2369
2720.000000	100.508	-145.0307
2760.000000	100.618	-146.1362
2800.000000	100.713	-147.2862
2850.000000	100.809	-148.7746
2900.000000	100.879	-150.3132
2950.000000	100.923	-151.8947
3000.000000	100.939	-153.5039
3040.000000	100.927	-154.7991
3070.000000	100.905	-155.7563
3110.000000	100.855	-156.9907
3150.000000	100.785	-158.1552
3200.000000	100.673	-159.4742
3250.000000	100.543	-160.6100
3300.000000	100.402	-161.5601
3350.000000	100.258	-162.3456
3400.000000	100.117	-163.0075
3450.000000	99.977	-163.5795
3500.000000	99.837	-164.0828
3550.000000	99.693	-164.5178
3600.000000	99.546	-164.8775
3650.000000	99.396	-165.1480
3700.000000	99.244	-165.3206
3750.000000	99.093	-165.3905
3820.000000	98.888	-165.3162
3870.000000	98.751	-165.1531
3950.000000	98.553	-164.7641
4000.000000	98.442	-164.4774
4060.000000	98.315	-164.1228
4120.000000	98.195	-163.7662
4180.000000	98.081	-163.4015
4250.000000	97.956	-162.9605
4310.000000	97.855	-162.5694
4370.000000	97.760	-162.1754
4440.000000	97.658	-161.7151
4500.000000	97.577	-161.3297
4550.000000	97.513	-161.0219
4620.000000	97.428	-160.6138
4680.000000	97.358	-160.2899
4750.000000	97.279	-159.9447
4820.000000	97.199	-159.6389
4870.000000	97.141	-159.4414
4940.000000	97.055	-159.1888
5000.000000	96.977	-158.9873
5080.000000	96.863	-158.7103
5150.000000	96.754	-158.4259
5220.000000	96.638	-158.0612
5300.000000	96.502	-157.5115
5380.000000	96.375	-156.8115
5450.000000	96.279	-156.0994
5520.000000	96.201	-155.3351
5600.000000	96.134	-154.4401
5700.000000	96.081	-153.3567
5800.000000	96.056	-152.3829
5900.000000	96.050	-151.5857
6000.000000	96.053	-150.9345
6080.000000	96.052	-150.5076
6150.000000	96.047	-150.1745
6220.000000	96.041	-149.8445
6300.000000	96.042	-149.4411
6400.000000	96.067	-148.8584
6500.000000	96.116	-148.1570
6600.000000	96.190	-147.3377
6700.000000	96.299	-146.4212
6800.000000	96.453	-145.4474
6900.000000	96.662	-144.4750
7000.000000	96.936	-143.5753
7100.000000	97.282	-142.8598
7200.000000	97.702	-142.4760
7300.000000	98.191	-142.5130
7400.000000	98.762	-143.0619
7500.000000	99.416	-144.4681
7620.000000	100.261	-147.7530
7750.000000	101.129	-153.7669
7880.000000	101.705	-162.4414
8000.000000	101.696	-171.4622
8120.000000	101.263	-178.1150
8250.000000	101.152	175.7467
8380.000000	100.938	165.5139
8500.000000	99.905	155.9125
8620.000000	98.429	150.2560
8750.000000	96.891	147.6047
8850.000000	95.846	146.9624
9000.000000	94.489	147.2859
9120.000000	93.560	148.2372
9250.000000	92.690	149.6812
9380.000000	91.948	151.3696
9500.000000	91.364	153.0165
9620.000000	90.870	154.6568
9750.000000	90.426	156.3251
9880.000000	90.070	157.7710
10000.000000	89.812	158.8156
10150.000000	89.569	159.6263
10300.000000	89.391	159.7773
10440.000000	89.254	159.2409
10600.000000	89.096	157.8163
10750.000000	88.911	155.7871
10900.000000	88.666	153.2326
11060.000000	88.323	150.1117
11200.000000	87.945	147.2231
11380.000000	87.352	143.6446
11500.000000	86.910	141.5461
11720.000000	86.082	138.5576
11800.000000	85.797	137.7354
12060.000000	85.016	135.7885
12200.000000	84.721	135.0017
12410.000000	84.473	133.7009
12500.000000	84.438	132.9953
12650.000000	84.468	131.5555
12800.000000	84.597	129.7482
13150.000000	85.208	123.9095
13200.000000	85.328	122.8720
13400.000000	85.885	118.1523
13600.000000	86.565	112.4058
13800.000000	87.359	105.4005
14000.000000	88.245	96.8764
14300.000000	89.677	80.5314
14500.000000	90.604	66.6895
14750.000000	91.513	45.6702
15000.000000	91.793	21.1936
15250.000000	91.254	-4.2445
15500.000000	90.076	-28.4626
15750.000000	88.575	-50.8056
16000.000000	87.048	-71.7906
16250.000000	85.702	-92.3773
16500.000000	84.544	-113.4701
16750.000000	83.512	-135.7668
17000.000000	82.578	-159.5710
17250.000000	81.864	175.1673
17500.000000	81.853	146.9797
17750.000000	82.302	111.8483
18000.000000	82.131	70.2612
18250.000000	81.231	25.7282
18500.000000	79.940	-20.7331
18750.000000	78.399	-69.7172
19000.000000	76.527	-121.9367
19250.000000	74.206	-177.8999
19500.000000	71.400	121.5233
19750.000000	68.207	53.5728
20000.000000	65.574	-15.7825
