* Measurement data measured by REW V5.31.3
* Source: USB-C to 3.5mm Headphone Jack Adapter, USB-C to 3.5mm Headphone Jack Adapter, 0, volume: 0.295
* Format: 256k Log Swept Sine, 4 sweeps at -12.0 dBFS with no timing reference
* Dated: Jul 8, 2025 11:23:42 PM
* REW Settings:
*  C-weighting compensation: Off
*  Target level: 75.0 dB
* Note: ; 
* Measurement: Truthear Pure Foam L
* Smoothing: 1/24 octave
* Frequency Step: 1/48 octave
* Start Frequency: 20.300 Hz
*
* Freq(Hz)	SPL(dB)	Phase(degrees)
20.299999	100.457	-177.5643
20.600000	100.452	-177.9683
20.900000	100.447	-178.4268
21.200001	100.440	-178.9134
21.400000	100.433	-179.2466
21.799999	100.410	-179.8982
22.000000	100.394	179.8022
22.400000	100.354	179.2887
22.700001	100.323	178.9794
23.000000	100.294	178.7120
23.299999	100.269	178.4529
23.600000	100.247	178.1709
24.000000	100.218	177.7334
24.299999	100.195	177.3653
24.700001	100.161	176.8556
25.000000	100.136	176.4837
25.400000	100.105	176.0218
25.799999	100.080	175.5991
26.200001	100.058	175.2053
26.500000	100.041	174.9242
26.900000	100.016	174.5663
27.200001	99.994	174.3091
27.600000	99.963	173.9756
28.000000	99.930	173.6430
28.500000	99.891	173.2198
29.000000	99.853	172.7974
29.500000	99.816	172.3992
30.000000	99.780	172.0393
30.400000	99.752	171.7743
30.700001	99.730	171.5812
31.100000	99.701	171.3200
31.500000	99.669	171.0456
32.000000	99.627	170.6840
32.500000	99.584	170.3243
33.000000	99.542	169.9975
33.500000	99.507	169.7116
34.000000	99.477	169.4420
34.500000	99.449	169.1609
35.000000	99.415	168.8716
35.500000	99.376	168.6015
36.000000	99.340	168.3631
36.500000	99.312	168.1353
37.000000	99.288	167.8904
37.500000	99.261	167.6325
38.200001	99.208	167.3146
38.700001	99.162	167.1446
39.500000	99.093	166.8991
40.000000	99.056	166.7040
40.599998	99.014	166.4288
41.200001	98.972	166.1800
41.799999	98.932	166.0254
42.500000	98.889	165.9339
43.099998	98.853	165.8092
43.700001	98.811	165.5607
44.400002	98.753	165.1795
45.000000	98.710	164.9114
45.500000	98.686	164.7714
46.200001	98.662	164.6455
46.799999	98.624	164.5387
47.500000	98.555	164.3841
48.200001	98.498	164.1169
48.700001	98.482	163.8138
49.400002	98.481	163.3895
50.000000	98.482	163.3042
50.799999	98.479	163.6717
51.500000	98.452	163.9711
52.200001	98.369	163.9021
53.000000	98.240	163.5558
53.799999	98.166	163.1711
54.500000	98.148	162.8619
55.200001	98.126	162.6821
56.000000	98.081	162.6447
57.000000	98.016	162.5672
58.000000	97.962	162.4014
59.000000	97.922	162.2613
60.000000	97.869	162.1663
60.799999	97.823	162.1264
61.500000	97.789	162.0717
62.200001	97.755	162.0036
63.000000	97.719	161.9494
64.000000	97.680	161.8503
65.000000	97.622	161.6704
66.000000	97.543	161.6084
67.000000	97.487	161.6633
68.000000	97.459	161.6441
69.000000	97.426	161.5934
70.000000	97.382	161.5744
71.000000	97.339	161.5383
72.000000	97.301	161.4783
73.000000	97.263	161.4064
74.000000	97.218	161.3530
75.000000	97.176	161.3314
76.199997	97.128	161.3622
77.500000	97.072	161.3820
78.800003	97.023	161.3136
80.000000	96.997	161.1931
81.199997	96.957	161.1860
82.500000	96.904	161.3013
83.800003	96.854	161.3082
85.000000	96.824	161.3324
86.199997	96.805	161.3685
87.500000	96.755	161.3354
88.500000	96.702	161.3324
90.000000	96.637	161.2833
91.199997	96.593	161.2858
92.500000	96.554	161.3418
93.800003	96.517	161.3702
95.000000	96.484	161.4121
96.199997	96.452	161.4846
97.500000	96.424	161.5070
98.800003	96.424	161.4132
100.000000	96.410	161.3147
101.500000	96.337	161.5520
103.000000	96.277	161.7940
104.400002	96.236	161.7704
106.000000	96.188	161.8292
107.500000	96.132	161.9647
109.000000	96.083	162.0820
110.599998	96.058	162.0978
112.000000	96.041	162.1353
113.800003	96.005	162.1785
115.000000	95.984	162.2163
117.199997	95.953	162.2810
118.000000	95.940	162.3318
120.599998	95.885	162.5283
122.000000	95.845	162.6074
124.099998	95.798	162.7383
125.000000	95.788	162.7798
126.500000	95.757	162.7925
128.000000	95.710	162.8169
131.500000	95.655	162.9056
132.000000	95.651	162.9267
134.000000	95.642	163.0805
136.000000	95.610	163.1960
138.000000	95.584	163.1814
140.000000	95.562	163.3009
143.000000	95.505	163.5243
145.000000	95.479	163.6200
147.500000	95.442	163.7782
150.000000	95.399	164.0570
152.500000	95.374	163.9936
155.000000	95.347	164.0164
157.500000	95.318	164.1798
160.000000	95.286	164.3347
162.500000	95.252	164.4422
165.000000	95.220	164.5733
167.500000	95.189	164.6949
170.000000	95.157	164.8066
172.500000	95.130	164.9243
175.000000	95.096	165.0181
177.500000	95.062	165.0991
180.000000	95.031	165.2137
182.500000	95.000	165.3263
185.000000	94.968	165.4210
187.500000	94.939	165.5209
190.000000	94.910	165.6309
192.500000	94.884	165.7561
195.000000	94.857	165.8705
197.500000	94.827	165.9749
200.000000	94.800	166.0822
203.000000	94.773	166.2094
206.000000	94.745	166.3353
209.000000	94.718	166.4562
212.000000	94.693	166.5855
214.000000	94.678	166.6581
218.000000	94.630	166.7712
220.000000	94.605	166.8862
224.000000	94.586	167.1348
227.000000	94.583	167.2606
230.000000	94.568	167.3386
233.000000	94.538	167.3852
236.000000	94.508	167.5226
240.000000	94.478	167.7672
243.000000	94.468	167.8968
247.000000	94.445	168.0330
250.000000	94.418	168.0998
254.000000	94.385	168.2735
258.000000	94.354	168.4515
262.000000	94.331	168.5817
265.000000	94.311	168.6945
269.000000	94.281	168.8317
272.000000	94.259	168.9122
276.000000	94.228	169.0740
280.000000	94.203	169.2671
285.000000	94.178	169.4713
290.000000	94.155	169.6602
295.000000	94.123	169.8208
300.000000	94.084	170.0356
304.000000	94.059	170.1771
307.000000	94.043	170.2596
311.000000	94.019	170.3820
315.000000	93.995	170.5186
320.000000	93.971	170.7044
325.000000	93.947	170.8788
330.000000	93.924	171.0544
335.000000	93.892	171.2966
340.000000	93.862	171.4543
345.000000	93.826	171.5984
350.000000	93.794	171.7585
355.000000	93.776	171.9347
360.000000	93.756	172.1783
365.000000	93.726	172.3889
370.000000	93.698	172.5295
375.000000	93.678	172.6992
382.000000	93.642	172.9459
387.000000	93.616	173.1266
395.000000	93.573	173.4456
400.000000	93.550	173.6649
406.000000	93.528	173.8942
412.000000	93.509	174.0938
418.000000	93.481	174.2303
425.000000	93.438	174.4755
431.000000	93.411	174.7327
437.000000	93.387	174.9587
444.000000	93.352	175.2022
450.000000	93.321	175.4294
455.000000	93.304	175.6148
462.000000	93.279	175.8709
468.000000	93.252	176.0928
475.000000	93.221	176.3514
482.000000	93.190	176.6097
487.000000	93.167	176.7991
494.000000	93.134	177.0605
500.000000	93.106	177.2803
508.000000	93.074	177.5889
515.000000	93.041	177.8525
522.000000	93.004	178.1688
530.000000	92.973	178.5822
538.000000	92.950	178.9474
545.000000	92.928	179.2263
552.000000	92.896	179.5188
560.000000	92.854	179.8693
570.000000	92.806	-179.6884
580.000000	92.767	-179.2462
590.000000	92.730	-178.7643
600.000000	92.690	-178.2785
608.000000	92.659	-177.8696
615.000000	92.633	-177.5092
622.000000	92.610	-177.1602
630.000000	92.586	-176.7608
640.000000	92.557	-176.2517
650.000000	92.528	-175.7459
660.000000	92.497	-175.1695
670.000000	92.467	-174.5992
680.000000	92.440	-174.0352
690.000000	92.415	-173.4668
700.000000	92.393	-172.8956
710.000000	92.373	-172.3021
720.000000	92.354	-171.7029
730.000000	92.336	-171.0994
740.000000	92.320	-170.5027
750.000000	92.306	-169.9063
762.000000	92.297	-169.1270
775.000000	92.290	-168.2834
788.000000	92.285	-167.4421
800.000000	92.282	-166.6632
812.000000	92.281	-165.8877
825.000000	92.283	-165.0418
838.000000	92.288	-164.1921
850.000000	92.297	-163.4097
862.000000	92.314	-162.6150
875.000000	92.336	-161.7665
885.000000	92.356	-161.1240
900.000000	92.393	-160.1736
912.000000	92.428	-159.4284
925.000000	92.470	-158.6365
938.000000	92.516	-157.8620
950.000000	92.563	-157.1685
962.000000	92.615	-156.4908
975.000000	92.676	-155.7844
988.000000	92.739	-155.1083
1000.000000	92.799	-154.5119
1015.000000	92.878	-153.8123
1030.000000	92.960	-153.1602
1044.000000	93.037	-152.5932
1060.000000	93.127	-151.9885
1075.000000	93.213	-151.4673
1090.000000	93.299	-150.9899
1106.000000	93.388	-150.5288
1120.000000	93.465	-150.1629
1138.000000	93.561	-149.7400
1150.000000	93.624	-149.4816
1172.000000	93.733	-149.0337
1180.000000	93.771	-148.8822
1206.000000	93.890	-148.4571
1220.000000	93.951	-148.2567
1241.000000	94.038	-147.9517
1250.000000	94.075	-147.8279
1265.000000	94.137	-147.6405
1280.000000	94.199	-147.4586
1315.000000	94.336	-147.0258
1320.000000	94.355	-146.9636
1340.000000	94.426	-146.7118
1360.000000	94.493	-146.4579
1380.000000	94.557	-146.1992
1400.000000	94.619	-145.9314
1430.000000	94.710	-145.5112
1450.000000	94.770	-145.2161
1475.000000	94.841	-144.8467
1500.000000	94.912	-144.4613
1525.000000	94.983	-144.0458
1550.000000	95.054	-143.6199
1575.000000	95.126	-143.1878
1600.000000	95.198	-142.7526
1625.000000	95.267	-142.3078
1650.000000	95.337	-141.8555
1675.000000	95.408	-141.3963
1700.000000	95.482	-140.9355
1725.000000	95.559	-140.4841
1750.000000	95.637	-140.0358
1775.000000	95.719	-139.5877
1800.000000	95.803	-139.1450
1825.000000	95.890	-138.7141
1850.000000	95.980	-138.2922
1875.000000	96.072	-137.8815
1900.000000	96.168	-137.4810
1925.000000	96.266	-137.0931
1950.000000	96.367	-136.7209
1975.000000	96.471	-136.3674
2000.000000	96.579	-136.0393
2030.000000	96.713	-135.6717
2060.000000	96.850	-135.3302
2090.000000	96.992	-135.0269
2120.000000	97.137	-134.7579
2140.000000	97.235	-134.5999
2180.000000	97.435	-134.3423
2200.000000	97.535	-134.2427
2240.000000	97.740	-134.1057
2270.000000	97.895	-134.0620
2300.000000	98.051	-134.0692
2330.000000	98.207	-134.1293
2360.000000	98.363	-134.2435
2400.000000	98.570	-134.4812
2430.000000	98.723	-134.7289
2470.000000	98.924	-135.1507
2500.000000	99.071	-135.5368
2540.000000	99.262	-136.1414
2580.000000	99.444	-136.8444
2620.000000	99.615	-137.6407
2650.000000	99.734	-138.2940
2690.000000	99.880	-139.2298
2720.000000	99.979	-139.9724
2760.000000	100.097	-141.0069
2800.000000	100.198	-142.0811
2850.000000	100.303	-143.4643
2900.000000	100.384	-144.8856
2950.000000	100.438	-146.3381
3000.000000	100.465	-147.8082
3040.000000	100.464	-148.9790
3070.000000	100.450	-149.8403
3110.000000	100.414	-150.9471
3150.000000	100.360	-151.9830
3200.000000	100.270	-153.1396
3250.000000	100.164	-154.1133
3300.000000	100.049	-154.9039
3350.000000	99.935	-155.5378
3400.000000	99.825	-156.0540
3450.000000	99.718	-156.4891
3500.000000	99.613	-156.8643
3550.000000	99.508	-157.1841
3600.000000	99.401	-157.4432
3650.000000	99.292	-157.6338
3700.000000	99.184	-157.7523
3750.000000	99.077	-157.7973
3820.000000	98.931	-157.7396
3870.000000	98.832	-157.6197
3950.000000	98.686	-157.3116
4000.000000	98.600	-157.0592
4060.000000	98.503	-156.7089
4120.000000	98.414	-156.3191
4180.000000	98.336	-155.9049
4250.000000	98.257	-155.4046
4310.000000	98.200	-154.9741
4370.000000	98.152	-154.5539
4440.000000	98.107	-154.0851
4500.000000	98.076	-153.7095
4550.000000	98.054	-153.4190
4620.000000	98.030	-153.0544
4680.000000	98.012	-152.7795
4750.000000	97.994	-152.5023
4820.000000	97.977	-152.2693
4870.000000	97.964	-152.1259
4940.000000	97.946	-151.9537
5000.000000	97.929	-151.8228
5080.000000	97.904	-151.6561
5150.000000	97.881	-151.5042
5220.000000	97.858	-151.3345
5300.000000	97.832	-151.1043
5380.000000	97.813	-150.8293
5450.000000	97.804	-150.5557
5520.000000	97.807	-150.2576
5600.000000	97.827	-149.9128
5700.000000	97.882	-149.5330
5800.000000	97.970	-149.2824
5900.000000	98.084	-149.2338
6000.000000	98.215	-149.4289
6080.000000	98.325	-149.7591
6150.000000	98.424	-150.1592
6220.000000	98.525	-150.6496
6300.000000	98.655	-151.3093
6400.000000	98.848	-152.2822
6500.000000	99.069	-153.4513
6600.000000	99.312	-154.8873
6700.000000	99.576	-156.6958
6800.000000	99.852	-159.0047
6900.000000	100.121	-161.9354
7000.000000	100.354	-165.5677
7100.000000	100.517	-169.9165
7200.000000	100.567	-174.9235
7300.000000	100.458	179.6409
7400.000000	100.176	174.1515
7500.000000	99.723	168.8846
7620.000000	98.967	163.2897
7750.000000	97.937	158.5660
7880.000000	96.729	155.5238
8000.000000	95.428	155.0501
8120.000000	94.197	159.5855
8250.000000	93.955	165.9189
8380.000000	94.104	164.6870
8500.000000	93.558	161.3337
8620.000000	92.674	160.6699
8750.000000	91.810	161.9938
8850.000000	91.258	163.5715
9000.000000	90.576	166.2706
9120.000000	90.135	168.5349
9250.000000	89.750	170.9758
9380.000000	89.452	173.3217
9500.000000	89.252	175.3287
9620.000000	89.119	177.1092
9750.000000	89.047	178.6951
9880.000000	89.042	179.8136
10000.000000	89.090	-179.6714
10150.000000	89.199	-179.8555
10300.000000	89.323	178.9443
10440.000000	89.410	176.8870
10600.000000	89.420	173.5642
10750.000000	89.302	169.8184
10900.000000	89.049	165.8639
11060.000000	88.645	161.7973
11200.000000	88.209	158.6276
11380.000000	87.594	155.3510
11500.000000	87.195	153.7261
11720.000000	86.583	151.7178
11800.000000	86.419	151.1852
12060.000000	86.138	149.6281
12200.000000	86.159	148.6255
12410.000000	86.415	146.3912
12500.000000	86.601	145.0560
12650.000000	86.995	142.2352
12800.000000	87.471	138.5978
13150.000000	88.739	126.5157
13200.000000	88.923	124.3457
13400.000000	89.618	114.5107
13600.000000	90.176	102.8879
13800.000000	90.503	89.8152
14000.000000	90.541	75.8948
14300.000000	90.073	54.8462
14500.000000	89.498	41.3671
14750.000000	88.655	25.2675
15000.000000	87.767	9.3291
15250.000000	86.858	-6.7189
15500.000000	86.014	-23.3738
15750.000000	85.287	-41.4244
16000.000000	84.724	-61.5917
16250.000000	84.350	-84.5088
16500.000000	84.036	-110.5743
16750.000000	83.596	-139.6891
17000.000000	82.861	-170.9756
17250.000000	81.815	157.4636
17500.000000	81.025	126.5487
17750.000000	80.857	92.6096
18000.000000	80.370	54.1941
18250.000000	79.191	13.8478
18500.000000	77.499	-27.3448
18750.000000	75.474	-69.8445
19000.000000	73.196	-114.7225
19250.000000	70.688	-163.2776
19500.000000	67.957	142.7351
19750.000000	65.036	80.1830
20000.000000	62.724	15.2080
