* Measurement data measured by REW V5.31.3
* Source: USB-C to 3.5mm Headphone Jack Adapter, USB-C to 3.5mm Headphone Jack Adapter, 0, volume: 0.295
* Format: 256k Log Swept Sine, 4 sweeps at -12.0 dBFS with no timing reference
* Dated: Nov 6, 2024 7:21:04 PM
* REW Settings:
*  C-weighting compensation: Off
*  Target level: 75.0 dB
* Note: ; 
* Measurement: Truthear Hexa Sancai L
* Smoothing: 1/24 octave
* Frequency Step: 1/48 octave
* Start Frequency: 20.300 Hz
*
* Freq(Hz)	SPL(dB)	Phase(degrees)
20.299999	92.838	8.5528
20.600000	92.847	8.1676
20.900000	92.863	7.7330
21.200001	92.882	7.2469
21.400000	92.893	6.8915
21.799999	92.897	6.1434
22.000000	92.889	5.7807
22.400000	92.856	5.1520
22.700001	92.825	4.7936
23.000000	92.797	4.5191
23.299999	92.777	4.2859
23.600000	92.765	4.0452
24.000000	92.752	3.6576
24.299999	92.740	3.3138
24.700001	92.716	2.8243
25.000000	92.692	2.4662
25.400000	92.660	2.0236
25.799999	92.633	1.6094
26.200001	92.609	1.1992
26.500000	92.589	0.8938
26.900000	92.557	0.5183
27.200001	92.528	0.2868
27.600000	92.492	0.0618
28.000000	92.470	-0.1078
28.500000	92.473	-0.3972
29.000000	92.491	-0.9340
29.500000	92.485	-1.6744
30.000000	92.434	-2.3302
30.400000	92.374	-2.5887
30.700001	92.334	-2.5960
31.100000	92.305	-2.4466
31.500000	92.309	-2.3011
32.000000	92.338	-2.3894
32.500000	92.347	-2.8318
33.000000	92.313	-3.4299
33.500000	92.252	-3.9457
34.000000	92.195	-4.2957
34.500000	92.158	-4.5464
35.000000	92.136	-4.7898
35.500000	92.117	-5.0554
36.000000	92.094	-5.3248
36.500000	92.067	-5.5814
37.000000	92.041	-5.8368
37.500000	92.014	-6.1206
38.200001	91.961	-6.5788
38.700001	91.904	-6.8840
39.500000	91.807	-7.1529
40.000000	91.769	-7.1966
40.599998	91.756	-7.2702
41.200001	91.754	-7.4561
41.799999	91.737	-7.6918
42.500000	91.693	-7.9114
43.099998	91.649	-8.0694
43.700001	91.608	-8.2453
44.400002	91.572	-8.4527
45.000000	91.555	-8.6198
45.500000	91.543	-8.7691
46.200001	91.506	-8.9605
46.799999	91.455	-9.0329
47.500000	91.405	-9.0724
48.200001	91.375	-9.2661
48.700001	91.354	-9.4798
49.400002	91.322	-9.6978
50.000000	91.309	-9.7963
50.799999	91.295	-10.0093
51.500000	91.254	-10.2005
52.200001	91.213	-10.2601
53.000000	91.179	-10.3451
53.799999	91.114	-10.3221
54.500000	91.071	-10.0180
55.200001	91.087	-9.9321
56.000000	91.077	-10.4699
57.000000	90.939	-10.9333
58.000000	90.855	-10.7856
59.000000	90.842	-11.0834
60.000000	90.829	-11.5394
60.799999	90.813	-11.6528
61.500000	90.791	-11.5225
62.200001	90.762	-11.3452
63.000000	90.714	-11.2921
64.000000	90.644	-11.3776
65.000000	90.617	-11.4410
66.000000	90.642	-11.5104
67.000000	90.653	-11.6809
68.000000	90.595	-11.7015
69.000000	90.525	-11.5124
70.000000	90.478	-11.5566
71.000000	90.423	-11.7375
72.000000	90.368	-11.7584
73.000000	90.327	-11.7566
74.000000	90.293	-11.8560
75.000000	90.271	-11.9849
76.199997	90.247	-11.9842
77.500000	90.232	-11.6124
78.800003	90.229	-11.4699
80.000000	90.184	-11.5772
81.199997	90.115	-11.5461
82.500000	90.056	-11.4646
83.800003	90.018	-11.8048
85.000000	89.974	-12.0316
86.199997	89.947	-12.0244
87.500000	89.901	-11.8972
88.500000	89.881	-11.6356
90.000000	89.870	-11.2329
91.199997	89.855	-11.0916
92.500000	89.830	-11.2277
93.800003	89.812	-11.4344
95.000000	89.787	-11.5607
96.199997	89.740	-11.6061
97.500000	89.686	-11.5872
98.800003	89.652	-11.4890
100.000000	89.620	-11.3343
101.500000	89.570	-11.2189
103.000000	89.537	-11.1963
104.400002	89.529	-11.1006
106.000000	89.510	-10.9880
107.500000	89.470	-10.8341
109.000000	89.429	-10.7677
110.599998	89.395	-10.7626
112.000000	89.376	-10.7306
113.800003	89.359	-10.6323
115.000000	89.336	-10.4945
117.199997	89.295	-10.1227
118.000000	89.287	-9.9578
120.599998	89.244	-9.4005
122.000000	89.178	-9.3111
124.099998	89.096	-9.3415
125.000000	89.083	-9.3254
126.500000	89.098	-9.2223
128.000000	89.137	-8.9801
131.500000	89.124	-7.8793
132.000000	89.102	-7.7902
134.000000	89.035	-7.6677
136.000000	89.063	-7.9040
138.000000	89.093	-7.7410
140.000000	89.066	-7.7323
143.000000	89.097	-7.7565
145.000000	89.085	-7.3821
147.500000	89.022	-7.7753
150.000000	89.072	-7.3815
152.500000	89.020	-7.0849
155.000000	89.032	-7.0195
157.500000	88.995	-6.7821
160.000000	88.973	-6.6775
162.500000	88.969	-6.6469
165.000000	88.975	-6.4993
167.500000	88.964	-6.2781
170.000000	88.932	-6.0909
172.500000	88.889	-6.0854
175.000000	88.877	-5.9760
177.500000	88.865	-5.7629
180.000000	88.850	-5.5795
182.500000	88.819	-5.4437
185.000000	88.790	-5.2698
187.500000	88.782	-5.0338
190.000000	88.777	-4.8468
192.500000	88.762	-4.7555
195.000000	88.743	-4.6360
197.500000	88.724	-4.4666
200.000000	88.700	-4.4200
203.000000	88.697	-4.3259
206.000000	88.732	-4.0662
209.000000	88.751	-3.9518
212.000000	88.759	-3.8769
214.000000	88.761	-3.9071
218.000000	88.742	-3.8445
220.000000	88.724	-3.7639
224.000000	88.691	-3.5414
227.000000	88.677	-3.3282
230.000000	88.672	-3.1531
233.000000	88.669	-3.0872
236.000000	88.664	-3.0776
240.000000	88.653	-2.9728
243.000000	88.644	-2.8521
247.000000	88.629	-2.7100
250.000000	88.616	-2.6171
254.000000	88.594	-2.4867
258.000000	88.577	-2.2540
262.000000	88.573	-2.0517
265.000000	88.567	-1.9537
269.000000	88.554	-1.8285
272.000000	88.537	-1.6981
276.000000	88.520	-1.4937
280.000000	88.512	-1.2973
285.000000	88.502	-1.1450
290.000000	88.487	-1.0176
295.000000	88.467	-0.8331
300.000000	88.448	-0.6442
304.000000	88.434	-0.4876
307.000000	88.425	-0.3804
311.000000	88.412	-0.2408
315.000000	88.397	-0.0840
320.000000	88.381	0.1294
325.000000	88.368	0.3019
330.000000	88.353	0.4909
335.000000	88.337	0.6811
340.000000	88.323	0.8881
345.000000	88.306	1.0991
350.000000	88.289	1.2990
355.000000	88.275	1.5271
360.000000	88.262	1.7341
365.000000	88.251	1.9095
370.000000	88.239	2.1550
375.000000	88.228	2.4154
382.000000	88.212	2.7488
387.000000	88.201	2.9591
395.000000	88.184	3.2717
400.000000	88.175	3.4930
406.000000	88.161	3.7899
412.000000	88.148	4.0868
418.000000	88.135	4.3814
425.000000	88.119	4.7126
431.000000	88.107	4.9946
437.000000	88.098	5.2716
444.000000	88.089	5.6273
450.000000	88.086	5.9484
455.000000	88.086	6.2120
462.000000	88.087	6.5608
468.000000	88.090	6.8623
475.000000	88.094	7.1862
482.000000	88.099	7.4715
487.000000	88.101	7.6512
494.000000	88.102	7.8975
500.000000	88.102	8.1100
508.000000	88.101	8.3845
515.000000	88.098	8.6269
522.000000	88.093	8.8605
530.000000	88.086	9.1297
538.000000	88.079	9.4168
545.000000	88.072	9.6930
552.000000	88.064	9.9693
560.000000	88.054	10.2857
570.000000	88.041	10.6954
580.000000	88.028	11.1149
590.000000	88.016	11.5499
600.000000	88.007	11.9995
608.000000	88.000	12.3578
615.000000	87.994	12.6813
622.000000	87.987	13.0123
630.000000	87.981	13.3900
640.000000	87.974	13.8617
650.000000	87.969	14.3510
660.000000	87.966	14.8487
670.000000	87.963	15.3517
680.000000	87.961	15.8593
690.000000	87.960	16.3738
700.000000	87.961	16.8961
710.000000	87.964	17.4272
720.000000	87.969	17.9673
730.000000	87.974	18.5080
740.000000	87.981	19.0541
750.000000	87.989	19.6096
762.000000	88.003	20.2818
775.000000	88.019	21.0173
788.000000	88.039	21.7586
800.000000	88.060	22.4489
812.000000	88.081	23.1387
825.000000	88.104	23.8926
838.000000	88.131	24.6480
850.000000	88.159	25.3499
862.000000	88.191	26.0589
875.000000	88.231	26.8149
885.000000	88.266	27.3928
900.000000	88.324	28.2506
912.000000	88.373	28.9268
925.000000	88.432	29.6493
938.000000	88.495	30.3507
950.000000	88.558	30.9819
962.000000	88.625	31.5980
975.000000	88.700	32.2455
988.000000	88.779	32.8631
1000.000000	88.855	33.4036
1015.000000	88.954	34.0373
1030.000000	89.055	34.6368
1044.000000	89.151	35.1632
1060.000000	89.263	35.7075
1075.000000	89.369	36.1635
1090.000000	89.477	36.5727
1106.000000	89.591	36.9607
1120.000000	89.690	37.2615
1138.000000	89.814	37.5885
1150.000000	89.894	37.7780
1172.000000	90.037	38.0690
1180.000000	90.088	38.1563
1206.000000	90.244	38.3939
1220.000000	90.324	38.4954
1241.000000	90.439	38.6216
1250.000000	90.488	38.6668
1265.000000	90.569	38.7300
1280.000000	90.649	38.7850
1315.000000	90.824	38.8946
1320.000000	90.847	38.9104
1340.000000	90.938	38.9751
1360.000000	91.023	39.0412
1380.000000	91.104	39.1132
1400.000000	91.180	39.1907
1430.000000	91.288	39.3265
1450.000000	91.357	39.4349
1475.000000	91.440	39.5847
1500.000000	91.521	39.7524
1525.000000	91.601	39.9345
1550.000000	91.679	40.1392
1575.000000	91.756	40.3644
1600.000000	91.831	40.6046
1625.000000	91.902	40.8569
1650.000000	91.971	41.1197
1675.000000	92.041	41.3927
1700.000000	92.113	41.6709
1725.000000	92.187	41.9543
1750.000000	92.262	42.2449
1775.000000	92.340	42.5414
1800.000000	92.419	42.8378
1825.000000	92.500	43.1312
1850.000000	92.583	43.4241
1875.000000	92.668	43.7174
1900.000000	92.755	44.0052
1925.000000	92.846	44.2825
1950.000000	92.938	44.5534
1975.000000	93.033	44.8186
2000.000000	93.131	45.0730
2030.000000	93.254	45.3636
2060.000000	93.382	45.6339
2090.000000	93.512	45.8826
2120.000000	93.646	46.1093
2140.000000	93.737	46.2466
2180.000000	93.924	46.4858
2200.000000	94.019	46.5836
2240.000000	94.213	46.7360
2270.000000	94.361	46.8105
2300.000000	94.513	46.8468
2330.000000	94.666	46.8437
2360.000000	94.822	46.8008
2400.000000	95.032	46.6752
2430.000000	95.192	46.5265
2470.000000	95.406	46.2492
2500.000000	95.569	45.9795
2540.000000	95.788	45.5344
2580.000000	96.007	44.9861
2620.000000	96.224	44.3267
2650.000000	96.384	43.7567
2690.000000	96.594	42.8929
2720.000000	96.746	42.1661
2760.000000	96.943	41.0917
2800.000000	97.129	39.8936
2850.000000	97.343	38.2249
2900.000000	97.532	36.3745
2950.000000	97.693	34.3547
3000.000000	97.820	32.1791
3040.000000	97.893	30.3429
3070.000000	97.930	28.9194
3110.000000	97.952	26.9744
3150.000000	97.943	25.0003
3200.000000	97.884	22.5481
3250.000000	97.771	20.1902
3300.000000	97.610	18.0028
3350.000000	97.409	16.0440
3400.000000	97.180	14.3476
3450.000000	96.932	12.9140
3500.000000	96.676	11.7261
3550.000000	96.415	10.7599
3600.000000	96.152	9.9911
3650.000000	95.891	9.4005
3700.000000	95.631	8.9757
3750.000000	95.376	8.7084
3820.000000	95.027	8.5838
3870.000000	94.787	8.6613
3950.000000	94.419	9.0482
4000.000000	94.202	9.4361
4060.000000	93.955	10.0311
4120.000000	93.726	10.7371
4180.000000	93.516	11.5291
4250.000000	93.297	12.5304
4310.000000	93.129	13.4386
4370.000000	92.980	14.3752
4440.000000	92.828	15.4798
4500.000000	92.715	16.4200
4550.000000	92.631	17.1905
4620.000000	92.526	18.2477
4680.000000	92.448	19.1358
4750.000000	92.369	20.1434
4820.000000	92.300	21.1189
4870.000000	92.258	21.7963
4940.000000	92.206	22.7249
5000.000000	92.170	23.4990
5080.000000	92.131	24.4989
5150.000000	92.105	25.3491
5220.000000	92.087	26.1718
5300.000000	92.073	27.0831
5380.000000	92.067	27.9678
5450.000000	92.068	28.7209
5520.000000	92.075	29.4598
5600.000000	92.092	30.2947
5700.000000	92.126	31.3214
5800.000000	92.178	32.3210
5900.000000	92.248	33.2912
6000.000000	92.340	34.2246
6080.000000	92.430	34.9363
6150.000000	92.522	35.5296
6220.000000	92.631	36.0915
6300.000000	92.784	36.6846
6400.000000	93.029	37.3304
6500.000000	93.321	37.8445
6600.000000	93.655	38.1845
6700.000000	94.033	38.2944
6800.000000	94.458	38.1031
6900.000000	94.931	37.5144
7000.000000	95.451	36.4090
7100.000000	96.012	34.6414
7200.000000	96.601	32.0467
7300.000000	97.192	28.4453
7400.000000	97.740	23.7077
7500.000000	98.196	17.7993
7620.000000	98.531	9.2534
7750.000000	98.501	-1.1608
7880.000000	98.001	-11.4657
8000.000000	97.166	-19.7896
8120.000000	96.067	-26.4102
8250.000000	94.730	-31.5458
8380.000000	93.376	-34.8069
8500.000000	92.177	-36.4991
8620.000000	91.055	-37.2344
8750.000000	89.938	-37.2428
8850.000000	89.148	-36.8409
9000.000000	88.073	-35.7854
9120.000000	87.302	-34.7209
9250.000000	86.544	-33.4429
9380.000000	85.856	-32.0590
9500.000000	85.281	-30.7235
9620.000000	84.760	-29.3640
9750.000000	84.253	-27.9078
9880.000000	83.807	-26.5218
10000.000000	83.450	-25.3391
10150.000000	83.073	-24.0554
10300.000000	82.765	-23.0480
10440.000000	82.528	-22.4288
10600.000000	82.306	-22.1773
10750.000000	82.129	-22.4373
10900.000000	81.960	-23.2468
11060.000000	81.735	-24.6980
11200.000000	81.455	-26.0785
11380.000000	81.062	-27.1704
11500.000000	80.859	-27.7550
11720.000000	80.548	-29.4261
11800.000000	80.430	-30.1523
12060.000000	80.037	-32.4650
12200.000000	79.847	-33.5853
12410.000000	79.644	-35.2041
12500.000000	79.600	-35.9596
12650.000000	79.579	-37.4022
12800.000000	79.610	-39.1043
13150.000000	79.855	-44.0493
13200.000000	79.913	-44.8839
13400.000000	80.206	-48.6247
13600.000000	80.604	-53.1307
13800.000000	81.111	-58.6071
14000.000000	81.728	-65.2712
14300.000000	82.869	-77.9177
14500.000000	83.801	-88.5382
14750.000000	85.187	-105.4062
15000.000000	86.627	-128.0319
15250.000000	87.548	-157.0895
15500.000000	87.355	169.8810
15750.000000	85.941	137.4383
16000.000000	83.801	108.6252
16250.000000	81.575	83.5743
16500.000000	79.584	60.9499
16750.000000	77.873	39.3738
17000.000000	76.427	17.8122
17250.000000	75.229	-4.5653
17500.000000	74.260	-28.6027
17750.000000	73.440	-55.2550
18000.000000	72.550	-85.1202
18250.000000	71.302	-117.2889
18500.000000	70.005	-149.9254
18750.000000	70.069	173.1918
19000.000000	70.284	124.0300
19250.000000	68.972	65.9362
19500.000000	66.441	2.4425
19750.000000	63.284	-68.9521
20000.000000	60.636	-142.8325
