* Measurement data measured by REW V5.31.3
* Source: USB-C to 3.5mm Headphone Jack Adapter, USB-C to 3.5mm Headphone Jack Adapter, 0, volume: 0.295
* Format: 256k Log Swept Sine, 4 sweeps at -12.0 dBFS with no timing reference
* Dated: Nov 5, 2024 11:58:37 PM
* REW Settings:
*  C-weighting compensation: Off
*  Target level: 75.0 dB
* Note: ; 
* Measurement: Wyvern Abyss R
* Smoothing: 1/24 octave
* Frequency Step: 1/48 octave
* Start Frequency: 20.300 Hz
*
* Freq(Hz)	SPL(dB)	Phase(degrees)
20.299999	99.292	-164.5335
20.600000	99.295	-165.1245
20.900000	99.296	-165.7490
21.200001	99.297	-166.3600
21.400000	99.299	-166.7607
21.799999	99.304	-167.5536
22.000000	99.308	-167.9476
22.400000	99.316	-168.7289
22.700001	99.320	-169.3044
23.000000	99.321	-169.8670
23.299999	99.321	-170.4160
23.600000	99.318	-170.9529
24.000000	99.313	-171.6548
24.299999	99.307	-172.1728
24.700001	99.299	-172.8510
25.000000	99.293	-173.3483
25.400000	99.284	-173.9954
25.799999	99.276	-174.6276
26.200001	99.268	-175.2487
26.500000	99.260	-175.7066
26.900000	99.247	-176.3001
27.200001	99.235	-176.7281
27.600000	99.219	-177.2762
28.000000	99.206	-177.8110
28.500000	99.193	-178.4921
29.000000	99.181	-179.2041
29.500000	99.162	-179.9194
30.000000	99.136	179.4140
30.400000	99.113	178.9323
30.700001	99.096	178.5933
31.100000	99.076	178.1488
31.500000	99.055	177.6912
32.000000	99.025	177.0931
32.500000	98.988	176.4947
33.000000	98.950	175.9334
33.500000	98.918	175.4152
34.000000	98.895	174.9125
34.500000	98.876	174.3982
35.000000	98.855	173.8747
35.500000	98.826	173.3686
36.000000	98.792	172.9016
36.500000	98.758	172.4698
37.000000	98.726	172.0501
37.500000	98.696	171.6230
38.200001	98.653	171.0161
38.700001	98.621	170.5990
39.500000	98.568	169.9791
40.000000	98.537	169.6026
40.599998	98.498	169.1380
41.200001	98.455	168.6616
41.799999	98.410	168.1912
42.500000	98.360	167.6609
43.099998	98.319	167.2183
43.700001	98.279	166.7918
44.400002	98.229	166.3299
45.000000	98.185	165.9613
45.500000	98.149	165.6595
46.200001	98.099	165.2321
46.799999	98.058	164.8707
47.500000	98.013	164.4753
48.200001	97.968	164.1057
48.700001	97.934	163.8488
49.400002	97.884	163.4914
50.000000	97.841	163.1774
50.799999	97.783	162.7378
51.500000	97.727	162.3710
52.200001	97.672	162.0455
53.000000	97.621	161.6682
53.799999	97.572	161.3043
54.500000	97.528	161.0592
55.200001	97.477	160.8178
56.000000	97.402	160.4738
57.000000	97.329	159.9985
58.000000	97.294	159.6732
59.000000	97.261	160.0661
60.000000	97.252	160.3227
60.799999	97.186	159.6405
61.500000	97.074	158.8557
62.200001	96.984	158.3203
63.000000	96.935	157.9652
64.000000	96.879	157.6935
65.000000	96.806	157.4837
66.000000	96.737	157.1840
67.000000	96.673	156.9325
68.000000	96.606	156.7282
69.000000	96.531	156.4896
70.000000	96.463	156.2467
71.000000	96.402	156.0333
72.000000	96.338	155.8361
73.000000	96.273	155.6470
74.000000	96.211	155.4562
75.000000	96.149	155.2807
76.199997	96.077	155.0840
77.500000	95.997	154.8629
78.800003	95.917	154.6679
80.000000	95.844	154.5192
81.199997	95.773	154.3743
82.500000	95.695	154.2132
83.800003	95.618	154.0598
85.000000	95.547	153.9344
86.199997	95.478	153.8154
87.500000	95.404	153.6875
88.500000	95.349	153.5969
90.000000	95.267	153.4789
91.199997	95.199	153.3965
92.500000	95.127	153.3010
93.800003	95.059	153.2178
95.000000	94.998	153.1606
96.199997	94.935	153.1173
97.500000	94.867	153.0782
98.800003	94.801	153.0374
100.000000	94.740	153.0037
101.500000	94.664	152.9667
103.000000	94.590	152.9222
104.400002	94.524	152.8822
106.000000	94.446	152.8668
107.500000	94.374	152.8826
109.000000	94.305	152.8906
110.599998	94.234	152.8987
112.000000	94.170	152.9259
113.800003	94.088	152.9736
115.000000	94.034	152.9962
117.199997	93.938	153.0366
118.000000	93.901	153.0905
120.599998	93.789	153.2761
122.000000	93.738	153.2162
124.099998	93.655	153.2173
125.000000	93.618	153.2560
126.500000	93.557	153.3496
128.000000	93.503	153.4311
131.500000	93.384	153.5422
132.000000	93.367	153.5706
134.000000	93.296	153.7250
136.000000	93.223	153.8828
138.000000	93.155	153.9816
140.000000	93.094	154.0940
143.000000	92.999	154.3172
145.000000	92.929	154.4703
147.500000	92.845	154.6160
150.000000	92.765	154.7908
152.500000	92.685	154.9901
155.000000	92.612	155.2239
157.500000	92.541	155.4584
160.000000	92.468	155.6749
162.500000	92.391	155.9103
165.000000	92.300	156.1428
167.500000	92.228	156.3812
170.000000	92.165	156.6174
172.500000	92.076	156.8069
175.000000	92.008	157.1096
177.500000	91.976	157.8636
180.000000	91.959	158.8091
182.500000	91.837	158.6776
185.000000	91.699	158.5610
187.500000	91.598	158.8409
190.000000	91.513	159.3017
192.500000	91.439	159.8563
195.000000	91.375	160.4767
197.500000	91.324	161.2150
200.000000	91.290	162.0589
203.000000	91.289	162.9984
206.000000	91.341	163.7691
209.000000	91.434	164.3825
212.000000	91.528	164.5082
214.000000	91.567	164.3190
218.000000	91.580	163.7776
220.000000	91.564	163.5768
224.000000	91.504	163.3968
227.000000	91.447	163.3576
230.000000	91.380	163.3738
233.000000	91.314	163.5275
236.000000	91.260	163.7272
240.000000	91.202	164.0276
243.000000	91.151	164.2033
247.000000	91.081	164.4554
250.000000	91.030	164.6996
254.000000	90.966	165.1030
258.000000	90.910	165.4337
262.000000	90.863	165.7571
265.000000	90.825	166.0015
269.000000	90.777	166.3121
272.000000	90.741	166.5665
276.000000	90.692	166.9131
280.000000	90.644	167.2690
285.000000	90.585	167.7175
290.000000	90.527	168.1450
295.000000	90.463	168.6360
300.000000	90.392	169.2195
304.000000	90.363	169.5051
307.000000	90.345	169.7129
311.000000	90.312	170.0510
315.000000	90.273	170.4012
320.000000	90.228	170.8629
325.000000	90.185	171.3308
330.000000	90.142	171.7886
335.000000	90.101	172.2535
340.000000	90.060	172.7187
345.000000	90.018	173.1896
350.000000	89.974	173.6826
355.000000	89.926	174.1868
360.000000	89.876	174.6809
365.000000	89.837	175.2490
370.000000	89.806	175.8904
375.000000	89.787	176.5457
382.000000	89.785	177.4543
387.000000	89.800	178.0415
395.000000	89.824	178.7207
400.000000	89.830	179.0453
406.000000	89.828	179.4010
412.000000	89.805	179.7494
418.000000	89.758	-179.9050
425.000000	89.744	-179.3688
431.000000	89.747	-178.8924
437.000000	89.736	-178.4478
444.000000	89.715	-177.9192
450.000000	89.698	-177.4647
455.000000	89.685	-177.0825
462.000000	89.668	-176.5347
468.000000	89.654	-176.0626
475.000000	89.643	-175.5102
482.000000	89.630	-174.9709
487.000000	89.617	-174.6004
494.000000	89.602	-174.0745
500.000000	89.591	-173.6129
508.000000	89.579	-173.0003
515.000000	89.570	-172.4628
522.000000	89.559	-171.9241
530.000000	89.544	-171.3254
538.000000	89.523	-170.7434
545.000000	89.520	-170.1905
552.000000	89.527	-169.6289
560.000000	89.528	-169.0103
570.000000	89.524	-168.2459
580.000000	89.521	-167.4893
590.000000	89.520	-166.7344
600.000000	89.517	-165.9740
608.000000	89.521	-165.3639
615.000000	89.525	-164.8282
622.000000	89.529	-164.2900
630.000000	89.533	-163.6794
640.000000	89.540	-162.9233
650.000000	89.550	-162.1589
660.000000	89.562	-161.3943
670.000000	89.575	-160.6414
680.000000	89.590	-159.8802
690.000000	89.605	-159.1171
700.000000	89.623	-158.3520
710.000000	89.643	-157.5806
720.000000	89.666	-156.8069
730.000000	89.687	-156.0455
740.000000	89.710	-155.2775
750.000000	89.736	-154.5090
762.000000	89.770	-153.6042
775.000000	89.806	-152.6668
788.000000	89.851	-151.6484
800.000000	89.897	-150.6707
812.000000	89.940	-149.7345
825.000000	89.986	-148.7207
838.000000	90.033	-147.6819
850.000000	90.086	-146.7736
862.000000	90.146	-145.8799
875.000000	90.212	-144.8867
885.000000	90.267	-144.1056
900.000000	90.357	-142.9178
912.000000	90.426	-142.0437
925.000000	90.506	-141.0989
938.000000	90.594	-140.1408
950.000000	90.682	-139.2774
962.000000	90.775	-138.4232
975.000000	90.883	-137.4644
988.000000	90.998	-136.5334
1000.000000	91.111	-135.7040
1015.000000	91.260	-134.6982
1030.000000	91.423	-133.7955
1044.000000	91.586	-133.0465
1060.000000	91.779	-132.2855
1075.000000	91.961	-131.6767
1090.000000	92.142	-131.2062
1106.000000	92.329	-130.8309
1120.000000	92.485	-130.5778
1138.000000	92.674	-130.3394
1150.000000	92.792	-130.1933
1172.000000	92.994	-129.9622
1180.000000	93.065	-129.8980
1206.000000	93.286	-129.7174
1220.000000	93.401	-129.6180
1241.000000	93.570	-129.5934
1250.000000	93.638	-129.6469
1265.000000	93.733	-129.7907
1280.000000	93.793	-129.8565
1315.000000	93.934	-129.0146
1320.000000	93.967	-128.8535
1340.000000	94.122	-128.3325
1360.000000	94.284	-127.9713
1380.000000	94.442	-127.6849
1400.000000	94.592	-127.4485
1430.000000	94.811	-127.1422
1450.000000	94.956	-126.9416
1475.000000	95.135	-126.6825
1500.000000	95.312	-126.4412
1525.000000	95.492	-126.2454
1550.000000	95.673	-126.0587
1575.000000	95.852	-125.8886
1600.000000	96.028	-125.7428
1625.000000	96.203	-125.6156
1650.000000	96.378	-125.5141
1675.000000	96.553	-125.4419
1700.000000	96.729	-125.4030
1725.000000	96.905	-125.3949
1750.000000	97.082	-125.4214
1775.000000	97.259	-125.4865
1800.000000	97.437	-125.5913
1825.000000	97.616	-125.7374
1850.000000	97.794	-125.9241
1875.000000	97.970	-126.1534
1900.000000	98.146	-126.4278
1925.000000	98.320	-126.7487
1950.000000	98.493	-127.1166
1975.000000	98.663	-127.5304
2000.000000	98.831	-127.9921
2030.000000	99.031	-128.6069
2060.000000	99.226	-129.2863
2090.000000	99.414	-130.0311
2120.000000	99.594	-130.8414
2140.000000	99.710	-131.4164
2180.000000	99.928	-132.6364
2200.000000	100.031	-133.2798
2240.000000	100.222	-134.6290
2270.000000	100.352	-135.6865
2300.000000	100.470	-136.7782
2330.000000	100.576	-137.8954
2360.000000	100.669	-139.0290
2400.000000	100.775	-140.5534
2430.000000	100.838	-141.6957
2470.000000	100.905	-143.2045
2500.000000	100.942	-144.3155
2540.000000	100.976	-145.7578
2580.000000	100.993	-147.1430
2620.000000	100.993	-148.4663
2650.000000	100.985	-149.4104
2690.000000	100.963	-150.5972
2720.000000	100.940	-151.4319
2760.000000	100.901	-152.4680
2800.000000	100.856	-153.4180
2850.000000	100.792	-154.4873
2900.000000	100.724	-155.4292
2950.000000	100.655	-156.2509
3000.000000	100.588	-156.9649
3040.000000	100.537	-157.4660
3070.000000	100.500	-157.8046
3110.000000	100.456	-158.2111
3150.000000	100.417	-158.5781
3200.000000	100.377	-158.9880
3250.000000	100.346	-159.3538
3300.000000	100.324	-159.7001
3350.000000	100.311	-160.0486
3400.000000	100.307	-160.4073
3450.000000	100.311	-160.7773
3500.000000	100.323	-161.1704
3550.000000	100.342	-161.6057
3600.000000	100.367	-162.0943
3650.000000	100.396	-162.6470
3700.000000	100.430	-163.2704
3750.000000	100.465	-163.9720
3820.000000	100.512	-165.1113
3870.000000	100.541	-166.0417
3950.000000	100.571	-167.7336
4000.000000	100.574	-168.9141
4060.000000	100.554	-170.4448
4120.000000	100.507	-172.0817
4180.000000	100.430	-173.7896
4250.000000	100.301	-175.8312
4310.000000	100.156	-177.5970
4370.000000	99.979	-179.3441
4440.000000	99.727	178.7082
4500.000000	99.476	177.1584
4550.000000	99.243	175.9748
4620.000000	98.888	174.5243
4680.000000	98.563	173.5021
4750.000000	98.165	172.5850
4820.000000	97.757	171.9691
4870.000000	97.464	171.7080
4940.000000	97.057	171.5798
5000.000000	96.715	171.6714
5080.000000	96.273	172.0659
5150.000000	95.898	172.6293
5220.000000	95.533	173.4106
5300.000000	95.132	174.6625
5380.000000	94.784	176.4769
5450.000000	94.593	178.2678
5520.000000	94.478	179.5052
5600.000000	94.309	-179.5667
5700.000000	94.054	-178.1118
5800.000000	93.840	-176.3255
5900.000000	93.686	-174.4567
6000.000000	93.589	-172.6546
6080.000000	93.545	-171.2864
6150.000000	93.528	-170.1180
6220.000000	93.531	-168.9770
6300.000000	93.571	-167.6744
6400.000000	93.701	-166.0034
6500.000000	93.936	-164.3625
6600.000000	94.293	-162.9642
6700.000000	94.781	-162.1551
6800.000000	95.392	-162.2708
6900.000000	96.110	-163.7035
7000.000000	96.876	-166.9643
7100.000000	97.584	-172.3867
7200.000000	98.092	-179.9601
7300.000000	98.255	170.8249
7400.000000	97.974	161.0002
7500.000000	97.249	151.8464
7620.000000	95.942	143.1361
7750.000000	94.264	137.1222
7880.000000	92.561	134.2431
8000.000000	91.070	133.6469
8120.000000	89.671	134.4076
8250.000000	88.282	136.2372
8380.000000	87.029	138.7415
8500.000000	85.984	141.4188
8620.000000	85.032	144.3470
8750.000000	84.090	147.7488
8850.000000	83.424	150.4799
9000.000000	82.511	154.7171
9120.000000	81.843	158.2068
9250.000000	81.182	162.0860
9380.000000	80.584	166.0267
9500.000000	80.081	169.7335
9620.000000	79.620	173.5167
9750.000000	79.169	177.6950
9880.000000	78.773	-178.0302
10000.000000	78.457	-173.9742
10150.000000	78.134	-168.7062
10300.000000	77.901	-163.1373
10440.000000	77.787	-157.5358
10600.000000	77.835	-150.6064
10750.000000	78.150	-143.7364
10900.000000	78.821	-137.2456
11060.000000	79.925	-132.2433
11200.000000	81.074	-130.5870
11380.000000	82.478	-132.4085
11500.000000	83.222	-135.4180
11720.000000	84.160	-142.0192
11800.000000	84.440	-144.4004
12060.000000	85.254	-153.1280
12200.000000	85.580	-158.5428
12410.000000	85.903	-167.2722
12500.000000	85.985	-171.1501
12650.000000	86.051	-177.6630
12800.000000	86.041	175.9003
13150.000000	85.863	161.8141
13200.000000	85.840	159.9124
13400.000000	85.808	152.4204
13600.000000	85.935	144.7162
13800.000000	86.266	136.0752
14000.000000	86.799	125.6821
14300.000000	87.850	104.7512
14500.000000	88.412	86.0148
14750.000000	88.317	58.0630
15000.000000	86.958	29.4577
15250.000000	84.651	4.6954
15500.000000	82.056	-15.1848
15750.000000	79.659	-31.5962
16000.000000	77.665	-46.3862
16250.000000	76.118	-60.8959
16500.000000	74.906	-75.8481
16750.000000	73.905	-91.6253
17000.000000	73.050	-108.4445
17250.000000	72.335	-126.7540
17500.000000	71.729	-147.0242
17750.000000	71.197	-169.6881
18000.000000	70.696	164.7634
18250.000000	70.167	135.7423
18500.000000	69.596	102.5088
18750.000000	68.976	64.2234
19000.000000	68.187	19.7542
19250.000000	66.986	-31.5811
19500.000000	65.297	-90.3295
19750.000000	63.344	-160.0488
20000.000000	61.827	126.8892
