* Measurement data measured by REW V5.31.3
* Source: USB-C to 3.5mm Headphone Jack Adapter, USB-C to 3.5mm Headphone Jack Adapter, 0, volume: 0.295
* Format: 256k Log Swept Sine, 4 sweeps at -12.0 dBFS with no timing reference
* Dated: Aug 16, 2025 10:12:11 PM
* REW Settings:
*  C-weighting compensation: Off
*  Target level: 75.0 dB
* Note: ; 
* Measurement: Yu9 Audio Que L
* Smoothing: 1/24 octave
* Frequency Step: 1/48 octave
* Start Frequency: 20.300 Hz
*
* Freq(Hz)	SPL(dB)	Phase(degrees)
20.299999	98.952	-165.2072
20.600000	98.990	-165.8536
20.900000	99.031	-166.5550
21.200001	99.071	-167.2764
21.400000	99.094	-167.7713
21.799999	99.129	-168.7894
22.000000	99.140	-169.3029
22.400000	99.148	-170.3076
22.700001	99.148	-171.0232
23.000000	99.146	-171.7032
23.299999	99.148	-172.3589
23.600000	99.155	-173.0090
24.000000	99.173	-173.8947
24.299999	99.190	-174.5801
24.700001	99.214	-175.5091
25.000000	99.229	-176.2000
25.400000	99.244	-177.0912
25.799999	99.257	-177.9396
26.200001	99.267	-178.7511
26.500000	99.273	-179.3427
26.900000	99.280	179.8824
27.200001	99.285	179.3072
27.600000	99.292	178.5411
28.000000	99.300	177.7684
28.500000	99.310	176.7898
29.000000	99.315	175.8140
29.500000	99.316	174.8740
30.000000	99.315	173.9877
30.400000	99.316	173.3080
30.700001	99.318	172.8038
31.100000	99.322	172.1268
31.500000	99.324	171.4393
32.000000	99.322	170.5761
32.500000	99.316	169.7328
33.000000	99.308	168.9221
33.500000	99.305	168.1283
34.000000	99.303	167.3250
34.500000	99.300	166.5082
35.000000	99.291	165.7050
35.500000	99.280	164.9386
36.000000	99.275	164.1959
36.500000	99.274	163.4446
37.000000	99.274	162.6801
37.500000	99.273	161.9313
38.200001	99.275	160.9179
38.700001	99.277	160.1569
39.500000	99.252	158.8538
40.000000	99.211	158.1159
40.599998	99.164	157.4154
41.200001	99.146	156.8030
41.799999	99.149	156.0942
42.500000	99.142	155.1339
43.099998	99.122	154.3209
43.700001	99.105	153.5363
44.400002	99.086	152.5852
45.000000	99.058	151.7682
45.500000	99.027	151.1430
46.200001	98.985	150.3528
46.799999	98.958	149.6783
47.500000	98.937	148.8452
48.200001	98.924	148.0092
48.700001	98.917	147.4346
49.400002	98.901	146.6565
50.000000	98.874	146.0009
50.799999	98.824	145.1221
51.500000	98.782	144.3268
52.200001	98.752	143.5056
53.000000	98.725	142.5849
53.799999	98.692	141.7616
54.500000	98.661	141.1235
55.200001	98.635	140.4517
56.000000	98.602	139.5487
57.000000	98.537	138.4508
58.000000	98.488	137.5706
59.000000	98.457	136.6359
60.000000	98.413	135.6356
60.799999	98.375	134.8533
61.500000	98.344	134.1959
62.200001	98.317	133.5755
63.000000	98.290	132.8743
64.000000	98.250	131.9453
65.000000	98.193	131.0087
66.000000	98.129	130.1375
67.000000	98.074	129.3147
68.000000	98.033	128.4481
69.000000	97.991	127.5735
70.000000	97.944	126.7635
71.000000	97.895	125.9689
72.000000	97.843	125.1631
73.000000	97.791	124.3498
74.000000	97.741	123.5487
75.000000	97.695	122.7822
76.199997	97.636	121.8438
77.500000	97.570	120.8149
78.800003	97.536	119.9266
80.000000	97.502	119.2205
81.199997	97.408	118.3824
82.500000	97.275	117.3136
83.800003	97.197	116.3817
85.000000	97.179	115.8609
86.199997	97.172	115.3829
87.500000	97.113	114.5559
88.500000	97.043	113.7997
90.000000	96.958	112.5517
91.199997	96.913	111.7525
92.500000	96.876	111.0861
93.800003	96.837	110.4211
95.000000	96.777	109.5345
96.199997	96.693	108.7406
97.500000	96.622	108.0692
98.800003	96.559	107.3858
100.000000	96.483	106.6871
101.500000	96.365	105.8459
103.000000	96.278	105.0596
104.400002	96.201	104.2712
106.000000	96.103	103.4674
107.500000	96.078	102.6542
109.000000	96.112	101.9692
110.599998	96.060	101.1863
112.000000	95.967	100.7310
113.800003	95.901	99.8071
115.000000	95.846	99.0289
117.199997	95.704	98.3729
118.000000	95.640	98.2093
120.599998	95.564	96.8876
122.000000	95.560	96.1343
124.099998	95.531	95.3281
125.000000	95.510	94.9634
126.500000	95.460	94.3074
128.000000	95.392	93.6173
131.500000	95.238	92.0311
132.000000	95.222	91.8185
134.000000	95.157	90.8772
136.000000	95.105	90.0626
138.000000	95.054	89.5468
140.000000	94.990	88.8392
143.000000	94.884	87.8799
145.000000	94.808	87.2316
147.500000	94.721	86.4982
150.000000	94.636	85.7485
152.500000	94.565	85.0805
155.000000	94.511	84.4040
157.500000	94.476	83.7508
160.000000	94.420	83.0656
162.500000	94.350	82.4868
165.000000	94.287	82.0217
167.500000	94.218	80.9612
170.000000	94.145	80.0904
172.500000	94.078	79.4749
175.000000	94.018	78.9112
177.500000	93.961	78.3277
180.000000	93.908	77.7400
182.500000	93.857	77.1948
185.000000	93.803	76.6737
187.500000	93.747	76.1408
190.000000	93.686	75.5765
192.500000	93.626	75.0087
195.000000	93.571	74.4476
197.500000	93.522	73.9787
200.000000	93.477	73.5507
203.000000	93.426	73.0945
206.000000	93.371	72.5226
209.000000	93.346	71.8591
212.000000	93.334	71.3522
214.000000	93.311	71.0107
218.000000	93.234	70.2637
220.000000	93.186	69.9638
224.000000	93.143	69.4197
227.000000	93.117	69.0292
230.000000	93.082	68.5099
233.000000	93.054	67.9801
236.000000	93.029	67.5216
240.000000	92.987	66.9583
243.000000	92.966	66.3987
247.000000	92.922	65.7889
250.000000	92.877	65.4621
254.000000	92.857	64.9698
258.000000	92.839	64.2089
262.000000	92.791	63.3524
265.000000	92.731	62.8499
269.000000	92.672	62.7184
272.000000	92.651	62.6490
276.000000	92.612	62.3524
280.000000	92.569	62.2445
285.000000	92.607	62.1629
290.000000	92.663	61.4521
295.000000	92.662	60.4821
300.000000	92.619	59.8957
304.000000	92.575	59.4927
307.000000	92.546	59.1844
311.000000	92.514	58.7957
315.000000	92.494	58.4042
320.000000	92.482	57.9084
325.000000	92.468	57.4688
330.000000	92.452	56.9864
335.000000	92.428	56.5805
340.000000	92.398	56.1802
345.000000	92.376	55.7945
350.000000	92.361	55.4126
355.000000	92.349	55.0728
360.000000	92.325	54.7403
365.000000	92.305	54.4104
370.000000	92.291	54.0668
375.000000	92.283	53.7906
382.000000	92.282	53.2910
387.000000	92.267	52.8134
395.000000	92.206	52.2335
400.000000	92.190	52.0262
406.000000	92.178	51.6965
412.000000	92.180	51.5775
418.000000	92.185	51.3808
425.000000	92.149	51.1505
431.000000	92.125	51.0064
437.000000	92.133	50.7584
444.000000	92.139	50.3887
450.000000	92.128	50.1070
455.000000	92.117	49.8879
462.000000	92.094	49.5902
468.000000	92.073	49.3657
475.000000	92.056	49.0794
482.000000	92.040	48.7574
487.000000	92.033	48.5208
494.000000	92.033	48.3433
500.000000	92.037	48.2822
508.000000	92.030	48.3518
515.000000	91.991	48.3905
522.000000	91.956	48.1530
530.000000	91.967	47.8737
538.000000	91.975	47.9044
545.000000	91.954	47.8892
552.000000	91.940	47.7552
560.000000	91.926	47.7139
570.000000	91.907	47.6523
580.000000	91.892	47.6474
590.000000	91.879	47.6541
600.000000	91.867	47.6892
608.000000	91.859	47.7234
615.000000	91.851	47.7706
622.000000	91.843	47.8394
630.000000	91.838	47.9123
640.000000	91.829	48.0028
650.000000	91.823	48.2083
660.000000	91.826	48.4114
670.000000	91.828	48.5475
680.000000	91.826	48.7063
690.000000	91.824	48.9005
700.000000	91.829	49.1479
710.000000	91.840	49.3851
720.000000	91.850	49.6311
730.000000	91.852	49.9605
740.000000	91.859	50.2826
750.000000	91.873	50.6199
762.000000	91.891	51.0479
775.000000	91.913	51.5701
788.000000	91.943	52.0522
800.000000	91.973	52.4977
812.000000	92.004	52.9964
825.000000	92.037	53.5405
838.000000	92.080	54.0554
850.000000	92.122	54.5654
862.000000	92.170	55.1280
875.000000	92.229	55.6958
885.000000	92.276	56.1138
900.000000	92.358	56.6722
912.000000	92.430	57.1385
925.000000	92.507	57.6613
938.000000	92.591	58.1674
950.000000	92.678	58.6015
962.000000	92.767	59.0191
975.000000	92.865	59.4594
988.000000	92.966	59.8714
1000.000000	93.063	60.2128
1015.000000	93.187	60.6005
1030.000000	93.313	60.9478
1044.000000	93.431	61.2294
1060.000000	93.571	61.4810
1075.000000	93.704	61.6876
1090.000000	93.835	61.8531
1106.000000	93.975	61.9716
1120.000000	94.094	62.0315
1138.000000	94.244	62.0576
1150.000000	94.342	62.0507
1172.000000	94.517	61.9862
1180.000000	94.578	61.9431
1206.000000	94.771	61.7506
1220.000000	94.870	61.6208
1241.000000	95.013	61.4045
1250.000000	95.072	61.3043
1265.000000	95.172	61.1242
1280.000000	95.271	60.9273
1315.000000	95.491	60.4559
1320.000000	95.520	60.3878
1340.000000	95.634	60.1127
1360.000000	95.742	59.8337
1380.000000	95.845	59.5616
1400.000000	95.943	59.3043
1430.000000	96.083	58.9149
1450.000000	96.170	58.6661
1475.000000	96.274	58.3734
1500.000000	96.373	58.0895
1525.000000	96.468	57.8198
1550.000000	96.560	57.5656
1575.000000	96.648	57.3207
1600.000000	96.732	57.0893
1625.000000	96.810	56.8628
1650.000000	96.884	56.6505
1675.000000	96.956	56.4472
1700.000000	97.028	56.2512
1725.000000	97.098	56.0583
1750.000000	97.167	55.8685
1775.000000	97.235	55.6773
1800.000000	97.302	55.4885
1825.000000	97.367	55.2986
1850.000000	97.432	55.1098
1875.000000	97.496	54.9182
1900.000000	97.559	54.7233
1925.000000	97.620	54.5255
1950.000000	97.681	54.3205
1975.000000	97.741	54.1102
2000.000000	97.800	53.8966
2030.000000	97.872	53.6292
2060.000000	97.942	53.3542
2090.000000	98.011	53.0692
2120.000000	98.077	52.7731
2140.000000	98.119	52.5724
2180.000000	98.200	52.1568
2200.000000	98.239	51.9436
2240.000000	98.313	51.5091
2270.000000	98.365	51.1757
2300.000000	98.413	50.8380
2330.000000	98.459	50.4921
2360.000000	98.500	50.1457
2400.000000	98.551	49.6801
2430.000000	98.586	49.3281
2470.000000	98.626	48.8555
2500.000000	98.652	48.4986
2540.000000	98.684	48.0324
2580.000000	98.716	47.6007
2620.000000	98.740	47.1651
2650.000000	98.755	46.8433
2690.000000	98.771	46.4297
2720.000000	98.780	46.1322
2760.000000	98.789	45.7523
2800.000000	98.796	45.3925
2850.000000	98.800	44.9700
2900.000000	98.801	44.5773
2950.000000	98.800	44.2178
3000.000000	98.798	43.8897
3040.000000	98.797	43.6481
3070.000000	98.796	43.4774
3110.000000	98.797	43.2624
3150.000000	98.799	43.0579
3200.000000	98.805	42.8151
3250.000000	98.814	42.5792
3300.000000	98.827	42.3436
3350.000000	98.845	42.0999
3400.000000	98.865	41.8466
3450.000000	98.890	41.5759
3500.000000	98.919	41.2745
3550.000000	98.952	40.9382
3600.000000	98.988	40.5582
3650.000000	99.026	40.1268
3700.000000	99.065	39.6382
3750.000000	99.104	39.0866
3820.000000	99.156	38.2030
3870.000000	99.189	37.4911
3950.000000	99.230	36.2124
4000.000000	99.244	35.3311
4060.000000	99.245	34.1992
4120.000000	99.230	32.9959
4180.000000	99.199	31.7301
4250.000000	99.143	30.1867
4310.000000	99.076	28.8192
4370.000000	98.990	27.4354
4440.000000	98.865	25.8359
4500.000000	98.741	24.4727
4550.000000	98.629	23.3345
4620.000000	98.453	21.7271
4680.000000	98.281	20.3154
4750.000000	98.045	18.6298
4820.000000	97.754	16.9744
4870.000000	97.507	15.8918
4940.000000	97.109	14.6664
5000.000000	96.731	14.0040
5080.000000	96.206	13.7880
5150.000000	95.758	14.2191
5220.000000	95.345	15.1362
5300.000000	94.932	16.6368
5380.000000	94.589	18.4779
5450.000000	94.349	20.2705
5520.000000	94.164	22.1566
5600.000000	94.016	24.3575
5700.000000	93.919	27.0983
5800.000000	93.915	29.7488
5900.000000	93.999	32.2360
6000.000000	94.175	34.5026
6080.000000	94.381	36.0882
6150.000000	94.600	37.2133
6220.000000	94.852	38.1028
6300.000000	95.191	38.7041
6400.000000	95.676	38.7180
6500.000000	96.181	37.8397
6600.000000	96.650	36.0462
6700.000000	97.019	33.4436
6800.000000	97.240	30.4115
6900.000000	97.312	27.5596
7000.000000	97.300	25.4315
7100.000000	97.323	24.0519
7200.000000	97.461	22.8426
7300.000000	97.703	21.0180
7400.000000	97.957	18.1025
7500.000000	98.110	14.0858
7620.000000	98.032	8.5126
7750.000000	97.598	2.9058
7880.000000	96.907	-1.1284
8000.000000	96.161	-3.0867
8120.000000	95.409	-3.4247
8250.000000	94.699	-2.6556
8380.000000	94.111	-1.1819
8500.000000	93.683	0.6595
8620.000000	93.372	2.7687
8750.000000	93.164	5.1604
8850.000000	93.091	6.9709
9000.000000	93.115	9.4771
9120.000000	93.243	11.1710
9250.000000	93.485	12.5388
9380.000000	93.823	13.2299
9500.000000	94.202	13.0649
9620.000000	94.613	11.9543
9750.000000	95.044	9.5532
9880.000000	95.393	5.8973
10000.000000	95.579	1.5764
10150.000000	95.556	-4.5483
10300.000000	95.221	-10.6119
10440.000000	94.667	-15.4470
10600.000000	93.858	-19.4619
10750.000000	93.044	-21.6791
10900.000000	92.262	-22.6185
11060.000000	91.520	-22.6039
11200.000000	90.971	-22.0273
11380.000000	90.411	-20.8551
11500.000000	90.131	-19.9516
11720.000000	89.832	-18.3961
11800.000000	89.795	-17.9971
12060.000000	89.896	-17.9893
12200.000000	90.056	-19.0483
12410.000000	90.373	-22.3566
12500.000000	90.516	-24.4657
12650.000000	90.721	-28.8914
12800.000000	90.832	-34.3068
13150.000000	90.506	-48.7500
13200.000000	90.393	-50.7865
13400.000000	89.832	-58.4105
13600.000000	89.191	-65.0351
13800.000000	88.569	-70.8162
14000.000000	88.014	-76.0520
14300.000000	87.350	-83.3275
14500.000000	87.052	-88.0243
14750.000000	86.870	-94.0946
15000.000000	86.914	-100.7094
15250.000000	87.257	-108.0134
15500.000000	88.162	-117.0211
15750.000000	89.611	-131.3447
16000.000000	90.976	-152.8613
16250.000000	91.695	179.8558
16500.000000	91.331	150.1474
16750.000000	90.044	121.8724
17000.000000	88.394	96.2018
17250.000000	86.831	71.9159
17500.000000	85.546	47.1114
17750.000000	84.564	20.0660
18000.000000	83.829	-10.6041
18250.000000	83.250	-46.0272
18500.000000	82.698	-87.0561
18750.000000	82.005	-134.2146
19000.000000	80.968	172.1699
19250.000000	79.365	112.1309
19500.000000	77.031	46.0055
19750.000000	73.991	-27.9255
20000.000000	71.267	-103.2949
