* Measurement data measured by REW V5.31.3
* Source: USB-C to 3.5mm Headphone Jack Adapter, USB-C to 3.5mm Headphone Jack Adapter, 0, volume: 0.295
* Format: 256k Log Swept Sine, 4 sweeps at -12.0 dBFS with no timing reference
* Dated: Nov 6, 2024 12:32:55 AM
* REW Settings:
*  C-weighting compensation: Off
*  Target level: 75.0 dB
* Note: ; 
* Measurement: Zero RED Bass+ CP145 R
* Smoothing: 1/24 octave
* Frequency Step: 1/48 octave
* Start Frequency: 20.300 Hz
*
* Freq(Hz)	SPL(dB)	Phase(degrees)
20.299999	100.675	-155.2722
20.600000	100.692	-155.9285
20.900000	100.706	-156.6119
21.200001	100.721	-157.2722
21.400000	100.734	-157.7068
21.799999	100.766	-158.5913
22.000000	100.784	-159.0495
22.400000	100.819	-159.9939
22.700001	100.838	-160.7030
23.000000	100.852	-161.3842
23.299999	100.860	-162.0179
23.600000	100.867	-162.5994
24.000000	100.879	-163.3150
24.299999	100.893	-163.8346
24.700001	100.915	-164.5402
25.000000	100.931	-165.0880
25.400000	100.948	-165.8327
25.799999	100.958	-166.5676
26.200001	100.964	-167.2703
26.500000	100.967	-167.7731
26.900000	100.971	-168.4203
27.200001	100.974	-168.8977
27.600000	100.979	-169.5349
28.000000	100.985	-170.1762
28.500000	100.992	-170.9733
29.000000	100.998	-171.7454
29.500000	101.005	-172.4874
30.000000	101.010	-173.2193
30.400000	101.009	-173.8124
30.700001	101.004	-174.2615
31.100000	100.990	-174.8542
31.500000	100.971	-175.4226
32.000000	100.948	-176.0874
32.500000	100.934	-176.7223
33.000000	100.930	-177.3640
33.500000	100.928	-178.0238
34.000000	100.922	-178.6816
34.500000	100.912	-179.3194
35.000000	100.899	-179.9421
35.500000	100.882	179.4421
36.000000	100.863	178.8448
36.500000	100.845	178.2844
37.000000	100.832	177.7544
37.500000	100.825	177.2227
38.200001	100.806	176.4518
38.700001	100.780	175.9255
39.500000	100.730	175.1872
40.000000	100.707	174.7297
40.599998	100.689	174.0945
41.200001	100.669	173.3864
41.799999	100.642	172.7141
42.500000	100.609	172.0600
43.099998	100.584	171.5653
43.700001	100.559	171.0632
44.400002	100.523	170.4510
45.000000	100.488	169.9331
45.500000	100.461	169.5146
46.200001	100.426	168.9249
46.799999	100.394	168.4055
47.500000	100.354	167.8203
48.200001	100.319	167.2887
48.700001	100.294	166.9355
49.400002	100.254	166.4835
50.000000	100.215	166.1233
50.799999	100.170	165.5278
51.500000	100.134	164.8647
52.200001	100.112	164.3376
53.000000	100.144	163.9992
53.799999	100.186	163.4905
54.500000	100.133	162.8690
55.200001	100.008	162.4091
56.000000	99.883	162.0212
57.000000	99.798	161.3194
58.000000	99.740	160.6737
59.000000	99.696	160.0584
60.000000	99.621	159.3777
60.799999	99.556	158.9597
61.500000	99.511	158.6471
62.200001	99.471	158.3168
63.000000	99.422	157.9073
64.000000	99.355	157.3987
65.000000	99.287	156.9279
66.000000	99.217	156.4644
67.000000	99.145	156.0096
68.000000	99.079	155.5405
69.000000	99.013	155.0743
70.000000	98.945	154.6534
71.000000	98.876	154.2136
72.000000	98.801	153.7692
73.000000	98.730	153.3698
74.000000	98.661	152.9803
75.000000	98.588	152.6169
76.199997	98.506	152.2015
77.500000	98.417	151.7131
78.800003	98.316	151.2856
80.000000	98.232	150.9190
81.199997	98.152	150.5255
82.500000	98.061	150.1585
83.800003	97.971	149.7922
85.000000	97.884	149.4392
86.199997	97.793	149.1221
87.500000	97.699	148.7873
88.500000	97.629	148.5059
90.000000	97.524	148.1390
91.199997	97.438	147.9164
92.500000	97.341	147.6559
93.800003	97.243	147.4149
95.000000	97.161	147.2209
96.199997	97.080	147.0071
97.500000	96.988	146.7459
98.800003	96.889	146.5394
100.000000	96.797	146.4120
101.500000	96.697	146.2531
103.000000	96.605	146.0083
104.400002	96.508	145.7139
106.000000	96.386	145.4797
107.500000	96.278	145.4381
109.000000	96.178	145.4385
110.599998	96.081	145.3834
112.000000	95.991	145.2817
113.800003	95.874	145.1751
115.000000	95.796	145.1463
117.199997	95.642	145.1041
118.000000	95.584	145.0878
120.599998	95.417	144.9767
122.000000	95.336	144.9285
124.099998	95.215	144.8616
125.000000	95.167	144.8104
126.500000	95.092	144.7651
128.000000	95.003	144.8350
131.500000	94.785	145.2392
132.000000	94.752	145.3181
134.000000	94.609	145.5651
136.000000	94.482	145.7344
138.000000	94.371	145.9480
140.000000	94.266	145.8906
143.000000	94.141	146.0703
145.000000	94.065	146.4649
147.500000	93.930	146.8111
150.000000	93.774	147.1052
152.500000	93.630	147.3455
155.000000	93.518	147.7184
157.500000	93.426	148.5063
160.000000	93.303	149.2101
162.500000	93.222	149.5706
165.000000	93.161	150.0906
167.500000	93.097	150.4634
170.000000	93.035	150.7651
172.500000	92.940	151.0972
175.000000	92.843	151.3951
177.500000	92.706	151.5468
180.000000	92.575	151.6738
182.500000	92.542	152.4081
185.000000	92.506	153.0378
187.500000	92.448	153.5008
190.000000	92.386	153.9357
192.500000	92.319	154.3730
195.000000	92.249	154.8286
197.500000	92.185	155.2618
200.000000	92.125	155.6724
203.000000	92.047	156.2084
206.000000	91.972	156.7837
209.000000	91.914	157.3266
212.000000	91.864	157.8846
214.000000	91.827	158.2538
218.000000	91.756	159.1081
220.000000	91.726	159.5947
224.000000	91.671	160.6147
227.000000	91.648	161.3730
230.000000	91.655	162.0786
233.000000	91.689	162.7068
236.000000	91.729	163.2049
240.000000	91.767	163.5447
243.000000	91.775	163.6821
247.000000	91.764	163.8274
250.000000	91.752	164.0195
254.000000	91.727	164.3889
258.000000	91.680	164.6311
262.000000	91.646	164.9906
265.000000	91.630	165.3192
269.000000	91.606	165.7059
272.000000	91.585	166.0322
276.000000	91.560	166.4336
280.000000	91.537	166.7637
285.000000	91.510	167.2224
290.000000	91.489	167.7166
295.000000	91.482	168.1429
300.000000	91.479	168.5402
304.000000	91.448	168.8697
307.000000	91.425	169.1039
311.000000	91.403	169.4050
315.000000	91.387	169.7269
320.000000	91.370	170.1194
325.000000	91.356	170.4675
330.000000	91.340	170.8045
335.000000	91.323	171.1218
340.000000	91.306	171.4796
345.000000	91.285	171.8400
350.000000	91.268	172.1776
355.000000	91.253	172.5160
360.000000	91.238	172.8700
365.000000	91.220	173.1938
370.000000	91.198	173.5383
375.000000	91.184	173.8590
382.000000	91.165	174.2967
387.000000	91.146	174.6370
395.000000	91.123	175.1871
400.000000	91.107	175.5050
406.000000	91.085	175.8831
412.000000	91.074	176.2911
418.000000	91.078	176.7162
425.000000	91.049	177.1500
431.000000	91.016	177.5119
437.000000	91.002	177.8881
444.000000	90.991	178.2895
450.000000	90.979	178.6498
455.000000	90.967	178.9586
462.000000	90.952	179.3922
468.000000	90.940	179.7639
475.000000	90.927	-179.8239
482.000000	90.913	-179.4119
487.000000	90.902	-179.0904
494.000000	90.890	-178.6528
500.000000	90.881	-178.2811
508.000000	90.869	-177.7778
515.000000	90.861	-177.3448
522.000000	90.852	-176.9305
530.000000	90.846	-176.4647
538.000000	90.844	-175.9992
545.000000	90.839	-175.5720
552.000000	90.832	-175.1429
560.000000	90.826	-174.6720
570.000000	90.822	-174.0910
580.000000	90.819	-173.5227
590.000000	90.820	-172.9514
600.000000	90.823	-172.3860
608.000000	90.818	-171.9493
615.000000	90.813	-171.5669
622.000000	90.811	-171.1800
630.000000	90.810	-170.7405
640.000000	90.811	-170.1936
650.000000	90.810	-169.6436
660.000000	90.809	-169.0865
670.000000	90.812	-168.5293
680.000000	90.815	-167.9730
690.000000	90.818	-167.4131
700.000000	90.823	-166.8549
710.000000	90.831	-166.2932
720.000000	90.838	-165.7295
730.000000	90.841	-165.1564
740.000000	90.847	-164.5762
750.000000	90.855	-163.9956
762.000000	90.867	-163.3013
775.000000	90.881	-162.5491
788.000000	90.900	-161.7776
800.000000	90.919	-161.0555
812.000000	90.936	-160.3356
825.000000	90.955	-159.5576
838.000000	90.977	-158.7796
850.000000	91.003	-158.0516
862.000000	91.032	-157.3304
875.000000	91.067	-156.5577
885.000000	91.097	-155.9694
900.000000	91.147	-155.1005
912.000000	91.189	-154.3868
925.000000	91.240	-153.6348
938.000000	91.295	-152.9078
950.000000	91.350	-152.2572
962.000000	91.409	-151.6212
975.000000	91.475	-150.9473
988.000000	91.543	-150.3029
1000.000000	91.610	-149.7347
1015.000000	91.695	-149.0572
1030.000000	91.783	-148.4195
1044.000000	91.866	-147.8650
1060.000000	91.963	-147.2825
1075.000000	92.055	-146.7817
1090.000000	92.145	-146.3070
1106.000000	92.239	-145.8424
1120.000000	92.320	-145.4722
1138.000000	92.420	-145.0361
1150.000000	92.484	-144.7669
1172.000000	92.596	-144.3065
1180.000000	92.635	-144.1444
1206.000000	92.752	-143.6251
1220.000000	92.808	-143.3388
1241.000000	92.889	-142.8665
1250.000000	92.926	-142.6408
1265.000000	92.992	-142.2251
1280.000000	93.067	-141.7601
1315.000000	93.293	-140.6812
1320.000000	93.330	-140.5565
1340.000000	93.483	-140.1814
1360.000000	93.626	-139.9679
1380.000000	93.751	-139.8255
1400.000000	93.864	-139.6818
1430.000000	94.025	-139.4309
1450.000000	94.131	-139.2476
1475.000000	94.262	-139.0329
1500.000000	94.393	-138.8555
1525.000000	94.521	-138.7155
1550.000000	94.645	-138.6129
1575.000000	94.762	-138.5445
1600.000000	94.872	-138.4936
1625.000000	94.973	-138.4561
1650.000000	95.067	-138.4350
1675.000000	95.153	-138.4185
1700.000000	95.233	-138.3952
1725.000000	95.309	-138.3582
1750.000000	95.381	-138.3032
1775.000000	95.451	-138.2275
1800.000000	95.520	-138.1357
1825.000000	95.588	-138.0290
1850.000000	95.656	-137.9119
1875.000000	95.723	-137.7803
1900.000000	95.791	-137.6334
1925.000000	95.858	-137.4771
1950.000000	95.928	-137.3118
1975.000000	96.001	-137.1262
2000.000000	96.079	-136.9296
2030.000000	96.182	-136.7085
2060.000000	96.293	-136.5527
2090.000000	96.404	-136.4793
2120.000000	96.508	-136.4547
2140.000000	96.572	-136.4475
2180.000000	96.690	-136.4246
2200.000000	96.746	-136.3938
2240.000000	96.853	-136.2739
2270.000000	96.936	-136.1277
2300.000000	97.025	-135.9341
2330.000000	97.125	-135.7139
2360.000000	97.238	-135.5166
2400.000000	97.403	-135.3692
2430.000000	97.527	-135.3548
2470.000000	97.686	-135.4048
2500.000000	97.800	-135.4519
2540.000000	97.954	-135.4671
2580.000000	98.127	-135.4263
2620.000000	98.336	-135.4704
2650.000000	98.511	-135.6888
2690.000000	98.741	-136.3374
2720.000000	98.891	-137.0494
2760.000000	99.045	-138.1288
2800.000000	99.155	-139.1944
2850.000000	99.251	-140.3708
2900.000000	99.327	-141.3315
2950.000000	99.408	-142.1263
3000.000000	99.504	-142.9058
3040.000000	99.586	-143.6220
3070.000000	99.642	-144.2227
3110.000000	99.705	-145.0758
3150.000000	99.752	-145.9377
3200.000000	99.796	-146.9790
3250.000000	99.832	-148.0133
3300.000000	99.853	-149.0751
3350.000000	99.853	-150.1173
3400.000000	99.836	-151.0915
3450.000000	99.804	-151.9730
3500.000000	99.766	-152.7468
3550.000000	99.729	-153.4426
3600.000000	99.693	-154.0978
3650.000000	99.656	-154.7339
3700.000000	99.616	-155.3566
3750.000000	99.571	-155.9556
3820.000000	99.501	-156.7392
3870.000000	99.447	-157.2606
3950.000000	99.354	-158.0302
4000.000000	99.291	-158.4718
4060.000000	99.208	-158.9624
4120.000000	99.120	-159.4119
4180.000000	99.031	-159.8231
4250.000000	98.924	-160.2554
4310.000000	98.832	-160.5895
4370.000000	98.737	-160.8838
4440.000000	98.627	-161.1728
4500.000000	98.536	-161.3844
4550.000000	98.461	-161.5497
4620.000000	98.359	-161.7646
4680.000000	98.272	-161.9403
4750.000000	98.170	-162.1397
4820.000000	98.066	-162.3313
4870.000000	97.991	-162.4600
4940.000000	97.883	-162.6263
5000.000000	97.788	-162.7528
5080.000000	97.659	-162.8895
5150.000000	97.544	-162.9812
5220.000000	97.427	-163.0327
5300.000000	97.290	-163.0327
5380.000000	97.155	-162.9744
5450.000000	97.039	-162.8784
5520.000000	96.925	-162.7457
5600.000000	96.799	-162.5520
5700.000000	96.648	-162.2579
5800.000000	96.506	-161.9266
5900.000000	96.370	-161.5659
6000.000000	96.239	-161.1526
6080.000000	96.140	-160.7784
6150.000000	96.058	-160.4221
6220.000000	95.982	-160.0329
6300.000000	95.913	-159.5344
6400.000000	95.865	-158.8034
6500.000000	95.858	-157.9241
6600.000000	95.898	-156.9171
6700.000000	95.999	-155.8758
6800.000000	96.171	-154.9572
6900.000000	96.413	-154.3239
7000.000000	96.713	-154.1054
7100.000000	97.060	-154.3980
7200.000000	97.443	-155.2923
7300.000000	97.845	-156.8811
7400.000000	98.244	-159.2426
7500.000000	98.614	-162.4304
7620.000000	98.974	-167.3727
7750.000000	99.183	-173.9581
7880.000000	99.127	178.6440
8000.000000	98.791	171.7102
8120.000000	98.180	165.2534
8250.000000	97.287	159.2741
8380.000000	96.252	154.6023
8500.000000	95.244	151.4671
8620.000000	94.234	149.3568
8750.000000	93.176	148.0341
8850.000000	92.405	147.5547
9000.000000	91.326	147.4713
9120.000000	90.528	147.8064
9250.000000	89.726	148.4743
9380.000000	88.984	149.3893
9500.000000	88.351	150.3958
9620.000000	87.765	151.5196
9750.000000	87.177	152.8394
9880.000000	86.631	154.2512
10000.000000	86.166	155.6235
10150.000000	85.637	157.4391
10300.000000	85.166	159.3951
10440.000000	84.782	161.3469
10600.000000	84.419	163.6746
10750.000000	84.160	165.8561
10900.000000	83.982	167.9078
11060.000000	83.871	169.7966
11200.000000	83.820	171.1140
11380.000000	83.784	172.3439
11500.000000	83.760	172.9594
11720.000000	83.697	174.1049
11800.000000	83.679	174.6603
12060.000000	83.757	177.2638
12200.000000	83.960	179.0232
12410.000000	84.577	-178.4929
12500.000000	84.976	-177.6989
12650.000000	85.836	-177.0215
12800.000000	86.948	-177.5039
13150.000000	90.545	173.1243
13200.000000	91.137	170.3103
13400.000000	93.368	154.0253
13600.000000	94.676	130.2484
13800.000000	94.412	103.8980
14000.000000	92.809	81.4277
14300.000000	89.705	59.0726
14500.000000	88.016	48.9000
14750.000000	86.501	37.6775
15000.000000	85.495	26.4232
15250.000000	84.956	14.3154
15500.000000	84.921	0.4150
15750.000000	85.451	-16.5515
16000.000000	86.555	-38.4189
16250.000000	87.879	-67.0863
16500.000000	88.566	-102.5074
16750.000000	87.934	-140.9585
17000.000000	86.058	-177.3381
17250.000000	83.586	150.4984
17500.000000	81.103	121.5568
17750.000000	78.852	93.8740
18000.000000	76.826	65.7545
18250.000000	74.939	35.9460
18500.000000	73.097	3.4205
18750.000000	71.214	-32.7905
19000.000000	69.202	-73.6439
19250.000000	66.954	-120.0394
19500.000000	64.337	-172.9402
19750.000000	61.323	125.1597
20000.000000	58.807	60.4170
