* Measurement data measured by REW V5.31.3
* Source: USB-C to 3.5mm Headphone Jack Adapter, USB-C to 3.5mm Headphone Jack Adapter, 0, volume: 0.295
* Format: 256k Log Swept Sine, 4 sweeps at -12.0 dBFS with no timing reference
* Dated: Nov 6, 2024 8:58:45 PM
* REW Settings:
*  C-weighting compensation: Off
*  Target level: 75.0 dB
* Note: ; 
* Measurement: Zero RED Bass+ Wide R
* Smoothing: 1/24 octave
* Frequency Step: 1/48 octave
* Start Frequency: 20.300 Hz
*
* Freq(Hz)	SPL(dB)	Phase(degrees)
20.299999	100.669	-154.4056
20.600000	100.683	-154.9781
20.900000	100.700	-155.5793
21.200001	100.723	-156.1845
21.400000	100.742	-156.6016
21.799999	100.787	-157.4870
22.000000	100.809	-157.9538
22.400000	100.848	-158.9057
22.700001	100.870	-159.6006
23.000000	100.885	-160.2511
23.299999	100.897	-160.8470
23.600000	100.909	-161.3960
24.000000	100.928	-162.0948
24.299999	100.945	-162.6273
24.700001	100.968	-163.3792
25.000000	100.981	-163.9727
25.400000	100.992	-164.7728
25.799999	100.996	-165.5381
26.200001	101.000	-166.2392
26.500000	101.007	-166.7272
26.900000	101.022	-167.3568
27.200001	101.036	-167.8361
27.600000	101.052	-168.5023
28.000000	101.058	-169.1889
28.500000	101.050	-170.0215
29.000000	101.033	-170.7729
29.500000	101.022	-171.4569
30.000000	101.023	-172.1435
30.400000	101.029	-172.7291
30.700001	101.033	-173.1867
31.100000	101.037	-173.8009
31.500000	101.040	-174.3972
32.000000	101.043	-175.1084
32.500000	101.046	-175.8015
33.000000	101.043	-176.4883
33.500000	101.030	-177.1455
34.000000	101.009	-177.7439
34.500000	100.990	-178.2903
35.000000	100.976	-178.8249
35.500000	100.964	-179.3794
36.000000	100.950	-179.9529
36.500000	100.932	179.4732
37.000000	100.911	178.9086
37.500000	100.889	178.3502
38.200001	100.860	177.5725
38.700001	100.844	177.0225
39.500000	100.825	176.1611
40.000000	100.813	175.6439
40.599998	100.793	175.0591
41.200001	100.767	174.5129
41.799999	100.738	173.9826
42.500000	100.704	173.3560
43.099998	100.678	172.8177
43.700001	100.655	172.2960
44.400002	100.628	171.7020
45.000000	100.602	171.1763
45.500000	100.577	170.7234
46.200001	100.539	170.1081
46.799999	100.511	169.6245
47.500000	100.482	169.0912
48.200001	100.443	168.5753
48.700001	100.410	168.2138
49.400002	100.368	167.6725
50.000000	100.339	167.1685
50.799999	100.299	166.6029
51.500000	100.266	166.2408
52.200001	100.210	165.7734
53.000000	100.075	165.1458
53.799999	99.940	164.8267
54.500000	99.928	164.6056
55.200001	99.976	164.0341
56.000000	99.986	163.2272
57.000000	99.942	162.5933
58.000000	99.897	161.9814
59.000000	99.817	161.4879
60.000000	99.748	161.1837
60.799999	99.701	160.7007
61.500000	99.652	160.1457
62.200001	99.608	159.6375
63.000000	99.567	159.1804
64.000000	99.510	158.7218
65.000000	99.444	158.2546
66.000000	99.380	157.7253
67.000000	99.315	157.2326
68.000000	99.251	156.7849
69.000000	99.186	156.3130
70.000000	99.120	155.8590
71.000000	99.053	155.4763
72.000000	98.985	155.1088
73.000000	98.916	154.7176
74.000000	98.848	154.3385
75.000000	98.781	153.9855
76.199997	98.698	153.5521
77.500000	98.613	153.0548
78.800003	98.531	152.6251
80.000000	98.447	152.2835
81.199997	98.359	151.8982
82.500000	98.272	151.4663
83.800003	98.187	151.0952
85.000000	98.100	150.7711
86.199997	98.014	150.4691
87.500000	97.926	150.1448
88.500000	97.856	149.8929
90.000000	97.749	149.5406
91.199997	97.666	149.2790
92.500000	97.576	149.0187
93.800003	97.486	148.7580
95.000000	97.404	148.5158
96.199997	97.325	148.2834
97.500000	97.236	148.0646
98.800003	97.147	147.8723
100.000000	97.064	147.6927
101.500000	96.958	147.4896
103.000000	96.852	147.2604
104.400002	96.757	147.0524
106.000000	96.659	146.9094
107.500000	96.560	146.7953
109.000000	96.458	146.6532
110.599998	96.355	146.5226
112.000000	96.263	146.4411
113.800003	96.145	146.3392
115.000000	96.070	146.2768
117.199997	95.937	146.1682
118.000000	95.890	146.1475
120.599998	95.725	146.1935
122.000000	95.629	146.1964
124.099998	95.498	146.1527
125.000000	95.445	146.1553
126.500000	95.360	146.2288
128.000000	95.276	146.2793
131.500000	95.051	146.1651
132.000000	95.013	146.1583
134.000000	94.881	146.1880
136.000000	94.797	146.3493
138.000000	94.708	146.4689
140.000000	94.602	146.6457
143.000000	94.436	147.1578
145.000000	94.330	147.4858
147.500000	94.208	147.8721
150.000000	94.082	148.2245
152.500000	93.977	148.6644
155.000000	93.863	149.1068
157.500000	93.740	149.4179
160.000000	93.624	149.6919
162.500000	93.520	150.0790
165.000000	93.427	150.5304
167.500000	93.283	150.9226
170.000000	93.153	151.2968
172.500000	93.092	151.7094
175.000000	93.031	152.3417
177.500000	92.966	153.0861
180.000000	92.938	153.7372
182.500000	92.889	154.2308
185.000000	92.837	154.6502
187.500000	92.786	155.0704
190.000000	92.730	155.5236
192.500000	92.680	155.8907
195.000000	92.637	156.2337
197.500000	92.594	156.6290
200.000000	92.543	157.0335
203.000000	92.485	157.4755
206.000000	92.427	157.9312
209.000000	92.378	158.3873
212.000000	92.349	158.8644
214.000000	92.327	159.1510
218.000000	92.261	159.7444
220.000000	92.231	160.1060
224.000000	92.183	160.8152
227.000000	92.151	161.2838
230.000000	92.127	161.7476
233.000000	92.101	162.0980
236.000000	92.075	162.4378
240.000000	92.050	162.9483
243.000000	92.035	163.3305
247.000000	92.005	163.8388
250.000000	91.973	164.1676
254.000000	91.951	164.5164
258.000000	91.929	165.0168
262.000000	91.913	165.6631
265.000000	91.907	166.0995
269.000000	91.899	166.5493
272.000000	91.896	166.8257
276.000000	91.890	167.1967
280.000000	91.878	167.5587
285.000000	91.863	168.0357
290.000000	91.850	168.4343
295.000000	91.828	168.7576
300.000000	91.806	169.1016
304.000000	91.786	169.4568
307.000000	91.775	169.7256
311.000000	91.763	170.0380
315.000000	91.745	170.3412
320.000000	91.726	170.7343
325.000000	91.707	171.1600
330.000000	91.690	171.5565
335.000000	91.681	171.9288
340.000000	91.681	172.3310
345.000000	91.674	172.7156
350.000000	91.659	173.0188
355.000000	91.646	173.2970
360.000000	91.631	173.5830
365.000000	91.618	173.8707
370.000000	91.608	174.1941
375.000000	91.595	174.5172
382.000000	91.573	174.9136
387.000000	91.559	175.2137
395.000000	91.543	175.6887
400.000000	91.530	175.9767
406.000000	91.514	176.3264
412.000000	91.499	176.6846
418.000000	91.484	177.0121
425.000000	91.464	177.4322
431.000000	91.447	177.8097
437.000000	91.433	178.1813
444.000000	91.417	178.5803
450.000000	91.405	178.9146
455.000000	91.394	179.2058
462.000000	91.377	179.6084
468.000000	91.363	179.9680
475.000000	91.348	-179.6062
482.000000	91.335	-179.1794
487.000000	91.327	-178.8801
494.000000	91.316	-178.4661
500.000000	91.307	-178.1093
508.000000	91.295	-177.6477
515.000000	91.285	-177.2477
522.000000	91.278	-176.8448
530.000000	91.269	-176.3788
538.000000	91.261	-175.9339
545.000000	91.256	-175.5094
552.000000	91.252	-175.0846
560.000000	91.247	-174.6257
570.000000	91.244	-174.0728
580.000000	91.242	-173.5230
590.000000	91.239	-172.9646
600.000000	91.236	-172.4198
608.000000	91.234	-171.9892
615.000000	91.233	-171.6085
622.000000	91.233	-171.2309
630.000000	91.232	-170.8041
640.000000	91.232	-170.2741
650.000000	91.233	-169.7439
660.000000	91.232	-169.2141
670.000000	91.233	-168.6773
680.000000	91.235	-168.1316
690.000000	91.238	-167.5812
700.000000	91.240	-167.0251
710.000000	91.244	-166.4718
720.000000	91.248	-165.9207
730.000000	91.254	-165.3586
740.000000	91.259	-164.7868
750.000000	91.267	-164.2156
762.000000	91.279	-163.5259
775.000000	91.296	-162.7728
788.000000	91.313	-162.0067
800.000000	91.329	-161.2924
812.000000	91.345	-160.5748
825.000000	91.364	-159.7892
838.000000	91.386	-159.0020
850.000000	91.410	-158.2770
862.000000	91.439	-157.5532
875.000000	91.474	-156.7688
885.000000	91.504	-156.1674
900.000000	91.555	-155.2722
912.000000	91.598	-154.5764
925.000000	91.649	-153.8291
938.000000	91.706	-153.0921
950.000000	91.762	-152.4270
962.000000	91.823	-151.7782
975.000000	91.892	-151.0980
988.000000	91.964	-150.4463
1000.000000	92.034	-149.8718
1015.000000	92.125	-149.1889
1030.000000	92.217	-148.5441
1044.000000	92.306	-147.9806
1060.000000	92.409	-147.3876
1075.000000	92.507	-146.8757
1090.000000	92.604	-146.4053
1106.000000	92.709	-145.9520
1120.000000	92.799	-145.5957
1138.000000	92.911	-145.1825
1150.000000	92.984	-144.9318
1172.000000	93.113	-144.5204
1180.000000	93.159	-144.3837
1206.000000	93.300	-143.9703
1220.000000	93.372	-143.7628
1241.000000	93.475	-143.4690
1250.000000	93.520	-143.3440
1265.000000	93.595	-143.1315
1280.000000	93.670	-142.9187
1315.000000	93.843	-142.4206
1320.000000	93.868	-142.3465
1340.000000	93.966	-142.0435
1360.000000	94.065	-141.7350
1380.000000	94.166	-141.4272
1400.000000	94.270	-141.1254
1430.000000	94.429	-140.7076
1450.000000	94.537	-140.4593
1475.000000	94.675	-140.1959
1500.000000	94.813	-139.9910
1525.000000	94.948	-139.8576
1550.000000	95.076	-139.7722
1575.000000	95.197	-139.7309
1600.000000	95.308	-139.7162
1625.000000	95.408	-139.7083
1650.000000	95.499	-139.7005
1675.000000	95.584	-139.6844
1700.000000	95.665	-139.6555
1725.000000	95.742	-139.6142
1750.000000	95.818	-139.5561
1775.000000	95.893	-139.4854
1800.000000	95.966	-139.4036
1825.000000	96.040	-139.3109
1850.000000	96.113	-139.2102
1875.000000	96.187	-139.1062
1900.000000	96.261	-138.9980
1925.000000	96.336	-138.8876
1950.000000	96.412	-138.7751
1975.000000	96.489	-138.6606
2000.000000	96.567	-138.5448
2030.000000	96.665	-138.4031
2060.000000	96.767	-138.2562
2090.000000	96.874	-138.1089
2120.000000	96.989	-137.9757
2140.000000	97.070	-137.9096
2180.000000	97.240	-137.8771
2200.000000	97.324	-137.9201
2240.000000	97.486	-138.1044
2270.000000	97.597	-138.2922
2300.000000	97.701	-138.4958
2330.000000	97.800	-138.7026
2360.000000	97.895	-138.9108
2400.000000	98.018	-139.1947
2430.000000	98.106	-139.4137
2470.000000	98.221	-139.7114
2500.000000	98.306	-139.9345
2540.000000	98.418	-140.2240
2580.000000	98.531	-140.5011
2620.000000	98.647	-140.7711
2650.000000	98.738	-140.9789
2690.000000	98.867	-141.2800
2720.000000	98.972	-141.5567
2760.000000	99.115	-142.0460
2800.000000	99.252	-142.6915
2850.000000	99.403	-143.6519
2900.000000	99.529	-144.7003
2950.000000	99.632	-145.8094
3000.000000	99.709	-146.9500
3040.000000	99.752	-147.8415
3070.000000	99.777	-148.4783
3110.000000	99.805	-149.2853
3150.000000	99.828	-150.0732
3200.000000	99.849	-151.0458
3250.000000	99.863	-151.9624
3300.000000	99.877	-152.8869
3350.000000	99.881	-153.8784
3400.000000	99.864	-154.8780
3450.000000	99.828	-155.8215
3500.000000	99.780	-156.6746
3550.000000	99.727	-157.4366
3600.000000	99.674	-158.1367
3650.000000	99.622	-158.8107
3700.000000	99.566	-159.4823
3750.000000	99.504	-160.1512
3820.000000	99.402	-161.0483
3870.000000	99.319	-161.6346
3950.000000	99.173	-162.4510
4000.000000	99.076	-162.8847
4060.000000	98.952	-163.3343
4120.000000	98.826	-163.7091
4180.000000	98.700	-164.0167
4250.000000	98.555	-164.3049
4310.000000	98.434	-164.5059
4370.000000	98.315	-164.6763
4440.000000	98.179	-164.8387
4500.000000	98.064	-164.9567
4550.000000	97.968	-165.0472
4620.000000	97.833	-165.1619
4680.000000	97.714	-165.2409
4750.000000	97.571	-165.2930
4820.000000	97.425	-165.2874
4870.000000	97.321	-165.2445
4940.000000	97.177	-165.1318
5000.000000	97.057	-164.9930
5080.000000	96.901	-164.7591
5150.000000	96.770	-164.5183
5220.000000	96.642	-164.2503
5300.000000	96.499	-163.9105
5380.000000	96.359	-163.5372
5450.000000	96.239	-163.1833
5520.000000	96.122	-162.8012
5600.000000	95.992	-162.3292
5700.000000	95.835	-161.6843
5800.000000	95.685	-160.9803
5900.000000	95.543	-160.2051
6000.000000	95.413	-159.3577
6080.000000	95.320	-158.6295
6150.000000	95.249	-157.9604
6220.000000	95.190	-157.2673
6300.000000	95.147	-156.4563
6400.000000	95.140	-155.4286
6500.000000	95.171	-154.4132
6600.000000	95.231	-153.4346
6700.000000	95.318	-152.5143
6800.000000	95.433	-151.6749
6900.000000	95.578	-150.9399
7000.000000	95.753	-150.3285
7100.000000	95.963	-149.8694
7200.000000	96.210	-149.6181
7300.000000	96.496	-149.6504
7400.000000	96.816	-150.0309
7500.000000	97.169	-150.8307
7620.000000	97.628	-152.4916
7750.000000	98.141	-155.3490
7880.000000	98.616	-159.4525
8000.000000	98.949	-164.3894
8120.000000	99.103	-170.3377
8250.000000	99.033	-177.6087
8380.000000	98.696	174.7984
8500.000000	98.150	168.0588
8620.000000	97.413	162.0283
8750.000000	96.465	156.6048
8850.000000	95.677	153.2768
9000.000000	94.468	149.5483
9120.000000	93.513	147.4859
9250.000000	92.516	145.9903
9380.000000	91.569	145.1060
9500.000000	90.744	144.7062
9620.000000	89.967	144.5918
9750.000000	89.171	144.7127
9880.000000	88.419	145.0587
10000.000000	87.761	145.5582
10150.000000	86.986	146.4050
10300.000000	86.258	147.5285
10440.000000	85.626	148.8487
10600.000000	84.971	150.6570
10750.000000	84.434	152.5646
10900.000000	83.980	154.5638
11060.000000	83.585	156.6725
11200.000000	83.305	158.4011
11380.000000	83.013	160.3942
11500.000000	82.850	161.5752
11720.000000	82.593	163.5772
11800.000000	82.514	164.3158
12060.000000	82.341	166.9767
12200.000000	82.336	168.5641
12410.000000	82.494	170.9296
12500.000000	82.632	171.8578
12650.000000	82.964	173.2013
12800.000000	83.420	174.2173
13150.000000	84.991	174.7980
13200.000000	85.284	174.6111
13400.000000	86.675	172.8892
13600.000000	88.494	168.8502
13800.000000	90.795	160.7585
14000.000000	93.353	146.0689
14300.000000	96.067	108.8444
14500.000000	95.986	78.5078
14750.000000	93.814	45.2570
15000.000000	90.766	21.4779
15250.000000	88.021	4.2908
15500.000000	85.894	-10.1774
15750.000000	84.315	-24.2487
16000.000000	83.219	-39.1051
16250.000000	82.598	-55.4941
16500.000000	82.340	-73.9411
16750.000000	82.338	-94.8748
17000.000000	82.523	-118.7352
17250.000000	82.807	-145.9487
17500.000000	83.064	-176.8770
17750.000000	83.129	148.3891
18000.000000	82.838	110.0831
18250.000000	82.080	68.7001
18500.000000	80.828	24.5947
18750.000000	79.125	-22.3122
19000.000000	77.021	-72.4613
19250.000000	74.526	-126.7714
19500.000000	71.606	173.4050
19750.000000	68.294	105.8596
20000.000000	65.509	35.6471
