* Measurement data measured by REW V5.31.3
* Source: USB-C to 3.5mm Headphone Jack Adapter, USB-C to 3.5mm Headphone Jack Adapter, 0, volume: 0.295
* Format: 256k Log Swept Sine, 4 sweeps at -12.0 dBFS with no timing reference
* Dated: Nov 6, 2024 8:44:17 PM
* REW Settings:
*  C-weighting compensation: Off
*  Target level: 75.0 dB
* Note: ; 
* Measurement: Zero RED Bass+ Foam L
* Smoothing: 1/24 octave
* Frequency Step: 1/48 octave
* Start Frequency: 20.300 Hz
*
* Freq(Hz)	SPL(dB)	Phase(degrees)
20.299999	100.309	-153.7764
20.600000	100.337	-154.3670
20.900000	100.367	-154.9786
21.200001	100.399	-155.5862
21.400000	100.421	-156.0009
21.799999	100.462	-156.8735
22.000000	100.479	-157.3303
22.400000	100.505	-158.2589
22.700001	100.517	-158.9388
23.000000	100.526	-159.5833
23.299999	100.536	-160.1875
23.600000	100.549	-160.7609
24.000000	100.574	-161.5066
24.299999	100.595	-162.0680
24.700001	100.622	-162.8209
25.000000	100.637	-163.3758
25.400000	100.652	-164.0807
25.799999	100.663	-164.7396
26.200001	100.675	-165.3709
26.500000	100.684	-165.8431
26.900000	100.695	-166.4828
27.200001	100.701	-166.9671
27.600000	100.709	-167.6065
28.000000	100.719	-168.2339
28.500000	100.739	-169.0262
29.000000	100.759	-169.8701
29.500000	100.768	-170.7611
30.000000	100.755	-171.6233
30.400000	100.735	-172.2374
30.700001	100.721	-172.6459
31.100000	100.709	-173.1421
31.500000	100.707	-173.6219
32.000000	100.716	-174.2470
32.500000	100.727	-174.9051
33.000000	100.733	-175.5660
33.500000	100.731	-176.2106
34.000000	100.722	-176.8447
34.500000	100.707	-177.4748
35.000000	100.689	-178.0927
35.500000	100.673	-178.6888
36.000000	100.663	-179.2646
36.500000	100.657	-179.8261
37.000000	100.651	179.6245
37.500000	100.644	179.0803
38.200001	100.629	178.2926
38.700001	100.612	177.7033
39.500000	100.578	176.7889
40.000000	100.559	176.2726
40.599998	100.546	175.6805
41.200001	100.533	175.0771
41.799999	100.511	174.4865
42.500000	100.477	173.8779
43.099998	100.452	173.3963
43.700001	100.432	172.8769
44.400002	100.407	172.2115
45.000000	100.384	171.6519
45.500000	100.366	171.2141
46.200001	100.339	170.6199
46.799999	100.309	170.1150
47.500000	100.267	169.5366
48.200001	100.233	168.9421
48.700001	100.214	168.5143
49.400002	100.187	167.9885
50.000000	100.165	167.6105
50.799999	100.126	167.0206
51.500000	100.074	166.3890
52.200001	100.048	165.7822
53.000000	100.098	164.9641
53.799999	100.129	163.9429
54.500000	100.054	163.3960
55.200001	99.943	163.3940
56.000000	99.860	163.3905
57.000000	99.787	162.7622
58.000000	99.721	162.0554
59.000000	99.654	161.3741
60.000000	99.571	160.7577
60.799999	99.538	160.3246
61.500000	99.524	159.9104
62.200001	99.498	159.5068
63.000000	99.449	159.0929
64.000000	99.385	158.5397
65.000000	99.329	157.9517
66.000000	99.274	157.4496
67.000000	99.212	156.9895
68.000000	99.144	156.4816
69.000000	99.073	155.9908
70.000000	99.010	155.5439
71.000000	98.949	155.0763
72.000000	98.887	154.6208
73.000000	98.828	154.1817
74.000000	98.763	153.7350
75.000000	98.694	153.3087
76.199997	98.614	152.8269
77.500000	98.529	152.2996
78.800003	98.444	151.7546
80.000000	98.361	151.2819
81.199997	98.280	150.8796
82.500000	98.193	150.4230
83.800003	98.099	149.9750
85.000000	98.017	149.6056
86.199997	97.941	149.2473
87.500000	97.857	148.8609
88.500000	97.787	148.5625
90.000000	97.682	148.1122
91.199997	97.598	147.7847
92.500000	97.508	147.4509
93.800003	97.414	147.1078
95.000000	97.329	146.8180
96.199997	97.247	146.5601
97.500000	97.156	146.2963
98.800003	97.062	146.0151
100.000000	96.976	145.7468
101.500000	96.876	145.4603
103.000000	96.782	145.1807
104.400002	96.688	144.9184
106.000000	96.575	144.6342
107.500000	96.469	144.3889
109.000000	96.361	144.1886
110.599998	96.245	144.0162
112.000000	96.149	143.8499
113.800003	96.027	143.6562
115.000000	95.946	143.5633
117.199997	95.802	143.3660
118.000000	95.748	143.2888
120.599998	95.569	143.1222
122.000000	95.477	143.0414
124.099998	95.344	142.9210
125.000000	95.288	142.8862
126.500000	95.191	142.8272
128.000000	95.091	142.8056
131.500000	94.878	142.9507
132.000000	94.847	142.9654
134.000000	94.726	142.9958
136.000000	94.609	142.9911
138.000000	94.491	143.0471
140.000000	94.378	143.1331
143.000000	94.204	143.2933
145.000000	94.087	143.3878
147.500000	93.948	143.5859
150.000000	93.814	143.7881
152.500000	93.682	144.0411
155.000000	93.554	144.3334
157.500000	93.430	144.6383
160.000000	93.307	144.9457
162.500000	93.182	145.2786
165.000000	93.059	145.6150
167.500000	92.936	145.9857
170.000000	92.812	146.3785
172.500000	92.705	146.8188
175.000000	92.601	147.2282
177.500000	92.495	147.6650
180.000000	92.394	148.1677
182.500000	92.295	148.5513
185.000000	92.198	148.9256
187.500000	92.104	149.3717
190.000000	92.020	149.8595
192.500000	91.950	150.3065
195.000000	91.876	150.7386
197.500000	91.793	151.2362
200.000000	91.722	151.7271
203.000000	91.645	152.2605
206.000000	91.572	152.9045
209.000000	91.506	153.5516
212.000000	91.435	154.0098
214.000000	91.385	154.2921
218.000000	91.300	155.0283
220.000000	91.266	155.4472
224.000000	91.205	156.2081
227.000000	91.165	156.7501
230.000000	91.127	157.2878
233.000000	91.081	157.7626
236.000000	91.027	158.2661
240.000000	90.959	158.9614
243.000000	90.923	159.4828
247.000000	90.898	160.1687
250.000000	90.887	160.6650
254.000000	90.875	161.4366
258.000000	90.842	162.0260
262.000000	90.792	162.4877
265.000000	90.758	162.8861
269.000000	90.708	163.4685
272.000000	90.682	163.8802
276.000000	90.673	164.4315
280.000000	90.649	164.9310
285.000000	90.617	165.5998
290.000000	90.597	166.2573
295.000000	90.574	166.8612
300.000000	90.554	167.4330
304.000000	90.543	167.8545
307.000000	90.532	168.1699
311.000000	90.517	168.6057
315.000000	90.503	169.0688
320.000000	90.486	169.6111
325.000000	90.473	170.1074
330.000000	90.462	170.6058
335.000000	90.447	171.0949
340.000000	90.435	171.5635
345.000000	90.426	172.0052
350.000000	90.417	172.4213
355.000000	90.407	172.8429
360.000000	90.396	173.2939
365.000000	90.387	173.7383
370.000000	90.377	174.1421
375.000000	90.362	174.5372
382.000000	90.346	175.1149
387.000000	90.341	175.5307
395.000000	90.334	176.1858
400.000000	90.328	176.5414
406.000000	90.323	177.0099
412.000000	90.315	177.4745
418.000000	90.300	177.9058
425.000000	90.290	178.3815
431.000000	90.285	178.8255
437.000000	90.279	179.2949
444.000000	90.267	179.8379
450.000000	90.260	-179.7396
455.000000	90.256	-179.3937
462.000000	90.251	-178.8985
468.000000	90.247	-178.4751
475.000000	90.243	-177.9960
482.000000	90.239	-177.5202
487.000000	90.238	-177.1846
494.000000	90.237	-176.7146
500.000000	90.234	-176.3209
508.000000	90.230	-175.7933
515.000000	90.228	-175.3241
522.000000	90.226	-174.8669
530.000000	90.222	-174.3642
538.000000	90.219	-173.8472
545.000000	90.223	-173.4110
552.000000	90.231	-172.9695
560.000000	90.238	-172.4512
570.000000	90.245	-171.8430
580.000000	90.249	-171.2236
590.000000	90.254	-170.6036
600.000000	90.260	-169.9954
608.000000	90.266	-169.5296
615.000000	90.273	-169.1216
622.000000	90.279	-168.7144
630.000000	90.287	-168.2495
640.000000	90.297	-167.6603
650.000000	90.307	-167.0789
660.000000	90.317	-166.4944
670.000000	90.328	-165.9065
680.000000	90.339	-165.3203
690.000000	90.349	-164.7356
700.000000	90.362	-164.1513
710.000000	90.375	-163.5649
720.000000	90.390	-162.9791
730.000000	90.405	-162.3894
740.000000	90.421	-161.7886
750.000000	90.438	-161.1884
762.000000	90.460	-160.4733
775.000000	90.484	-159.7004
788.000000	90.512	-158.9215
800.000000	90.539	-158.1925
812.000000	90.564	-157.4612
825.000000	90.593	-156.6697
838.000000	90.626	-155.8752
850.000000	90.658	-155.1467
862.000000	90.694	-154.4165
875.000000	90.737	-153.6266
885.000000	90.772	-153.0236
900.000000	90.829	-152.1323
912.000000	90.880	-151.4243
925.000000	90.939	-150.6701
938.000000	91.001	-149.9330
950.000000	91.063	-149.2650
962.000000	91.128	-148.6136
975.000000	91.202	-147.9389
988.000000	91.279	-147.2874
1000.000000	91.352	-146.7047
1015.000000	91.446	-146.0131
1030.000000	91.543	-145.3594
1044.000000	91.634	-144.7803
1060.000000	91.741	-144.1630
1075.000000	91.842	-143.6317
1090.000000	91.942	-143.1400
1106.000000	92.049	-142.6540
1120.000000	92.141	-142.2646
1138.000000	92.257	-141.8020
1150.000000	92.333	-141.5207
1172.000000	92.468	-141.0440
1180.000000	92.516	-140.8832
1206.000000	92.667	-140.4011
1220.000000	92.744	-140.1553
1241.000000	92.856	-139.7946
1250.000000	92.905	-139.6418
1265.000000	92.989	-139.3922
1280.000000	93.073	-139.1487
1315.000000	93.267	-138.5863
1320.000000	93.294	-138.5066
1340.000000	93.404	-138.1895
1360.000000	93.512	-137.8732
1380.000000	93.621	-137.5540
1400.000000	93.730	-137.2370
1430.000000	93.898	-136.7898
1450.000000	94.013	-136.5189
1475.000000	94.157	-136.2146
1500.000000	94.301	-135.9612
1525.000000	94.445	-135.7601
1550.000000	94.584	-135.6077
1575.000000	94.717	-135.4990
1600.000000	94.842	-135.4231
1625.000000	94.957	-135.3614
1650.000000	95.062	-135.3040
1675.000000	95.163	-135.2445
1700.000000	95.259	-135.1793
1725.000000	95.353	-135.1027
1750.000000	95.444	-135.0175
1775.000000	95.534	-134.9218
1800.000000	95.624	-134.8173
1825.000000	95.714	-134.7073
1850.000000	95.804	-134.5926
1875.000000	95.894	-134.4762
1900.000000	95.985	-134.3620
1925.000000	96.077	-134.2520
1950.000000	96.170	-134.1466
1975.000000	96.264	-134.0482
2000.000000	96.361	-133.9619
2030.000000	96.479	-133.8727
2060.000000	96.599	-133.7984
2090.000000	96.721	-133.7456
2120.000000	96.843	-133.7139
2140.000000	96.925	-133.7055
2180.000000	97.089	-133.7243
2200.000000	97.171	-133.7488
2240.000000	97.335	-133.8326
2270.000000	97.457	-133.9283
2300.000000	97.579	-134.0521
2330.000000	97.700	-134.2047
2360.000000	97.819	-134.3849
2400.000000	97.976	-134.6682
2430.000000	98.091	-134.9124
2470.000000	98.242	-135.2801
2500.000000	98.353	-135.5853
2540.000000	98.498	-136.0310
2580.000000	98.639	-136.5198
2620.000000	98.775	-137.0512
2650.000000	98.872	-137.4734
2690.000000	98.998	-138.0694
2720.000000	99.088	-138.5388
2760.000000	99.202	-139.1948
2800.000000	99.310	-139.8857
2850.000000	99.433	-140.7955
2900.000000	99.544	-141.7485
2950.000000	99.640	-142.7310
3000.000000	99.723	-143.7358
3040.000000	99.779	-144.5479
3070.000000	99.815	-145.1577
3110.000000	99.856	-145.9690
3150.000000	99.888	-146.7753
3200.000000	99.919	-147.7688
3250.000000	99.938	-148.7395
3300.000000	99.946	-149.6791
3350.000000	99.945	-150.5885
3400.000000	99.934	-151.4640
3450.000000	99.915	-152.3026
3500.000000	99.888	-153.0965
3550.000000	99.855	-153.8495
3600.000000	99.817	-154.5638
3650.000000	99.774	-155.2371
3700.000000	99.727	-155.8711
3750.000000	99.677	-156.4676
3820.000000	99.601	-157.2409
3870.000000	99.544	-157.7523
3950.000000	99.448	-158.5037
4000.000000	99.384	-158.9346
4060.000000	99.302	-159.4155
4120.000000	99.215	-159.8593
4180.000000	99.127	-160.2701
4250.000000	99.023	-160.7116
4310.000000	98.933	-161.0593
4370.000000	98.844	-161.3823
4440.000000	98.739	-161.7393
4500.000000	98.647	-162.0217
4550.000000	98.569	-162.2388
4620.000000	98.459	-162.5149
4680.000000	98.364	-162.7269
4750.000000	98.252	-162.9454
4820.000000	98.138	-163.1342
4870.000000	98.056	-163.2498
4940.000000	97.942	-163.3824
5000.000000	97.844	-163.4693
5080.000000	97.714	-163.5440
5150.000000	97.602	-163.5702
5220.000000	97.491	-163.5587
5300.000000	97.366	-163.4993
5380.000000	97.244	-163.3897
5450.000000	97.141	-163.2531
5520.000000	97.043	-163.0822
5600.000000	96.938	-162.8495
5700.000000	96.817	-162.5084
5800.000000	96.711	-162.1199
5900.000000	96.622	-161.7000
6000.000000	96.552	-161.2668
6080.000000	96.511	-160.9223
6150.000000	96.488	-160.6307
6220.000000	96.481	-160.3598
6300.000000	96.497	-160.0907
6400.000000	96.565	-159.8388
6500.000000	96.670	-159.7087
6600.000000	96.803	-159.7398
6700.000000	96.960	-159.9753
6800.000000	97.138	-160.4605
6900.000000	97.334	-161.2368
7000.000000	97.541	-162.3410
7100.000000	97.756	-163.8093
7200.000000	97.973	-165.6888
7300.000000	98.181	-168.0465
7400.000000	98.362	-170.9199
7500.000000	98.499	-174.3011
7620.000000	98.581	-178.9871
7750.000000	98.535	175.2737
7880.000000	98.309	169.0573
8000.000000	97.897	163.1664
8120.000000	97.257	157.4564
8250.000000	96.334	151.8932
8380.000000	95.232	147.3990
8500.000000	94.115	144.4594
8620.000000	92.961	142.7554
8750.000000	91.735	142.2034
8850.000000	90.839	142.5399
9000.000000	89.604	143.9673
9120.000000	88.718	145.6807
9250.000000	87.858	147.9066
9380.000000	87.095	150.3675
9500.000000	86.471	152.7707
9620.000000	85.915	155.2411
9750.000000	85.385	157.9349
9880.000000	84.926	160.6069
10000.000000	84.559	163.0363
10150.000000	84.173	166.0067
10300.000000	83.867	168.8772
10440.000000	83.650	171.4199
10600.000000	83.477	174.1142
10750.000000	83.385	176.3874
10900.000000	83.354	178.3543
11060.000000	83.383	-179.9416
11200.000000	83.450	-178.8288
11380.000000	83.570	-177.9594
11500.000000	83.654	-177.7013
11720.000000	83.787	-177.6005
11800.000000	83.831	-177.5587
12060.000000	84.044	-176.9043
12200.000000	84.281	-176.2020
12410.000000	84.933	-175.1680
12500.000000	85.352	-174.9752
12650.000000	86.263	-175.3943
12800.000000	87.441	-177.2659
13150.000000	90.943	168.0543
13200.000000	91.443	164.3264
13400.000000	93.038	145.0653
13600.000000	93.471	121.2466
13800.000000	92.575	98.2175
14000.000000	90.855	79.9209
14300.000000	88.140	61.2223
14500.000000	86.695	51.8392
14750.000000	85.302	41.0114
15000.000000	84.259	30.1815
15250.000000	83.531	18.7241
15500.000000	83.101	6.0486
15750.000000	82.961	-8.4372
16000.000000	83.132	-25.3370
16250.000000	83.597	-45.2800
16500.000000	84.156	-68.8214
16750.000000	84.554	-96.1299
17000.000000	84.559	-126.6866
17250.000000	84.025	-159.3310
17500.000000	82.966	167.1114
17750.000000	81.516	133.2463
18000.000000	79.829	98.8925
18250.000000	78.010	63.3222
18500.000000	76.096	25.5718
18750.000000	74.067	-15.4131
19000.000000	71.852	-60.6196
19250.000000	69.362	-111.1460
19500.000000	66.484	-167.7822
19750.000000	63.213	126.9878
20000.000000	60.465	58.5951
