* Measurement data measured by REW V5.31.3
* Source: USB-C to 3.5mm Headphone Jack Adapter, USB-C to 3.5mm Headphone Jack Adapter, 0, volume: 0.295
* Format: 256k Log Swept Sine, 4 sweeps at -12.0 dBFS with no timing reference
* Dated: Nov 6, 2024 8:52:43 PM
* REW Settings:
*  C-weighting compensation: Off
*  Target level: 75.0 dB
* Note: ; 
* Measurement: Zero RED Bass+ Narrow R
* Smoothing: 1/24 octave
* Frequency Step: 1/48 octave
* Start Frequency: 20.300 Hz
*
* Freq(Hz)	SPL(dB)	Phase(degrees)
20.299999	100.720	-154.3399
20.600000	100.742	-155.0157
20.900000	100.760	-155.7217
21.200001	100.776	-156.4004
21.400000	100.787	-156.8416
21.799999	100.815	-157.7215
22.000000	100.831	-158.1687
22.400000	100.863	-159.0786
22.700001	100.882	-159.7570
23.000000	100.896	-160.4083
23.299999	100.907	-161.0155
23.600000	100.917	-161.5742
24.000000	100.934	-162.2635
24.299999	100.950	-162.7651
24.700001	100.974	-163.4485
25.000000	100.990	-163.9814
25.400000	101.008	-164.7099
25.799999	101.020	-165.4358
26.200001	101.028	-166.1414
26.500000	101.034	-166.6573
26.900000	101.042	-167.3350
27.200001	101.048	-167.8387
27.600000	101.052	-168.4978
28.000000	101.053	-169.1284
28.500000	101.055	-169.8664
29.000000	101.061	-170.5763
29.500000	101.070	-171.3067
30.000000	101.073	-172.0700
30.400000	101.069	-172.6822
30.700001	101.064	-173.1309
31.100000	101.058	-173.7173
31.500000	101.055	-174.3075
32.000000	101.053	-175.0712
32.500000	101.044	-175.8340
33.000000	101.025	-176.5244
33.500000	101.006	-177.1110
34.000000	100.995	-177.6481
34.500000	100.987	-178.2148
35.000000	100.976	-178.8297
35.500000	100.957	-179.4486
36.000000	100.937	179.9672
36.500000	100.923	179.4123
37.000000	100.914	178.8692
37.500000	100.903	178.3437
38.200001	100.889	177.6544
38.700001	100.880	177.1625
39.500000	100.858	176.3062
40.000000	100.833	175.7629
40.599998	100.799	175.1702
41.200001	100.773	174.6368
41.799999	100.757	174.1073
42.500000	100.736	173.4680
43.099998	100.710	172.9226
43.700001	100.681	172.3778
44.400002	100.647	171.7254
45.000000	100.620	171.1774
45.500000	100.598	170.7527
46.200001	100.567	170.1985
46.799999	100.533	169.7318
47.500000	100.487	169.1714
48.200001	100.449	168.5662
48.700001	100.428	168.1244
49.400002	100.394	167.5978
50.000000	100.362	167.2574
50.799999	100.312	166.7294
51.500000	100.259	166.0954
52.200001	100.251	165.4518
53.000000	100.347	164.6038
53.799999	100.418	163.5641
54.500000	100.340	163.0571
55.200001	100.190	163.1769
56.000000	100.056	163.2826
57.000000	99.949	162.6252
58.000000	99.903	161.9261
59.000000	99.874	161.3259
60.000000	99.785	160.7965
60.799999	99.722	160.4025
61.500000	99.684	159.9843
62.200001	99.644	159.5811
63.000000	99.590	159.2255
64.000000	99.524	158.8059
65.000000	99.464	158.2984
66.000000	99.407	157.7701
67.000000	99.341	157.2649
68.000000	99.267	156.7975
69.000000	99.208	156.3388
70.000000	99.155	155.8727
71.000000	99.087	155.4798
72.000000	99.006	155.1521
73.000000	98.927	154.7913
74.000000	98.857	154.3937
75.000000	98.794	153.9948
76.199997	98.712	153.5279
77.500000	98.620	153.0490
78.800003	98.530	152.6052
80.000000	98.449	152.2433
81.199997	98.371	151.9044
82.500000	98.277	151.5379
83.800003	98.182	151.1870
85.000000	98.103	150.8318
86.199997	98.024	150.5077
87.500000	97.937	150.1742
88.500000	97.869	149.8826
90.000000	97.760	149.4828
91.199997	97.674	149.2522
92.500000	97.587	149.0281
93.800003	97.502	148.7680
95.000000	97.420	148.5110
96.199997	97.333	148.2684
97.500000	97.241	148.0490
98.800003	97.150	147.8384
100.000000	97.065	147.6508
101.500000	96.960	147.4443
103.000000	96.859	147.2302
104.400002	96.767	147.0318
106.000000	96.662	146.8808
107.500000	96.557	146.7611
109.000000	96.454	146.6236
110.599998	96.346	146.4967
112.000000	96.252	146.4097
113.800003	96.133	146.2835
115.000000	96.055	146.2373
117.199997	95.904	146.2476
118.000000	95.845	146.2588
120.599998	95.680	146.2399
122.000000	95.599	146.2237
124.099998	95.458	146.2184
125.000000	95.400	146.1995
126.500000	95.309	146.1122
128.000000	95.222	146.0150
131.500000	95.016	146.1525
132.000000	94.984	146.2225
134.000000	94.853	146.4265
136.000000	94.742	146.3291
138.000000	94.649	146.6821
140.000000	94.510	147.2600
143.000000	94.324	147.5026
145.000000	94.238	147.9666
147.500000	94.083	148.3817
150.000000	93.945	148.5933
152.500000	93.815	149.3319
155.000000	93.709	149.8943
157.500000	93.631	150.4785
160.000000	93.564	150.9124
162.500000	93.501	151.6496
165.000000	93.420	152.0842
167.500000	93.348	152.2380
170.000000	93.294	152.8654
172.500000	93.255	153.4453
175.000000	93.214	153.8224
177.500000	93.163	153.9156
180.000000	93.094	154.1172
182.500000	93.023	154.5387
185.000000	92.961	154.8884
187.500000	92.900	155.2480
190.000000	92.834	155.6161
192.500000	92.765	156.0376
195.000000	92.705	156.4629
197.500000	92.651	156.8468
200.000000	92.593	157.2219
203.000000	92.530	157.7547
206.000000	92.477	158.3080
209.000000	92.435	158.7723
212.000000	92.393	159.1328
214.000000	92.360	159.4266
218.000000	92.300	160.0948
220.000000	92.280	160.4225
224.000000	92.246	161.0485
227.000000	92.220	161.5170
230.000000	92.196	161.9241
233.000000	92.174	162.2438
236.000000	92.141	162.5930
240.000000	92.094	163.2064
243.000000	92.063	163.6843
247.000000	92.040	164.2283
250.000000	92.040	164.5590
254.000000	92.024	164.9201
258.000000	91.988	165.4021
262.000000	91.962	165.8595
265.000000	91.950	166.1801
269.000000	91.934	166.5856
272.000000	91.924	166.8784
276.000000	91.907	167.2874
280.000000	91.884	167.6740
285.000000	91.856	168.1591
290.000000	91.831	168.5974
295.000000	91.816	169.0184
300.000000	91.800	169.4901
304.000000	91.784	169.8283
307.000000	91.771	170.0816
311.000000	91.755	170.4078
315.000000	91.738	170.7228
320.000000	91.718	171.1160
325.000000	91.702	171.5138
330.000000	91.690	171.9152
335.000000	91.680	172.3018
340.000000	91.665	172.6708
345.000000	91.644	173.0020
350.000000	91.629	173.3570
355.000000	91.617	173.7206
360.000000	91.603	174.0739
365.000000	91.590	174.3730
370.000000	91.575	174.6696
375.000000	91.558	175.0186
382.000000	91.534	175.5128
387.000000	91.519	175.8244
395.000000	91.499	176.3601
400.000000	91.488	176.7117
406.000000	91.476	177.1235
412.000000	91.463	177.5289
418.000000	91.450	177.9225
425.000000	91.437	178.3965
431.000000	91.429	178.7694
437.000000	91.422	179.1407
444.000000	91.414	179.5677
450.000000	91.406	179.9229
455.000000	91.401	-179.7925
462.000000	91.395	-179.3908
468.000000	91.387	-179.0609
475.000000	91.377	-178.6670
482.000000	91.366	-178.2672
487.000000	91.359	-177.9897
494.000000	91.348	-177.5951
500.000000	91.338	-177.2450
508.000000	91.328	-176.7650
515.000000	91.320	-176.3612
522.000000	91.311	-175.9481
530.000000	91.302	-175.4796
538.000000	91.297	-175.0175
545.000000	91.291	-174.6144
552.000000	91.284	-174.2107
560.000000	91.276	-173.7518
570.000000	91.271	-173.1850
580.000000	91.268	-172.6047
590.000000	91.266	-172.0281
600.000000	91.264	-171.4780
608.000000	91.262	-171.0392
615.000000	91.261	-170.6594
622.000000	91.260	-170.2812
630.000000	91.259	-169.8401
640.000000	91.258	-169.2912
650.000000	91.258	-168.7520
660.000000	91.260	-168.2032
670.000000	91.262	-167.6429
680.000000	91.264	-167.0800
690.000000	91.266	-166.5138
700.000000	91.270	-165.9436
710.000000	91.275	-165.3649
720.000000	91.280	-164.7841
730.000000	91.286	-164.2113
740.000000	91.294	-163.6328
750.000000	91.304	-163.0511
762.000000	91.316	-162.3423
775.000000	91.333	-161.5558
788.000000	91.352	-160.7719
800.000000	91.370	-160.0500
812.000000	91.387	-159.3189
825.000000	91.407	-158.5218
838.000000	91.432	-157.7246
850.000000	91.457	-156.9816
862.000000	91.487	-156.2400
875.000000	91.524	-155.4417
885.000000	91.556	-154.8302
900.000000	91.608	-153.9258
912.000000	91.653	-153.1984
925.000000	91.706	-152.4237
938.000000	91.765	-151.6710
950.000000	91.824	-150.9938
962.000000	91.886	-150.3331
975.000000	91.957	-149.6406
988.000000	92.031	-148.9752
1000.000000	92.102	-148.3838
1015.000000	92.195	-147.6770
1030.000000	92.291	-147.0123
1044.000000	92.383	-146.4319
1060.000000	92.489	-145.8195
1075.000000	92.589	-145.2928
1090.000000	92.689	-144.8113
1106.000000	92.796	-144.3439
1120.000000	92.888	-143.9700
1138.000000	93.004	-143.5366
1150.000000	93.080	-143.2735
1172.000000	93.215	-142.8371
1180.000000	93.262	-142.6883
1206.000000	93.406	-142.2305
1220.000000	93.481	-142.0215
1241.000000	93.591	-141.7215
1250.000000	93.638	-141.5909
1265.000000	93.717	-141.3726
1280.000000	93.796	-141.1531
1315.000000	93.979	-140.6287
1320.000000	94.005	-140.5520
1340.000000	94.107	-140.2438
1360.000000	94.210	-139.9268
1380.000000	94.315	-139.6078
1400.000000	94.423	-139.2983
1430.000000	94.590	-138.8658
1450.000000	94.704	-138.6142
1475.000000	94.847	-138.3496
1500.000000	94.991	-138.1450
1525.000000	95.132	-138.0116
1550.000000	95.266	-137.9286
1575.000000	95.394	-137.8813
1600.000000	95.512	-137.8597
1625.000000	95.618	-137.8564
1650.000000	95.716	-137.8531
1675.000000	95.808	-137.8400
1700.000000	95.895	-137.8148
1725.000000	95.979	-137.7768
1750.000000	96.062	-137.7261
1775.000000	96.142	-137.6631
1800.000000	96.223	-137.5899
1825.000000	96.303	-137.5121
1850.000000	96.384	-137.4286
1875.000000	96.466	-137.3414
1900.000000	96.548	-137.2559
1925.000000	96.632	-137.1747
1950.000000	96.716	-137.1006
1975.000000	96.802	-137.0367
2000.000000	96.888	-136.9836
2030.000000	96.994	-136.9312
2060.000000	97.101	-136.8891
2090.000000	97.209	-136.8607
2120.000000	97.318	-136.8484
2140.000000	97.391	-136.8497
2180.000000	97.538	-136.8819
2200.000000	97.611	-136.9143
2240.000000	97.759	-137.0129
2270.000000	97.869	-137.1159
2300.000000	97.978	-137.2467
2330.000000	98.086	-137.4041
2360.000000	98.193	-137.5855
2400.000000	98.333	-137.8664
2430.000000	98.437	-138.1060
2470.000000	98.571	-138.4641
2500.000000	98.670	-138.7609
2540.000000	98.800	-139.1924
2580.000000	98.927	-139.6652
2620.000000	99.048	-140.1850
2650.000000	99.134	-140.5931
2690.000000	99.244	-141.1531
2720.000000	99.324	-141.5977
2760.000000	99.426	-142.2273
2800.000000	99.520	-142.8941
2850.000000	99.627	-143.7692
2900.000000	99.721	-144.6808
2950.000000	99.802	-145.6173
3000.000000	99.869	-146.5670
3040.000000	99.914	-147.3332
3070.000000	99.943	-147.9106
3110.000000	99.976	-148.6871
3150.000000	100.001	-149.4779
3200.000000	100.018	-150.4807
3250.000000	100.016	-151.4490
3300.000000	100.001	-152.3512
3350.000000	99.975	-153.2040
3400.000000	99.936	-153.9967
3450.000000	99.887	-154.6979
3500.000000	99.833	-155.2856
3550.000000	99.781	-155.7713
3600.000000	99.736	-156.1842
3650.000000	99.698	-156.5539
3700.000000	99.669	-156.9079
3750.000000	99.648	-157.2827
3820.000000	99.622	-157.8871
3870.000000	99.599	-158.3704
3950.000000	99.547	-159.1813
4000.000000	99.504	-159.6837
4060.000000	99.441	-160.2679
4120.000000	99.370	-160.8308
4180.000000	99.293	-161.3729
4250.000000	99.197	-161.9755
4310.000000	99.110	-162.4681
4370.000000	99.020	-162.9417
4440.000000	98.909	-163.4651
4500.000000	98.811	-163.8934
4550.000000	98.727	-164.2405
4620.000000	98.605	-164.7147
4680.000000	98.495	-165.1092
4750.000000	98.360	-165.5493
4820.000000	98.216	-165.9620
4870.000000	98.109	-166.2348
4940.000000	97.950	-166.5746
5000.000000	97.808	-166.8168
5080.000000	97.613	-167.0510
5150.000000	97.439	-167.1701
5220.000000	97.263	-167.2127
5300.000000	97.063	-167.1803
5380.000000	96.864	-167.0715
5450.000000	96.690	-166.9181
5520.000000	96.516	-166.7062
5600.000000	96.317	-166.3879
5700.000000	96.072	-165.8831
5800.000000	95.829	-165.2587
5900.000000	95.587	-164.4806
6000.000000	95.351	-163.4939
6080.000000	95.177	-162.5345
6150.000000	95.042	-161.5856
6220.000000	94.929	-160.5650
6300.000000	94.836	-159.3506
6400.000000	94.781	-157.8118
6500.000000	94.777	-156.2851
6600.000000	94.812	-154.7936
6700.000000	94.886	-153.3607
6800.000000	94.998	-152.0201
6900.000000	95.149	-150.7968
7000.000000	95.340	-149.7142
7100.000000	95.575	-148.8196
7200.000000	95.855	-148.1745
7300.000000	96.179	-147.8480
7400.000000	96.544	-147.9046
7500.000000	96.949	-148.4205
7620.000000	97.481	-149.8086
7750.000000	98.084	-152.4944
7880.000000	98.655	-156.6156
8000.000000	99.066	-161.7693
8120.000000	99.275	-168.1001
8250.000000	99.223	-175.8586
8380.000000	98.856	176.1626
8500.000000	98.257	169.2872
8620.000000	97.461	163.3740
8750.000000	96.463	158.3176
8850.000000	95.653	155.3834
9000.000000	94.441	152.3264
9120.000000	93.507	150.8191
9250.000000	92.548	149.9125
9380.000000	91.655	149.5946
9500.000000	90.890	149.6968
9620.000000	90.181	150.0867
9750.000000	89.473	150.7579
9880.000000	88.821	151.6229
10000.000000	88.265	152.5653
10150.000000	87.635	153.9269
10300.000000	87.075	155.4684
10440.000000	86.618	157.0540
10600.000000	86.183	158.9843
10750.000000	85.862	160.7929
10900.000000	85.627	162.4473
11060.000000	85.457	163.8817
11200.000000	85.352	164.7694
11380.000000	85.237	165.4274
11500.000000	85.150	165.6829
11720.000000	84.957	166.3121
11800.000000	84.890	166.7431
12060.000000	84.826	169.1773
12200.000000	84.976	170.9392
12410.000000	85.554	173.4118
12500.000000	85.949	174.1589
12650.000000	86.822	174.6509
12800.000000	87.972	173.7739
13150.000000	91.634	161.8088
13200.000000	92.202	158.3824
13400.000000	94.142	139.4364
13600.000000	94.842	114.0815
13800.000000	93.901	88.6514
14000.000000	91.846	68.7783
14300.000000	88.507	50.0666
14500.000000	86.750	41.4757
14750.000000	85.084	31.6964
15000.000000	83.816	21.7946
15250.000000	82.882	11.3453
15500.000000	82.281	-0.1166
15750.000000	82.041	-13.0840
16000.000000	82.246	-28.1199
16250.000000	82.964	-46.0366
16500.000000	84.083	-67.8914
16750.000000	85.370	-94.8508
17000.000000	86.415	-127.5577
17250.000000	86.703	-165.0201
17500.000000	85.948	155.5734
17750.000000	84.306	116.9673
18000.000000	82.183	79.9612
18250.000000	79.922	43.6277
18500.000000	77.680	6.4092
18750.000000	75.458	-33.2556
19000.000000	73.181	-76.7762
19250.000000	70.729	-125.3616
19500.000000	67.961	179.6443
19750.000000	64.856	115.9260
20000.000000	62.280	49.7161
