20	1.3638101722942169
20.290906698750476	1.3511702448114624
20.586044732869844	1.3384964273802606
20.885475648548283	1.3257415073477878
21.189261887185914	1.3128526098303743
21.49746679841394	1.299783168532408
21.810154653305165	1.286501665209373
22.12739065777668	1.2729950690828118
22.449240966187475	1.2592683005592642
22.77577269513385	1.2453413696556994
23.107053937445478	1.2312461700940731
23.44315377638505	1.217023541655795
23.784142300054445	1.2027206267093806
24.130090616010463	1.188388722454961
24.481070866093134	1.1740816952958417
24.837156241469714	1.1598546634098756
25.1984209978975	1.1457626434057089
25.56494047120865	1.131859556354324
25.936791093020236	1.1181974111706081
26.3140504066728	1.1048253477630747
26.69679708340074	1.091788868121796
27.08511093873791	1.0791292987709074
27.47907294916184	1.0668835715962681
27.878765268980047	1.0550841329364595
28.284271247461966	1.043759016800315
28.695675446220072	1.0329321357060257
29.11306365684382	1.0226233202351298
29.536522918790062	1.0128480986072899
29.966141537533712	1.0036174187552014
30.402009102982383	0.9949373815182027
30.844216508158908	0.9868090442859224
31.29285596815558	0.9792284137455703
31.74802103936409	0.9721868191733718
32.20980663898519	0.9656712548871323
32.67830906482211	0.9596650975510213
33.153626015361866	0.9541488582868188
33.63585661014871	0.9491005582450862
34.125101410453844	0.9444958810514628
34.62146244024586	0.94030831084645
35.12504320746613	0.93650920489256
35.635948725613716	0.933068167621474
36.15428553564419	0.9299536685990126
36.68016172818701	0.9271336466014592
37.21368696608603	0.9245760431634441
37.754972507267915	0.9222489258515905
38.30413122794313	0.9201204722013081
38.86127764614443	0.9181589642346495
39.4265279456077	0.916333062848006
40.000000000000206	0.9146121518109711
40.58181339750116	0.9129671416445804
41.1720894657399	0.9113709828633734
41.77095129709678	0.9097985324519552
42.37852377437204	0.9082263695405957
42.9949335968281	0.9066331777818493
43.62030930661056	0.905000230127143
44.25478131555359	0.903311293784908
44.89848193237519	0.9015522979858416
45.55154539026795	0.8997111215139352
46.21410787489121	0.8977774322263099
46.88630755277036	0.8957428745905657
47.56828460010916	0.8936011100616159
48.260181232021196	0.89134753865125
48.962141732186545	0.8889788572675278
49.674312482939705	0.8864930070741468
50.39684199579528	0.8838888314636201
51.129880942417586	0.8811658045084413
51.873582186040764	0.8783239711865107
52.628100813345895	0.8753638534381508
53.393594166801776	0.8722866130717082
54.17022187747612	0.8690943177779398
54.95814589832399	0.8657898429968943
55.75753053796041	0.8623768542494645
56.56854249492426	0.8588595288412809
57.39135089244048	0.8552420097223818
58.226127313687975	0.8515283541351042
59.073045837580466	0.8477227866982934
59.932283075067765	0.8438297965285767
60.804018205965114	0.8398539975526482
61.68843301631817	0.8358003300055493
62.58571193631152	0.8316739695991857
63.49604207872855	0.8274804603905531
64.41961327797075	0.8232257033680206
65.35661812964459	0.8189157149062494
66.3072520307241	0.8145566411999469
67.27171322029778	0.8101548456745439
68.25020282090806	0.80571663458775
69.2429248804921	0.8012481270247193
70.25008641493265	0.7967553811449113
71.27189745122783	0.7922442975509549
72.30857107128878	0.7877206189105229
73.36032345637442	0.7831894548429589
74.42737393217246	0.7786549625600409
75.50994501453623	0.7741204894177509
76.60826245588666	0.7695885002566657
77.72255529228926	0.7650606467092749
78.85305589121582	0.7605383158643446
80.00000000000082	0.756022976410677
81.16362679500274	0.7515162979029478
82.34417893148023	0.7470199062566465
83.541902594194	0.7425350474113441
84.75704754874454	0.7380624468280965
85.98986719365665	0.733602254868567
87.24061861322157	0.7291543262364306
88.50956263110764	0.7247185123712311
89.79696386475084	0.720294607172817
91.10309078053635	0.7158826608790436
92.42821574978288	0.711483190795378
93.77261510554118	0.7070971238644186
95.13656920021877	0.702725089608661
96.52036246404286	0.6983667792096442
97.92428346437356	0.694021436192151
99.34862496587989	0.6896878837925516
100.79368399159105	0.6853645659189258
102.25976188483567	0.681049799011039
103.74716437208203	0.6767418599373047
105.25620162669229	0.672438982750208
106.78718833360406	0.668139470699556
108.34044375495276	0.6638414940354688
109.9162917966485	0.6595429551626902
111.51506107592134	0.6552415271612146
113.13708498984903	0.6509342743432318
114.78270178488147	0.6466172356088031
116.45225462737648	0.6422857826526294
118.14609167516147	0.6379350434557752
119.86456615013608	0.6335598184134655
121.60803641193078	0.6291546118919387
123.3768660326369	0.6247141713463538
125.17142387262359	0.6202338935563957
126.99208415745765	0.6157088606556179
128.83922655594208	0.6111331854325867
130.71323625928977	0.606500068520695
132.61450406144883	0.6018025554524736
134.5434264405962	0.5970340893585186
136.50040564181674	0.5921884653619707
138.48584976098482	0.5872590284618199
140.50017282986593	0.5822384064100921
142.5437949024563	0.5771184708767676
144.61714214257822	0.5718904953140189
146.7206469127495	0.5665455982325589
148.8547478643456	0.5610748542825981
151.01989002907314	0.555468844063354
153.216524911774	0.5497176887480734
155.4451105845792	0.5438116798027176
157.70611178243232	0.5377420843826193
160.00000000000236	0.5315016995157528
162.3272535900062	0.5250849911835112
164.6883578629612	0.5184889295662555
167.08380518838874	0.5117131139573954
169.51409509748981	0.5047600383773279
171.97973438731407	0.4976361062930816
174.4812372264439	0.4903513394162367
177.01912526221608	0.48291912684021515
179.5939277295025	0.47535563942672254
182.20618156107355	0.4676796890049689
184.85643149956664	0.45991221668472315
187.54523021108326	0.45207622127154223
190.27313840043846	0.44419611905765444
193.04072492808663	0.43629798856070723
195.84856692874806	0.4284099937279817
198.69724993176072	0.42056212504331564
201.58736798318304	0.41278505863016196
204.5195237696723	0.40510947057982283
207.49432874416505	0.39756482619073363
210.5124032533856	0.3901782547354813
213.57437666720915	0.38297439616791384
216.68088750990657	0.37597520121813466
219.83258359329807	0.3692000188710634
223.03012215184378	0.3626658364110185
226.2741699796992	0.3563872718702732
229.5654035697641	0.3503754196619778
232.90450925475412	0.34463693636007353
236.2921833503241	0.3391743418135515
239.72913230027333	0.33398631599187245
243.21607282386276	0.3290675067215423
246.75373206527502	0.32440858108774917
250.34284774524843	0.3199967133492095
253.9841683149166	0.3158163637498768
257.67845311188546	0.3118503860692659
261.42647251858085	0.3080797581418694
265.22900812289896	0.3044838904483837
269.08685288119375	0.3010406993242156
273.0008112836349	0.2977265676580494
276.97169952197106	0.29451709385858676
281.00034565973334	0.29138676928894014
285.0875898049141	0.2883092774380043
289.23428428515797	0.2852576252469337
293.44129382550057	0.2822040984550461
297.7094957286928	0.2791215936704387
302.0397800581479	0.2759850057712756
306.4330498235497	0.27277136809601893
310.89022116916016	0.269459455631658
315.41222356486645	0.2660299619795302
320.00000000000654	0.2624656386500694
324.6545071800142	0.25875131288645886
329.3767157259242	0.25487368248065356
334.16761037677935	0.2508208095257007
339.02819019498156	0.24658038186260356
343.95946877463007	0.24213969275477099
348.9624744528898	0.23748684019210825
354.03825052443415	0.2326120723019344
359.187855459007	0.22750764403017326
364.4123631221491	0.22216722527768623
369.71286299913527	0.21658575590869356
375.0904604221685	0.2107593014892179
380.54627680087896	0.2046836568543205
386.08144985617537	0.19835481012046874
391.6971338574982	0.19176860660961811
397.3944998635236	0.18492014294195938
403.1747359663683	0.17780434033699044
409.0390475393468	0.1704166435564586
414.9886574883323	0.16275219215218148
421.0248065067734	0.15480454361916174
427.1487533344206	0.14656643038566194
433.3617750198154	0.13803177395758315
439.6651671865984	0.1291968137040574
446.06024430368984	0.12005955667971159
452.54833995940066	0.11061848631573691
459.13080713953053	0.10087295881556285
465.8090185095106	0.09082367624048235
472.58436670065066	0.08047273949720611
479.45826460054917	0.06982429108796095
486.432145647728	0.05888469321411395
493.50746413055253	0.0476643381027509
500.6856954904994	0.036179839960573
507.9683366298358	0.024457717857103593
515.3569062237735	0.012534149623910196
522.8529450371643	0.00045561275477450786
530.4580162458005	-0.011716899278298741
538.1737057623901	-0.02390925493271914
546.0016225672724	-0.036034531065584297
553.9433990439449	-0.0479905073426703
562.0006913194694	-0.05965842909183587
570.1751796098309	-0.07090122528302778
578.4685685703187	-0.08156552972256964
586.8825876510039	-0.09148621484099977
595.4189914573883	-0.10048812805279894
604.0795601162986	-0.10838831213236555
612.8660996471021	-0.11500083577505585
621.780442338323	-0.12014411565497729
630.8244471297356	-0.12364641776368002
640.0000000000159	-0.12534925712043807
649.3090143600314	-0.12511352012443122
658.7534314518515	-0.12282760463338871
668.3352207535618	-0.11841594529099858
678.0563803899662	-0.11184428338317248
687.9189375492632	-0.10312024260891922
697.9249489057827	-0.09229037320022104
708.0765010488715	-0.0794393951278542
718.3757109180171	-0.0646865501220528
728.8247262443015	-0.048178171678959436
739.425725998274	-0.030076184632615355
750.1809208443404	-0.010543344240854513
761.0925536017613	0.010265337812404823
772.1628997123541	0.032204957226789815
783.3942677149998	0.0551461128906625
794.7889997270506	0.07897196527525945
806.34947193274	0.10357225814801124
818.0780950786972	0.12883744112755008
829.9773149766683	0.15464774651242724
842.0496130135506	0.18085526167511887
854.2975066688449	0.20726306509335296
866.7235500396347	0.23360610202673715
879.3303343732008	0.25953552519024903
892.1204886073838	0.28460619574371365
905.0966799188055	0.30827211659735987
918.2616142790653	0.3298863192791738
931.6180370190256	0.3487103647313914
945.1687334013056	0.3639381236420325
958.9165292011028	0.3747343563234722
972.8642912954606	0.38028546659895424
987.0149282611097	0.3798569653296469
1001.3713909810035	0.3728518391280372
1015.9366732596762	0.35886986011388256
1030.7138124475518	0.33775163328393476
1045.7058900743334	0.3096013603883171
1060.916032491606	0.2747971726866781
1076.3474115247852	0.2339675090564015
1092.0032451345498	0.1879537960940726
1107.8867980878947	0.13775434680263993
1124.0013826389438	0.08444896270639624
1140.350359219667	0.029125615011000666
1156.9371371406426	-0.02718914264360401
1173.765175302013	-0.08358888788731228
1190.837982914782	-0.139323431895626
1208.1591202326028	-0.19381046727664403
1225.73219929421	-0.24661791736838706
1243.5608846766518	-0.29743792129244584
1261.648894259477	-0.34602994451596647
1280.0000000000375	-0.3921554769079665
1298.6180287200684	-0.4355173077027502
1317.5068629037087	-0.47572032541306897
1336.6704415071292	-0.5122619028689248
1356.112760779938	-0.5445724623961825
1375.8378750985323	-0.5720672861251513
1395.8498978115715	-0.5942168303021408
1416.153002097749	-0.6106285568889347
1436.7514218360407	-0.6211013328197899
1457.6494524886093	-0.6256390052304022
1478.8514519965543	-0.6244697816156461
1500.3618416886875	-0.6180379724287167
1522.1851072035295	-0.6069786684748113
1544.3257994247153	-0.5920715342574054
1566.788535430007	-0.574186756706997
1589.5779994541087	-0.5542182488472399
1612.6989438654878	-0.5330356217942711
1636.156190157402	-0.5114485045784626
1659.9546299533442	-0.49017592828167045
1684.099226027109	-0.4698197038159245
1708.5950133376978	-0.450851947408347
1733.4471000792773	-0.4336192814968707
1758.6606687464096	-0.41834513719797356
1784.2409772147755	-0.40513908970055446
1810.193359837619	-0.39401765558980756
1836.5232285581387	-0.38492373737311875
1863.2360740380593	-0.3777405664454885
1890.3374668026197	-0.372296283401061
1917.833058402214	-0.36836849413065
1945.7285825909298	-0.3656840540802885
1974.0298565222283	-0.36391543912181906
2002.7427819620161	-0.36267951994211517
2031.8733465193618	-0.36153206895008233
2061.4276248951132	-0.3600010283477728
2091.411780148677	-0.35761885803095583
2121.832064983222	-0.3539279272358736
2152.694823049581	-0.3485198910467509
2184.0064902691106	-0.3410732884570448
2215.7735961758003	-0.33139838463640114
2248.002765277899	-0.3194675919368211
2280.7007184393456	-0.30540718912490405
2313.874274281297	-0.2895034918804773
2347.530350604038	-0.2721961579244404
2381.6759658295764	-0.25403133759542407
2416.318240465218	-0.2355992145207094
2451.4643985884327	-0.21746274730383458
2487.1217693533167	-0.20008642237364044
2523.2977885189675	-0.1837843856623055
2560.0000000000887	-0.16869868839988658
2597.236057440151	-0.15480693357987538
2635.0137258074315	-0.14192443474546954
2673.340883014273	-0.1297225789716408
2712.225521559891	-0.11778449200462564
2751.6757501970797	-0.10567790179749258
2791.699795623158	-0.09301251678041458
2832.3060041955137	-0.07949924545660444
2873.502843672097	-0.0649666784589652
2915.2989049772345	-0.049351623984657665
2957.7029039931244	-0.032671681880262385
3000.723683377391	-0.01498682164774001
3044.370214407075	0.003635236781922733
3088.6515988494466	0.023147194666254103
3133.57707086003	0.043539506778886655
3179.1559989082334	0.06486269600410662
3225.3978877309914	0.0872256099835335
3272.3123803148205	0.11078736671543016
3319.9092599067053	0.13575779251092618
3368.198452054235	0.16242234970031008
3417.190026675413	0.19116367641460585
3466.8942001585724	0.2224828104462802
3517.3213374928373	0.25702686188399226
3568.4819544295697	0.2955650864071525
3620.386719675257	0.3388690281245075
3673.0464571162966	0.38753365653341054
3726.472148076138	0.4417806269430353
3780.6749336052594	0.5013430228494095
3835.6661168044484	0.5655294051605744
3891.45716518188	0.6333816631739043
3948.059713044477	0.703719423175509
4005.4855639240527	0.7751608316628514
4063.746693038744	0.8461525976203105
4122.855249790247	0.9149674248342419
4182.823560297375	0.9797804204848909
4243.664129966465	1.0387931088715419
4305.389646099183	1.0903927297113574
4368.012980538242	1.133395267989959
4431.5471923516225	1.1672153331027635
4496.00553055582	1.1919628416415116
4561.401436878714	1.2085192564099543
4627.748548562617	1.2186641884428056
4695.060701208099	1.2249743180076482
4763.351931659176	1.2306873948465022
4832.63648093046	1.2393566704075178
4902.928797176889	1.2544297317410014
4974.243538706657	1.2788476445396544
5046.595577037959	1.3147060069238512
5120.000000000202	1.3629594956266586
5194.472114880326	1.4234698118950053
5270.027451614888	1.4951504893420382
5346.6817660285715	1.5762105431072533
5424.451043119808	1.6644851798686044
5503.351500394186	1.757728228309951
5583.399591246343	1.8538057140242121
5664.612008391055	1.9507508033436556
5747.005687344222	2.04686686960977
5830.597809954497	2.1407757527001827
5915.405807986278	2.2314447535670117
6001.447366754812	2.3182076295010763
6088.740428814181	2.4007498509754757
6177.303197698925	2.4790625155567265
6267.154141720092	2.5532198154934487
6358.3119978165005	2.623262473549901
6450.795775462017	2.6890824204481687
6544.624760629676	2.7503840516068947
6639.818519813445	2.8066905120523757
6736.396904108505	2.8574370567707876
6834.380053350861	2.902098745122051
6933.788400317181	2.9401730875351824
7034.642674985712	2.971181535126147
7136.963908859177	2.9947961783189547
7240.773439350552	3.011020085534772
7346.092914232631	3.0202142252182624
7452.944296152315	3.0229951096758327
7561.349867210557	3.0202778737360645
7671.332233608935	3.01341390904003
7782.914330363799	3.004085361050488
7896.119426088994	2.9941287708819826
8010.971127848146	2.9854996480613423
8127.49338607753	2.9803692992883253
8245.710499580537	2.981039361580577
8365.647120594791	2.9900657220286386
8487.328259932974	3.010033205115553
8610.77929219841	3.0433227636067097
8736.025961076528	3.0915769871460403
8863.094384703289	3.15521798138316
8992.011061111683	3.2333270351281467
9122.802873757471	3.3239728658902026
9255.497097125279	3.424365683841782
9390.121402416245	3.5309790756516235
9526.7038633184	3.639336327572968
9665.272961860968	3.743349435707227
9805.857594353829	3.8348529629321098
9948.487077413367	3.9043736294162503
10093.19115407597	3.944503471330036
10240.000000000457	3.9561950602843163
10388.944229760706	3.954270562744816
10540.05490322983	3.9681279529685374
10693.363532057198	4.032931525724068
10848.902086239672	4.172835571297181
11006.703000788428	4.384250164001116
11166.799182492743	4.631568048991168
11329.224016782166	4.8602513095977375
11494.0113746885	5.016771857389804
11661.195619909053	5.064871813058055
11830.811615972614	4.9962114433675
12002.894733509682	4.815736675581115
12177.48085762842	4.536087748477321
12354.606395397908	4.170980346217724
12534.308283440243	3.743130260702651
12716.62399563306	3.2773511935254547
12901.591550924093	2.7976693467493012
13089.249521259411	2.324658439958998
13279.637039626952	1.8790035857795766
13472.793808217073	1.4798157301393797
13668.760106701786	1.1414528594933957
13867.576800634426	0.8720099558560688
14069.285349971487	0.6717878685239407
14273.927817718419	0.5338022410194554
14481.54687870117	0.4501307356364715
14692.18582846533	0.40763541859779084
14905.888592304698	0.38588598892385023
15122.699734421185	0.3643006310111364
15342.664467217943	0.32521883214835756
15565.828660727671	0.2548657214448492
15792.238852178061	0.14475438691706422
16021.942255696367	-0.007523437273260181
16254.986772155136	-0.19904747389562827
16491.42099916115	-0.42239766084095914
16731.294241189662	-0.6670259993664602
16974.65651986603	-0.922580098626454
17221.558584396902	-1.178570810449604
17472.051922153143	-1.4233785507474204
17726.188769406665	-1.6427869825805146
17984.022122223458	-1.820131931511954
18245.605747515034	-1.9348256984787189
18510.99419425065	-1.9612041536090576
18780.242804832582	-1.8816013685253252
19053.40772663689	-1.7441120522400124
19330.545923722028	-1.7860508967584818
19611.71518870775	-2.4613850045247765
19896.974154826825	-3.8982965507077894
20186.382308152035	-5.37205104986177