20	88.00588638304092
20.290906698750476	88.00421363453474
20.586044732869844	88.00254107176973
20.885475648548283	88.00086900393164
21.189261887185914	87.99919787998073
21.49746679841394	87.99752827823767
21.810154653305165	87.99586089603382
22.12739065777668	87.99419653945496
22.449240966187475	87.99253611321278
22.77577269513385	87.99088061068034
23.107053937445478	87.9892311041297
23.44315377638505	87.98758873520961
23.784142300054445	87.98595470570035
24.130090616010463	87.98433026858115
24.481070866093134	87.98271671944258
24.837156241469714	87.98111538827325
25.1984209978975	87.97952763164561
25.56494047120865	87.97795482532271
25.936791093020236	87.97639835730119
26.3140504066728	87.97485962130371
26.69679708340074	87.97334001072605
27.08511093873791	87.9718409130427
27.47907294916184	87.97036370466772
27.878765268980047	87.96890974626464
28.284271247461966	87.96748037849468
28.695675446220072	87.96607691818893
29.11306365684382	87.96470065492706
29.536522918790062	87.96335284800176
29.966141537533712	87.96203472374664
30.402009102982383	87.96074747320192
30.844216508158908	87.95949225009288
31.29285596815558	87.95827016909301
31.74802103936409	87.95708230434515
32.20980663898519	87.95592968821276
32.67830906482211	87.95481331023468
33.153626015361866	87.95373411625727
33.63585661014871	87.95269300771982
34.125101410453844	87.95169084106996
34.62146244024586	87.95072842728895
35.12504320746613	87.94980653150806
35.635948725613716	87.9489258727007
36.15428553564419	87.94808712343769
36.68016172818701	87.947290909696
37.21368696608603	87.94653781071435
37.754972507267915	87.94582835889283
38.30413122794313	87.9451630397371
38.86127764614443	87.94454229185064
39.4265279456077	87.94396650698292
40.000000000000206	87.94343603014435
40.58181339750116	87.94295115980158
41.1720894657399	87.94251214817183
41.77095129709678	87.94211920163633
42.37852377437204	87.94177248129681
42.9949335968281	87.94147210370144
43.62030930661056	87.94121814176967
44.25478131555359	87.94101062594618
44.89848193237519	87.94084954561775
45.55154539026795	87.9407348508262
46.21410787489121	87.94066645431305
46.88630755277036	87.94064423393043
47.56828460010916	87.94066803545324
48.260181232021196	87.94073767582628
48.962141732186545	87.94085294687791
49.674312482939705	87.94101361953042
50.39684199579528	87.94121944853323
51.129880942417586	87.9414701777415
51.873582186040764	87.94176554595872
52.628100813345895	87.94210529335575
53.393594166801776	87.94248916847356
54.17022187747612	87.94291693581056
54.95814589832399	87.94338838398804
55.75753053796041	87.94390333448025
56.56854249492426	87.94446165088785
57.39135089244048	87.94506324872512
58.226127313687975	87.94570810568374
59.073045837580466	87.94639627232718
59.932283075067765	87.9471278831619
60.804018205965114	87.9479031680231
61.68843301631817	87.94872246370537
62.58571193631152	87.94958622576074
63.49604207872855	87.95049504038009
64.41961327797075	87.9514496362667
65.35661812964459	87.95245089640581
66.3072520307241	87.95349986962808
67.27171322029778	87.95459778186166
68.25020282090806	87.95574604696314
69.2429248804921	87.95694627701641
70.25008641493265	87.95820029198637
71.27189745122783	87.95951012861494
72.30857107128878	87.96087804844761
73.36032345637442	87.96230654488068
74.42737393217246	87.96379834912332
75.50994501453623	87.96535643497319
76.60826245588666	87.96698402230957
77.72255529228926	87.96868457921616
78.85305589121582	87.97046182265316
80.00000000000082	87.97231971760782
81.16362679500274	87.97426247466326
82.34417893148023	87.97629454593681
83.541902594194	87.97842061935091
84.75704754874454	87.98064561121379
85.98986719365665	87.98297465709959
87.24061861322157	87.98541310103323
88.50956263110764	87.98796648299898
89.79696386475084	87.99064052480792
91.10309078053635	87.99344111437347
92.42821574978288	87.99637428846059
93.77261510554118	87.99944621398828
95.13656920021877	88.00266316798063
96.52036246404286	88.00603151627494
97.92428346437356	88.00955769111043
99.34862496587989	88.0132481677315
100.79368399159105	88.01710944015394
102.25976188483567	88.02114799625
103.74716437208203	88.02537029231975
105.25620162669229	88.02978272732166
106.78718833360406	88.03439161694205
108.34044375495276	88.0392031676869
109.9162917966485	88.04422345118097
111.51506107592134	88.04945837885946
113.13708498984903	88.05491367723633
114.78270178488147	88.06059486392778
116.45225462737648	88.066507224606
118.14609167516147	88.07265579104961
119.86456615013608	88.07904532044901
121.60803641193078	88.08568027611561
123.3768660326369	88.09256480973221
125.17142387262359	88.09970274527059
126.99208415745765	88.10709756469122
128.83922655594208	88.1147523955259
130.71323625928977	88.12267000043386
132.61450406144883	88.13085276880763
134.5434264405962	88.13930271049385
136.50040564181674	88.14802145168194
138.48584976098482	88.15701023300079
140.50017282986593	88.16626990985195
142.5437949024563	88.1758009549958
144.61714214257822	88.18560346339402
146.7206469127495	88.19567715929954
148.8547478643456	88.20602140557143
151.01989002907314	88.21663521517982
153.216524911774	88.2275172648507
155.4451105845792	88.23866591078901
157.70611178243232	88.25007920640316
160.00000000000236	88.26175492194257
162.3272535900062	88.27369056594789
164.6883578629612	88.28588340840285
167.08380518838874	88.29833050546807
169.51409509748981	88.31102872567163
171.97973438731407	88.32397477742563
174.4812372264439	88.33716523773815
177.01912526221608	88.35059658199081
179.5939277295025	88.36426521465673
182.20618156107355	88.37816750084076
184.85643149956664	88.3922997985336
187.54523021108326	88.40665849148218
190.27313840043846	88.4212400225921
193.04072492808663	88.43604092779083
195.84856692874806	88.45105787029267
198.69724993176072	88.4662876752198
201.58736798318304	88.48172736454052
204.5195237696723	88.49737419229402
207.49432874416505	88.51322568007123
210.5124032533856	88.52927965271756
213.57437666720915	88.54553427421344
216.68088750990657	88.56198808367112
219.83258359329807	88.57864003136142
223.03012215184378	88.59548951465054
226.2741699796992	88.61253641368745
229.5654035697641	88.62978112663302
232.90450925475412	88.64722460416706
236.2921833503241	88.66486838294912
239.72913230027333	88.68271461764338
243.21607282386276	88.70076611105198
246.75373206527502	88.71902634183387
250.34284774524843	88.73749948922374
253.9841683149166	88.75619045410704
257.67845311188546	88.77510487575917
261.42647251858085	88.79424914351863
265.22900812289896	88.813630402642
269.08685288119375	88.83325655358148
273.0008112836349	88.85313624393966
276.97169952197106	88.87327885238838
281.00034565973334	88.89369446389468
285.0875898049141	88.91439383567267
289.23428428515797	88.93538835337989
293.44129382550057	88.95668997719467
297.7094957286928	88.97831117755034
302.0397800581479	89.00026486045535
306.4330498235497	89.02256428249684
310.89022116916016	89.04522295580139
315.41222356486645	89.06825454341032
320.00000000000654	89.09167274571035
324.6545071800142	89.11549117874219
329.3767157259242	89.13972324538408
334.16761037677935	89.16438200057173
339.02819019498156	89.18948001186749
343.95946877463007	89.21502921682634
348.9624744528898	89.24104077872585
354.03825052443415	89.26752494232674
359.187855459007	89.29449089141328
364.4123631221491	89.3219466099275
369.71286299913527	89.34989874855803
375.0904604221685	89.37835249867484
380.54627680087896	89.40731147551455
386.08144985617537	89.43677761251779
391.6971338574982	89.4667510686973
397.3944998635236	89.49723015087298
403.1747359663683	89.5282112525434
409.0390475393468	89.55968881106972
414.9886574883323	89.59165528472357
421.0248065067734	89.62410115099156
427.1487533344206	89.6570149273348
433.3617750198154	89.69038321536856
439.6651671865984	89.72419076915816
446.06024430368984	89.75842058802263
452.54833995940066	89.79305403390474
459.13080713953053	89.82807097300926
465.8090185095106	89.86344994104158
472.58436670065066	89.89916833100366
479.45826460054917	89.93520260213803
486.432145647728	89.9715285082604
493.50746413055253	90.00812134340217
500.6856954904994	90.04495620240272
507.9683366298358	90.08200825385723
515.3569062237735	90.11925302264532
522.8529450371643	90.15666667914293
530.4580162458005	90.19422633215444
538.1737057623901	90.23191032259638
546.0016225672724	90.26969851501143
553.9433990439449	90.30757258408852
562.0006913194694	90.34551629350474
570.1751796098309	90.38351576457767
578.4685685703187	90.42155973241569
586.8825876510039	90.45963978746634
595.4189914573883	90.49775060058158
604.0795601162986	90.53589012993044
612.8660996471021	90.57405980828902
621.780442338323	90.61226470941243
630.8244471297356	90.65051369233781
640.0000000000159	90.68881952258054
649.3090143600314	90.72719896925815
658.7534314518515	90.76567287721846
668.3352207535618	90.80426621325684
678.0563803899662	90.84300808549801
687.9189375492632	90.8819317349977
697.9249489057827	90.92107449860977
708.0765010488715	90.96047774217857
718.3757109180171	91.00018676317953
728.8247262443015	91.04025066205894
739.425725998274	91.08072218173864
750.1809208443404	91.12165751506483
761.0925536017613	91.16311608040546
772.1628997123541	91.20516026614109
783.3942677149998	91.24785514544439
794.7889997270506	91.29126816349776
806.34947193274	91.33546880013435
818.0780950786972	91.38052821178142
829.9773149766683	91.42651885750467
842.0496130135506	91.47351411486075
854.2975066688449	91.5215878921206
866.7235500396347	91.57081424418783
879.3303343732008	91.62126700015807
892.1204886073838	91.67301941090967
905.0966799188055	91.72614382534168
918.2616142790653	91.7807114038509
931.6180370190256	91.83679187734467
945.1687334013056	91.89445335949493
958.9165292011028	91.95376221905674
972.8642912954606	92.01478301789547
987.0149282611097	92.07757851891336
1001.3713909810035	92.14220976636372
1015.9366732596762	92.20873623912512
1030.7138124475518	92.27721607543134
1045.7058900743334	92.34770636536842
1060.916032491606	92.42026350522444
1076.3474115247852	92.49494360558062
1092.0032451345498	92.571802942938
1107.8867980878947	92.65089844275863
1124.0013826389438	92.73228818013995
1140.350359219667	92.81603188300818
1156.9371371406426	92.90219142177746
1173.765175302013	92.9908312689302
1190.837982914782	93.08201891197419
1208.1591202326028	93.17582520374421
1225.73219929421	93.27232463504293
1243.5608846766518	93.37159551613831
1261.648894259477	93.47372005560513
1280.0000000000375	93.57878432735156
1298.6180287200684	93.68687811931704
1317.5068629037087	93.7980946601568
1336.6704415071292	93.91253022311136
1356.112760779938	94.03028360905637
1375.8378750985323	94.15145551327835
1395.8498978115715	94.27614778266536
1416.153002097749	94.40446257157197
1436.7514218360407	94.53650140546846
1457.6494524886093	94.67236416149194
1478.8514519965543	94.81214797411393
1500.3618416886875	94.95594607231818
1522.1851072035295	95.10384655203559
1544.3257994247153	95.25593108428467
1566.788535430007	95.41227355581015
1589.5779994541087	95.57293863536783
1612.6989438654878	95.73798025562071
1636.156190157402	95.90743999836077
1659.9546299533442	96.081345369908
1684.099226027109	96.25970795444445
1708.5950133376978	96.44252143596273
1733.4471000792773	96.6297594845251
1758.6606687464096	96.82137350951065
1784.2409772147755	97.01729029114595
1810.193359837619	97.21740951136499
1836.5232285581387	97.42160121529449
1863.2360740380593	97.62970324473267
1890.3374668026197	97.8415186942136
1917.833058402214	98.05681344804468
1945.7285825909298	98.27531386261226
1974.0298565222283	98.49670466196424
2002.7427819620161	98.72062711605484
2031.8733465193618	98.94667757010981
2061.4276248951132	99.17440639053132
2091.411780148677	99.40331738796078
2121.832064983222	99.63286777201128
2152.694823049581	99.86246868526759
2184.0064902691106	100.09148635688328
2215.7735961758003	100.3192439087818
2248.002765277899	100.54502384017673
2280.7007184393456	100.76807120869394
2313.874274281297	100.98759751842964
2347.530350604038	101.20278531634337
2381.6759658295764	101.41279348806417
2416.318240465218	101.61676323231873
2451.4643985884327	101.81382467995734
2487.1217693533167	102.00310410948252
2523.2977885189675	102.18373169682049
2560.0000000000887	102.35484972354713
2597.236057440151	102.51562115537878
2635.0137258074315	102.66523849157555
2673.340883014273	102.80293277576398
2712.225521559891	102.92798264921637
2751.6757501970797	103.03972331865562
2791.699795623158	103.1375553023949
2832.3060041955137	103.22095281172663
2873.502843672097	103.28947161984362
2915.2989049772345	103.34275626902182
2957.7029039931244	103.38054646869483
3000.723683377391	103.40268254212432
3044.370214407075	103.4091097867498
3088.6515988494466	103.39988162185746
3133.57707086003	103.37516140608905
3179.1559989082334	103.33522281650606
3225.3978877309914	103.28044869163377
3272.3123803148205	103.2113282556461
3319.9092599067053	103.12845266311407
3368.198452054235	103.03250883735821
3417.190026675413	102.92427162360816
3466.8942001585724	102.80459434230444
3517.3213374928373	102.67439790651923
3568.4819544295697	102.53465875539924
3620.386719675257	102.38639594342011
3673.0464571162966	102.23065780015368
3726.472148076138	102.06850862222808
3780.6749336052594	101.90101586402028
3835.6661168044484	101.72923824667987
3891.45716518188	101.5542151052115
3948.059713044477	101.37695715103048
4005.4855639240527	101.19843866538143
4063.746693038744	101.01959098910743
4122.855249790247	100.84129707040105
4182.823560297375	100.66438680100576
4243.664129966465	100.48963292359925
4305.389646099183	100.31774741893047
4368.012980538242	100.14937845165656
4431.5471923516225	99.98510812757999
4496.00553055582	99.82545144914519
4561.401436878714	99.67085691573912
4627.748548562617	99.52170918050065
4695.060701208099	99.37833404326148
4763.351931659176	99.24100584354724
4832.63648093046	99.10995704521197
4902.928797176889	98.98538951156537
4974.243538706657	98.86748669777825
5046.595577037959	98.7564257760085
5120.000000000202	98.65238859085376
5194.472114880326	98.55557033789212
5270.027451614888	98.46618496887638
5346.6817660285715	98.38446653959085
5424.451043119808	98.31066600315656
5503.351500394186	98.24504327704675
5583.399591246343	98.18785473796069
5664.612008391055	98.13933659083322
5747.005687344222	98.09968479443114
5830.597809954497	98.0690324025162
5915.405807986278	98.04742531164078
6001.447366754812	98.03479751898777
6088.740428814181	98.03094710302726
6177.303197698925	98.03551423839146
6267.154141720092	98.04796260779257
6358.3119978165005	98.06756552703176
6450.795775462017	98.09339791671452
6544.624760629676	98.1243349399704
6639.818519813445	98.15905773523485
6736.396904108505	98.1960662999145
6834.380053350861	98.2336993176863
6933.788400317181	98.2701606214022
7034.642674985712	98.30355202802511
7136.963908859177	98.33191238040573
7240.773439350552	98.35326263991821
7346.092914232631	98.36565665119458
7452.944296152315	98.36723667459835
7561.349867210557	98.35629201092554
7671.332233608935	98.33131820522863
7782.914330363799	98.29107363055839
7896.119426088994	98.23462986164412
8010.971127848146	98.16141215653204
8127.49338607753	98.07122645803702
8245.710499580537	97.96426947654759
8365.647120594791	97.84111861216422
8487.328259932974	97.7026989788759
8610.77929219841	97.55022621525886
8736.025961076528	97.38512684090296
8863.094384703289	97.20894283255329
8992.011061111683	97.02323269243381
9122.802873757471	96.82948497663124
9255.497097125279	96.62905920482645
9390.121402416245	96.42316216538525
9526.7038633184	96.21285686653198
9665.272961860968	95.9990914230512
9805.857594353829	95.78273082915146
9948.487077413367	95.5645778567442
10093.19115407597	95.34537823760235
10240.000000000457	95.12581530997156
10388.944229760706	94.9065060899972
10540.05490322983	94.68801199494152
10693.363532057198	94.47087325834097
10848.902086239672	94.255668048789
11006.703000788428	94.04308774164849
11166.799182492743	93.83401120339884
11329.224016782166	93.62955575374534
11494.0113746885	93.43108263808375
11661.195619909053	93.24014134211832
11830.811615972614	93.05834933275273
12002.894733509682	92.88721931816175
12177.48085762842	92.72796060276806
12354.606395397908	92.58128985415715
12534.308283440243	92.4472872330985
12716.62399563306	92.32532844014655
12901.591550924093	92.2141158900787
13089.249521259411	92.11182198389704
13279.637039626952	92.01633474936584
13472.793808217073	91.92555333520687
13668.760106701786	91.83763302934189
13867.576800634426	91.75106796220469
14069.285349971487	91.66455702598044
14273.927817718419	91.57670509697631
14481.54687870117	91.4856998131559
14692.18582846533	91.38911679600022
14905.888592304698	91.28394702668675
15122.699734421185	91.16685521115713
15342.664467217943	91.03459525197033
15565.828660727671	90.88442449835007
15792.238852178061	90.71429135164661
16021.942255696367	90.52259105968673
16254.986772155136	90.30743563575315
16491.42099916115	90.06559145819224
16731.294241189662	89.79135309346417
16974.65651986603	89.47556907261105
17221.558584396902	89.10489563825948
17472.051922153143	88.66129346727531
17726.188769406665	88.12191143901101
17984.022122223458	87.45978502447834
18245.605747515034	86.64602794283965
18510.99419425065	85.65413215489737
18780.242804832582	84.46632089449459
19053.40772663689	83.0805496072569
19330.545923722028	81.51529851421037
19611.71518870775	79.80902578821643
19896.974154826825	78.01283637858893
20186.382308152035	76.17735503358027